:Data_list: 20120616_Gp_xr_1m.txt
:Created: 2012 Jun 17 0010 UTC
# Prepared by the U.S. Dept. of Commerce, NOAA, Space Weather Prediction Center
# Please send comments and suggestions to SWPC.Webmaster@noaa.gov 
# 
# Label: Short = 0.05- 0.4 nanometer
# Label: Long  = 0.1 - 0.8 nanometer
# Units: Short = Watts per meter squared
# Units: Long  = Watts per meter squared
# Source: GOES-15
# Location: W135
# Missing data: -1.00e+05
#
#         1-minute GOES-15 Solar X-ray Flux
# 
#                 Modified Seconds
# UTC Date  Time   Julian  of the
# YR MO DA  HHMM    Day     Day       Short       Long
#-------------------------------------------------------
2012 06 16  0000   56094      0     1.00e-09    4.46e-07
2012 06 16  0001   56094     60     1.73e-09    4.42e-07
2012 06 16  0002   56094    120     1.34e-09    4.39e-07
2012 06 16  0003   56094    180     1.04e-09    4.40e-07
2012 06 16  0004   56094    240     1.04e-09    4.42e-07
2012 06 16  0005   56094    300     1.22e-09    4.38e-07
2012 06 16  0006   56094    360     1.12e-09    4.39e-07
2012 06 16  0007   56094    420     1.02e-09    4.47e-07
2012 06 16  0008   56094    480     1.14e-09    4.52e-07
2012 06 16  0009   56094    540     1.04e-09    4.51e-07
2012 06 16  0010   56094    600     1.00e-09    4.53e-07
2012 06 16  0011   56094    660     1.00e-09    4.62e-07
2012 06 16  0012   56094    720     2.36e-09    4.78e-07
2012 06 16  0013   56094    780     4.33e-09    4.96e-07
2012 06 16  0014   56094    840     2.58e-09    4.99e-07
2012 06 16  0015   56094    900     3.91e-09    4.95e-07
2012 06 16  0016   56094    960     2.04e-09    4.89e-07
2012 06 16  0017   56094   1020     1.23e-09    4.85e-07
2012 06 16  0018   56094   1080     2.09e-09    4.77e-07
2012 06 16  0019   56094   1140     1.06e-09    4.71e-07
2012 06 16  0020   56094   1200     3.38e-09    4.69e-07
2012 06 16  0021   56094   1260     1.27e-09    4.68e-07
2012 06 16  0022   56094   1320     1.35e-09    4.67e-07
2012 06 16  0023   56094   1380     2.80e-09    4.65e-07
2012 06 16  0024   56094   1440     2.72e-09    4.61e-07
2012 06 16  0025   56094   1500     3.56e-09    4.52e-07
2012 06 16  0026   56094   1560     3.47e-09    4.44e-07
2012 06 16  0027   56094   1620     2.83e-09    4.33e-07
2012 06 16  0028   56094   1680     2.11e-09    4.51e-07
2012 06 16  0029   56094   1740     1.16e-09    4.47e-07
2012 06 16  0030   56094   1800     1.25e-09    4.34e-07
2012 06 16  0031   56094   1860     1.02e-09    4.33e-07
2012 06 16  0032   56094   1920     1.00e-09    4.33e-07
2012 06 16  0033   56094   1980     1.00e-09    4.28e-07
2012 06 16  0034   56094   2040     1.00e-09    4.24e-07
2012 06 16  0035   56094   2100     1.00e-09    4.24e-07
2012 06 16  0036   56094   2160     1.60e-09    4.24e-07
2012 06 16  0037   56094   2220     2.17e-09    4.25e-07
2012 06 16  0038   56094   2280     1.54e-09    4.28e-07
2012 06 16  0039   56094   2340     1.46e-09    4.28e-07
2012 06 16  0040   56094   2400     1.00e-09    4.28e-07
2012 06 16  0041   56094   2460     1.02e-09    4.29e-07
2012 06 16  0042   56094   2520     1.57e-09    4.47e-07
2012 06 16  0043   56094   2580     2.30e-09    4.54e-07
2012 06 16  0044   56094   2640     3.34e-09    4.68e-07
2012 06 16  0045   56094   2700     1.55e-08    5.86e-07
2012 06 16  0046   56094   2760     8.29e-08    1.11e-06
2012 06 16  0047   56094   2820     2.28e-07    2.09e-06
2012 06 16  0048   56094   2880     2.78e-07    2.47e-06
2012 06 16  0049   56094   2940     1.78e-07    1.90e-06
2012 06 16  0050   56094   3000     1.03e-07    1.42e-06
2012 06 16  0051   56094   3060     3.68e-08    9.24e-07
2012 06 16  0052   56094   3120     8.44e-09    6.23e-07
2012 06 16  0053   56094   3180     5.47e-09    5.35e-07
2012 06 16  0054   56094   3240     5.29e-09    5.17e-07
2012 06 16  0055   56094   3300     4.18e-09    5.07e-07
2012 06 16  0056   56094   3360     3.64e-09    5.05e-07
2012 06 16  0057   56094   3420     2.87e-09    5.00e-07
2012 06 16  0058   56094   3480     4.41e-09    4.95e-07
2012 06 16  0059   56094   3540     3.87e-09    4.88e-07
2012 06 16  0100   56094   3600     1.74e-09    4.90e-07
2012 06 16  0101   56094   3660     1.78e-09    4.94e-07
2012 06 16  0102   56094   3720     2.30e-09    4.96e-07
2012 06 16  0103   56094   3780     1.42e-09    4.99e-07
2012 06 16  0104   56094   3840     2.44e-09    4.99e-07
2012 06 16  0105   56094   3900     3.17e-09    5.05e-07
2012 06 16  0106   56094   3960     3.41e-09    5.04e-07
2012 06 16  0107   56094   4020     1.38e-09    5.08e-07
2012 06 16  0108   56094   4080     3.38e-09    5.06e-07
2012 06 16  0109   56094   4140     5.12e-09    5.10e-07
2012 06 16  0110   56094   4200     4.03e-09    5.21e-07
2012 06 16  0111   56094   4260     6.10e-09    5.29e-07
2012 06 16  0112   56094   4320     4.95e-09    5.39e-07
2012 06 16  0113   56094   4380     4.72e-09    5.51e-07
2012 06 16  0114   56094   4440     5.14e-09    5.48e-07
2012 06 16  0115   56094   4500     3.79e-09    5.45e-07
2012 06 16  0116   56094   4560     4.95e-09    5.48e-07
2012 06 16  0117   56094   4620     2.64e-09    5.45e-07
2012 06 16  0118   56094   4680     3.39e-09    5.49e-07
2012 06 16  0119   56094   4740     5.02e-09    5.66e-07
2012 06 16  0120   56094   4800     8.18e-09    5.94e-07
2012 06 16  0121   56094   4860     1.30e-08    6.54e-07
2012 06 16  0122   56094   4920     2.61e-08    7.59e-07
2012 06 16  0123   56094   4980     3.65e-08    8.50e-07
2012 06 16  0124   56094   5040     3.77e-08    8.79e-07
2012 06 16  0125   56094   5100     3.38e-08    8.84e-07
2012 06 16  0126   56094   5160     3.20e-08    8.77e-07
2012 06 16  0127   56094   5220     2.76e-08    8.64e-07
2012 06 16  0128   56094   5280     2.49e-08    8.46e-07
2012 06 16  0129   56094   5340     2.15e-08    8.26e-07
2012 06 16  0130   56094   5400     2.02e-08    8.20e-07
2012 06 16  0131   56094   5460     1.67e-08    7.92e-07
2012 06 16  0132   56094   5520     1.62e-08    7.67e-07
2012 06 16  0133   56094   5580     1.29e-08    7.50e-07
2012 06 16  0134   56094   5640     1.35e-08    7.31e-07
2012 06 16  0135   56094   5700     9.94e-09    7.05e-07
2012 06 16  0136   56094   5760     9.60e-09    6.81e-07
2012 06 16  0137   56094   5820     6.77e-09    6.62e-07
2012 06 16  0138   56094   5880     3.77e-09    6.37e-07
2012 06 16  0139   56094   5940     3.45e-09    6.17e-07
2012 06 16  0140   56094   6000     2.34e-09    6.03e-07
2012 06 16  0141   56094   6060     3.54e-09    5.99e-07
2012 06 16  0142   56094   6120     4.56e-09    5.92e-07
2012 06 16  0143   56094   6180     5.71e-09    5.98e-07
2012 06 16  0144   56094   6240     4.57e-09    5.95e-07
2012 06 16  0145   56094   6300     3.52e-09    5.82e-07
2012 06 16  0146   56094   6360     4.29e-09    5.76e-07
2012 06 16  0147   56094   6420     3.24e-09    5.64e-07
2012 06 16  0148   56094   6480     2.99e-09    5.51e-07
2012 06 16  0149   56094   6540     1.20e-09    5.37e-07
2012 06 16  0150   56094   6600     1.12e-09    5.27e-07
2012 06 16  0151   56094   6660     1.31e-09    5.20e-07
2012 06 16  0152   56094   6720     1.38e-09    5.07e-07
2012 06 16  0153   56094   6780     2.23e-09    4.98e-07
2012 06 16  0154   56094   6840     1.16e-09    4.91e-07
2012 06 16  0155   56094   6900     1.00e-09    4.88e-07
2012 06 16  0156   56094   6960     1.93e-09    4.90e-07
2012 06 16  0157   56094   7020     1.62e-09    4.90e-07
2012 06 16  0158   56094   7080     1.08e-09    4.82e-07
2012 06 16  0159   56094   7140     1.02e-09    4.78e-07
2012 06 16  0200   56094   7200     1.27e-09    4.79e-07
2012 06 16  0201   56094   7260     1.04e-09    4.75e-07
2012 06 16  0202   56094   7320     1.08e-09    4.76e-07
2012 06 16  0203   56094   7380     1.89e-09    4.95e-07
2012 06 16  0204   56094   7440     3.72e-09    5.18e-07
2012 06 16  0205   56094   7500     2.89e-09    5.07e-07
2012 06 16  0206   56094   7560     4.91e-09    5.15e-07
2012 06 16  0207   56094   7620     5.76e-09    5.16e-07
2012 06 16  0208   56094   7680     6.75e-09    5.08e-07
2012 06 16  0209   56094   7740     5.71e-09    5.13e-07
2012 06 16  0210   56094   7800     6.02e-09    5.21e-07
2012 06 16  0211   56094   7860     4.28e-09    5.36e-07
2012 06 16  0212   56094   7920     5.21e-09    5.33e-07
2012 06 16  0213   56094   7980     3.56e-09    5.32e-07
2012 06 16  0214   56094   8040     2.50e-09    5.30e-07
2012 06 16  0215   56094   8100     2.92e-09    5.27e-07
2012 06 16  0216   56094   8160     2.65e-09    5.25e-07
2012 06 16  0217   56094   8220     3.53e-09    5.28e-07
2012 06 16  0218   56094   8280     3.66e-09    5.25e-07
2012 06 16  0219   56094   8340     3.37e-09    5.21e-07
2012 06 16  0220   56094   8400     6.79e-09    5.29e-07
2012 06 16  0221   56094   8460     5.54e-09    5.55e-07
2012 06 16  0222   56094   8520     8.60e-09    5.99e-07
2012 06 16  0223   56094   8580     1.31e-08    6.51e-07
2012 06 16  0224   56094   8640     1.22e-08    6.79e-07
2012 06 16  0225   56094   8700     1.16e-08    6.89e-07
2012 06 16  0226   56094   8760     1.17e-08    6.79e-07
2012 06 16  0227   56094   8820     9.59e-09    6.65e-07
2012 06 16  0228   56094   8880     8.94e-09    6.55e-07
2012 06 16  0229   56094   8940     8.14e-09    6.41e-07
2012 06 16  0230   56094   9000     6.60e-09    6.28e-07
2012 06 16  0231   56094   9060     6.10e-09    6.25e-07
2012 06 16  0232   56094   9120     5.21e-09    6.23e-07
2012 06 16  0233   56094   9180     6.87e-09    6.16e-07
2012 06 16  0234   56094   9240     3.07e-09    6.08e-07
2012 06 16  0235   56094   9300     2.26e-09    6.01e-07
2012 06 16  0236   56094   9360     4.91e-09    5.96e-07
2012 06 16  0237   56094   9420     6.37e-09    5.91e-07
2012 06 16  0238   56094   9480     3.59e-09    5.89e-07
2012 06 16  0239   56094   9540     3.37e-09    5.80e-07
2012 06 16  0240   56094   9600     1.76e-09    5.66e-07
2012 06 16  0241   56094   9660     1.70e-09    5.56e-07
2012 06 16  0242   56094   9720     3.77e-09    5.52e-07
2012 06 16  0243   56094   9780     1.47e-09    5.48e-07
2012 06 16  0244   56094   9840     1.66e-09    5.48e-07
2012 06 16  0245   56094   9900     2.09e-09    5.53e-07
2012 06 16  0246   56094   9960     2.42e-09    5.51e-07
2012 06 16  0247   56094  10020     2.77e-09    5.38e-07
2012 06 16  0248   56094  10080     1.73e-09    5.27e-07
2012 06 16  0249   56094  10140     1.24e-09    5.23e-07
2012 06 16  0250   56094  10200     1.22e-09    5.21e-07
2012 06 16  0251   56094  10260     1.21e-09    5.18e-07
2012 06 16  0252   56094  10320     1.06e-09    5.19e-07
2012 06 16  0253   56094  10380     1.03e-09    5.16e-07
2012 06 16  0254   56094  10440     1.00e-09    5.13e-07
2012 06 16  0255   56094  10500     1.00e-09    5.07e-07
2012 06 16  0256   56094  10560     1.00e-09    5.00e-07
2012 06 16  0257   56094  10620     1.02e-09    4.96e-07
2012 06 16  0258   56094  10680     2.46e-09    4.94e-07
2012 06 16  0259   56094  10740     3.83e-09    4.84e-07
2012 06 16  0300   56094  10800     1.74e-09    4.78e-07
2012 06 16  0301   56094  10860     1.88e-09    4.78e-07
2012 06 16  0302   56094  10920     2.13e-09    4.67e-07
2012 06 16  0303   56094  10980     1.04e-09    4.64e-07
2012 06 16  0304   56094  11040     1.00e-09    4.61e-07
2012 06 16  0305   56094  11100     1.00e-09    4.57e-07
2012 06 16  0306   56094  11160     2.09e-09    4.52e-07
2012 06 16  0307   56094  11220     4.79e-09    4.49e-07
2012 06 16  0308   56094  11280     4.76e-09    4.44e-07
2012 06 16  0309   56094  11340     4.25e-09    4.40e-07
2012 06 16  0310   56094  11400     2.81e-09    4.42e-07
2012 06 16  0311   56094  11460     1.70e-09    4.42e-07
2012 06 16  0312   56094  11520     1.28e-09    4.46e-07
2012 06 16  0313   56094  11580     1.80e-09    4.44e-07
2012 06 16  0314   56094  11640     1.38e-09    4.48e-07
2012 06 16  0315   56094  11700     1.00e-09    4.47e-07
2012 06 16  0316   56094  11760     1.08e-09    4.49e-07
2012 06 16  0317   56094  11820     1.06e-09    4.48e-07
2012 06 16  0318   56094  11880     1.00e-09    4.46e-07
2012 06 16  0319   56094  11940     1.00e-09    4.49e-07
2012 06 16  0320   56094  12000     1.00e-09    4.51e-07
2012 06 16  0321   56094  12060     1.00e-09    4.56e-07
2012 06 16  0322   56094  12120     1.00e-09    4.54e-07
2012 06 16  0323   56094  12180     1.00e-09    4.55e-07
2012 06 16  0324   56094  12240     1.00e-09    4.62e-07
2012 06 16  0325   56094  12300     1.00e-09    4.59e-07
2012 06 16  0326   56094  12360     1.00e-09    4.64e-07
2012 06 16  0327   56094  12420     1.00e-09    4.68e-07
2012 06 16  0328   56094  12480     1.08e-09    4.82e-07
2012 06 16  0329   56094  12540     1.80e-09    4.84e-07
2012 06 16  0330   56094  12600     2.14e-09    4.90e-07
2012 06 16  0331   56094  12660     2.15e-09    4.99e-07
2012 06 16  0332   56094  12720     3.91e-09    5.21e-07
2012 06 16  0333   56094  12780     6.79e-09    5.80e-07
2012 06 16  0334   56094  12840     1.28e-08    6.37e-07
2012 06 16  0335   56094  12900     1.29e-08    6.49e-07
2012 06 16  0336   56094  12960     8.75e-09    6.40e-07
2012 06 16  0337   56094  13020     1.44e-08    6.86e-07
2012 06 16  0338   56094  13080     1.40e-08    6.88e-07
2012 06 16  0339   56094  13140     1.12e-08    6.78e-07
2012 06 16  0340   56094  13200     9.75e-09    6.68e-07
2012 06 16  0341   56094  13260     7.71e-09    6.64e-07
2012 06 16  0342   56094  13320     8.14e-09    6.59e-07
2012 06 16  0343   56094  13380     9.67e-09    6.55e-07
2012 06 16  0344   56094  13440     7.71e-09    6.53e-07
2012 06 16  0345   56094  13500     7.51e-09    6.48e-07
2012 06 16  0346   56094  13560     8.21e-09    6.40e-07
2012 06 16  0347   56094  13620     8.48e-09    6.31e-07
2012 06 16  0348   56094  13680     6.17e-09    6.25e-07
2012 06 16  0349   56094  13740     5.98e-09    6.25e-07
2012 06 16  0350   56094  13800     5.02e-09    6.19e-07
2012 06 16  0351   56094  13860     5.64e-09    6.11e-07
2012 06 16  0352   56094  13920     5.17e-09    6.07e-07
2012 06 16  0353   56094  13980     4.79e-09    6.17e-07
2012 06 16  0354   56094  14040     6.29e-09    6.23e-07
2012 06 16  0355   56094  14100     5.76e-09    6.19e-07
2012 06 16  0356   56094  14160     5.87e-09    6.08e-07
2012 06 16  0357   56094  14220     4.25e-09    6.02e-07
2012 06 16  0358   56094  14280     5.39e-09    6.05e-07
2012 06 16  0359   56094  14340     9.17e-09    6.21e-07
2012 06 16  0400   56094  14400     1.29e-08    6.36e-07
2012 06 16  0401   56094  14460     1.28e-08    6.38e-07
2012 06 16  0402   56094  14520     1.20e-08    6.37e-07
2012 06 16  0403   56094  14580     1.14e-08    6.36e-07
2012 06 16  0404   56094  14640     1.03e-08    6.34e-07
2012 06 16  0405   56094  14700     7.43e-09    6.36e-07
2012 06 16  0406   56094  14760     4.18e-09    6.37e-07
2012 06 16  0407   56094  14820     3.95e-09    6.33e-07
2012 06 16  0408   56094  14880     5.13e-09    6.37e-07
2012 06 16  0409   56094  14940     6.52e-09    6.36e-07
2012 06 16  0410   56094  15000     6.64e-09    6.43e-07
2012 06 16  0411   56094  15060     8.75e-09    6.41e-07
2012 06 16  0412   56094  15120     1.03e-08    6.36e-07
2012 06 16  0413   56094  15180     6.91e-09    6.30e-07
2012 06 16  0414   56094  15240     5.94e-09    6.22e-07
2012 06 16  0415   56094  15300     6.32e-09    6.17e-07
2012 06 16  0416   56094  15360     7.79e-09    6.18e-07
2012 06 16  0417   56094  15420     9.02e-09    6.12e-07
2012 06 16  0418   56094  15480     6.91e-09    6.06e-07
2012 06 16  0419   56094  15540     5.61e-09    6.14e-07
2012 06 16  0420   56094  15600     5.21e-09    6.14e-07
2012 06 16  0421   56094  15660     4.25e-09    6.11e-07
2012 06 16  0422   56094  15720     4.69e-09    6.07e-07
2012 06 16  0423   56094  15780     4.41e-09    6.05e-07
2012 06 16  0424   56094  15840     1.96e-09    6.04e-07
2012 06 16  0425   56094  15900     2.11e-09    6.20e-07
2012 06 16  0426   56094  15960     5.29e-09    6.35e-07
2012 06 16  0427   56094  16020     4.25e-09    6.44e-07
2012 06 16  0428   56094  16080     4.60e-09    6.46e-07
2012 06 16  0429   56094  16140     4.02e-09    6.46e-07
2012 06 16  0430   56094  16200     4.29e-09    6.47e-07
2012 06 16  0431   56094  16260     8.67e-09    6.60e-07
2012 06 16  0432   56094  16320     9.07e-09    6.64e-07
2012 06 16  0433   56094  16380     9.33e-09    6.79e-07
2012 06 16  0434   56094  16440     1.14e-08    6.88e-07
2012 06 16  0435   56094  16500     1.40e-08    7.17e-07
2012 06 16  0436   56094  16560     1.50e-08    7.40e-07
2012 06 16  0437   56094  16620     1.54e-08    7.56e-07
2012 06 16  0438   56094  16680     1.75e-08    7.73e-07
2012 06 16  0439   56094  16740     1.87e-08    7.85e-07
2012 06 16  0440   56094  16800     1.98e-08    7.89e-07
2012 06 16  0441   56094  16860     1.76e-08    7.99e-07
2012 06 16  0442   56094  16920     1.77e-08    8.03e-07
2012 06 16  0443   56094  16980     1.59e-08    8.06e-07
2012 06 16  0444   56094  17040     1.36e-08    8.11e-07
2012 06 16  0445   56094  17100     1.52e-08    8.20e-07
2012 06 16  0446   56094  17160     2.63e-08    9.11e-07
2012 06 16  0447   56094  17220     2.67e-08    9.57e-07
2012 06 16  0448   56094  17280     3.13e-08    9.99e-07
2012 06 16  0449   56094  17340     6.07e-08    1.18e-06
2012 06 16  0450   56094  17400     5.55e-08    1.19e-06
2012 06 16  0451   56094  17460     4.55e-08    1.16e-06
2012 06 16  0452   56094  17520     4.31e-08    1.14e-06
2012 06 16  0453   56094  17580     3.80e-08    1.12e-06
2012 06 16  0454   56094  17640     3.33e-08    1.09e-06
2012 06 16  0455   56094  17700     3.12e-08    1.06e-06
2012 06 16  0456   56094  17760     2.14e-08    9.93e-07
2012 06 16  0457   56094  17820     1.71e-08    9.20e-07
2012 06 16  0458   56094  17880     1.66e-08    8.62e-07
2012 06 16  0459   56094  17940     1.18e-08    8.21e-07
2012 06 16  0500   56094  18000     8.83e-09    7.88e-07
2012 06 16  0501   56094  18060     9.02e-09    7.61e-07
2012 06 16  0502   56094  18120     6.51e-09    7.40e-07
2012 06 16  0503   56094  18180     6.67e-09    7.19e-07
2012 06 16  0504   56094  18240     5.14e-09    7.03e-07
2012 06 16  0505   56094  18300     3.98e-09    6.89e-07
2012 06 16  0506   56094  18360     4.83e-09    6.83e-07
2012 06 16  0507   56094  18420     7.56e-09    6.90e-07
2012 06 16  0508   56094  18480     1.67e-08    7.77e-07
2012 06 16  0509   56094  18540     4.00e-08    9.41e-07
2012 06 16  0510   56094  18600     1.95e-08    8.41e-07
2012 06 16  0511   56094  18660     5.94e-09    7.17e-07
2012 06 16  0512   56094  18720     6.65e-09    6.70e-07
2012 06 16  0513   56094  18780     8.25e-09    6.61e-07
2012 06 16  0514   56094  18840     1.04e-08    6.61e-07
2012 06 16  0515   56094  18900     1.12e-08    6.59e-07
2012 06 16  0516   56094  18960     8.40e-09    6.43e-07
2012 06 16  0517   56094  19020     7.67e-09    6.30e-07
2012 06 16  0518   56094  19080     6.94e-09    6.19e-07
2012 06 16  0519   56094  19140     7.69e-09    6.14e-07
2012 06 16  0520   56094  19200     8.14e-09    6.14e-07
2012 06 16  0521   56094  19260     6.94e-09    6.11e-07
2012 06 16  0522   56094  19320     5.75e-09    6.03e-07
2012 06 16  0523   56094  19380     6.51e-09    5.97e-07
2012 06 16  0524   56094  19440     4.52e-09    5.89e-07
2012 06 16  0525   56094  19500     3.37e-09    5.83e-07
2012 06 16  0526   56094  19560     5.09e-09    5.81e-07
2012 06 16  0527   56094  19620     2.35e-09    5.77e-07
2012 06 16  0528   56094  19680     1.87e-09    5.74e-07
2012 06 16  0529   56094  19740     1.34e-09    5.67e-07
2012 06 16  0530   56094  19800     1.62e-09    5.55e-07
2012 06 16  0531   56094  19860     1.18e-09    5.47e-07
2012 06 16  0532   56094  19920     1.58e-09    5.40e-07
2012 06 16  0533   56094  19980     4.89e-09    5.36e-07
2012 06 16  0534   56094  20040     2.92e-09    5.32e-07
2012 06 16  0535   56094  20100     3.02e-09    5.28e-07
2012 06 16  0536   56094  20160     1.92e-09    5.31e-07
2012 06 16  0537   56094  20220     2.29e-09    5.17e-07
2012 06 16  0538   56094  20280     1.74e-09    5.15e-07
2012 06 16  0539   56094  20340     1.32e-09    5.08e-07
2012 06 16  0540   56094  20400     1.41e-09    5.03e-07
2012 06 16  0541   56094  20460     1.33e-09    4.97e-07
2012 06 16  0542   56094  20520     1.36e-09    4.96e-07
2012 06 16  0543   56094  20580     1.12e-09    4.97e-07
2012 06 16  0544   56094  20640     1.98e-09    4.94e-07
2012 06 16  0545   56094  20700     2.17e-09    4.93e-07
2012 06 16  0546   56094  20760     1.67e-09    4.89e-07
2012 06 16  0547   56094  20820     1.16e-09    4.89e-07
2012 06 16  0548   56094  20880     1.04e-09    4.87e-07
2012 06 16  0549   56094  20940     1.42e-09    4.89e-07
2012 06 16  0550   56094  21000     1.30e-09    4.87e-07
2012 06 16  0551   56094  21060     1.00e-09    4.84e-07
2012 06 16  0552   56094  21120     1.32e-09    4.87e-07
2012 06 16  0553   56094  21180     1.06e-09    4.80e-07
2012 06 16  0554   56094  21240     1.86e-09    4.92e-07
2012 06 16  0555   56094  21300     8.94e-09    5.58e-07
2012 06 16  0556   56094  21360     5.61e-09    5.58e-07
2012 06 16  0557   56094  21420     2.29e-09    5.18e-07
2012 06 16  0558   56094  21480     2.70e-09    5.03e-07
2012 06 16  0559   56094  21540     2.73e-09    5.05e-07
2012 06 16  0600   56094  21600     1.16e-09    5.04e-07
2012 06 16  0601   56094  21660     1.00e-09    5.00e-07
2012 06 16  0602   56094  21720     1.00e-09    4.89e-07
2012 06 16  0603   56094  21780     1.15e-09    4.81e-07
2012 06 16  0604   56094  21840     1.00e-09    4.77e-07
2012 06 16  0605   56094  21900     1.00e-09    4.73e-07
2012 06 16  0606   56094  21960     1.00e-09    4.72e-07
2012 06 16  0607   56094  22020     1.00e-09    4.67e-07
2012 06 16  0608   56094  22080     1.00e-09    4.64e-07
2012 06 16  0609   56094  22140     1.00e-09    4.66e-07
2012 06 16  0610   56094  22200     1.00e-09    4.65e-07
2012 06 16  0611   56094  22260     1.41e-09    4.58e-07
2012 06 16  0612   56094  22320     2.02e-09    4.54e-07
2012 06 16  0613   56094  22380     1.00e-09    4.50e-07
2012 06 16  0614   56094  22440     1.00e-09    4.52e-07
2012 06 16  0615   56094  22500     1.31e-09    4.49e-07
2012 06 16  0616   56094  22560     1.16e-09    4.50e-07
2012 06 16  0617   56094  22620     1.00e-09    4.58e-07
2012 06 16  0618   56094  22680     1.02e-09    4.69e-07
2012 06 16  0619   56094  22740     1.44e-09    4.78e-07
2012 06 16  0620   56094  22800     1.16e-09    4.84e-07
2012 06 16  0621   56094  22860     1.99e-09    4.99e-07
2012 06 16  0622   56094  22920     1.33e-08    5.91e-07
2012 06 16  0623   56094  22980     4.05e-08    8.26e-07
2012 06 16  0624   56094  23040     6.36e-08    1.04e-06
2012 06 16  0625   56094  23100     7.27e-08    1.15e-06
2012 06 16  0626   56094  23160     7.33e-08    1.23e-06
2012 06 16  0627   56094  23220     7.69e-08    1.30e-06
2012 06 16  0628   56094  23280     8.15e-08    1.39e-06
2012 06 16  0629   56094  23340     7.24e-08    1.40e-06
2012 06 16  0630   56094  23400     5.97e-08    1.35e-06
2012 06 16  0631   56094  23460     4.48e-08    1.26e-06
2012 06 16  0632   56094  23520     3.43e-08    1.16e-06
2012 06 16  0633   56094  23580     2.23e-08    1.05e-06
2012 06 16  0634   56094  23640     1.66e-08    9.51e-07
2012 06 16  0635   56094  23700     1.15e-08    8.70e-07
2012 06 16  0636   56094  23760     8.71e-09    8.05e-07
2012 06 16  0637   56094  23820     6.65e-09    7.49e-07
2012 06 16  0638   56094  23880     3.91e-09    7.05e-07
2012 06 16  0639   56094  23940     3.25e-09    6.76e-07
2012 06 16  0640   56094  24000     3.57e-09    6.49e-07
2012 06 16  0641   56094  24060     3.46e-09    6.36e-07
2012 06 16  0642   56094  24120     4.18e-09    6.28e-07
2012 06 16  0643   56094  24180     4.17e-09    6.15e-07
2012 06 16  0644   56094  24240     6.14e-09    6.18e-07
2012 06 16  0645   56094  24300     7.98e-09    6.21e-07
2012 06 16  0646   56094  24360     8.17e-09    6.26e-07
2012 06 16  0647   56094  24420     9.40e-09    6.33e-07
2012 06 16  0648   56094  24480     1.25e-08    6.45e-07
2012 06 16  0649   56094  24540     2.46e-08    7.21e-07
2012 06 16  0650   56094  24600     3.76e-08    8.34e-07
2012 06 16  0651   56094  24660     4.02e-08    8.92e-07
2012 06 16  0652   56094  24720     4.56e-08    9.57e-07
2012 06 16  0653   56094  24780     5.10e-08    1.03e-06
2012 06 16  0654   56094  24840     5.51e-08    1.09e-06
2012 06 16  0655   56094  24900     5.84e-08    1.15e-06
2012 06 16  0656   56094  24960     5.52e-08    1.17e-06
2012 06 16  0657   56094  25020     5.16e-08    1.18e-06
2012 06 16  0658   56094  25080     4.64e-08    1.13e-06
2012 06 16  0659   56094  25140     3.85e-08    1.09e-06
2012 06 16  0700   56094  25200     3.49e-08    1.04e-06
2012 06 16  0701   56094  25260     2.98e-08    9.99e-07
2012 06 16  0702   56094  25320     2.75e-08    9.71e-07
2012 06 16  0703   56094  25380     2.61e-08    9.45e-07
2012 06 16  0704   56094  25440     2.23e-08    9.04e-07
2012 06 16  0705   56094  25500     1.71e-08    8.46e-07
2012 06 16  0706   56094  25560     1.48e-08    7.96e-07
2012 06 16  0707   56094  25620     1.17e-08    7.55e-07
2012 06 16  0708   56094  25680     9.86e-09    7.24e-07
2012 06 16  0709   56094  25740     8.90e-09    6.98e-07
2012 06 16  0710   56094  25800     5.87e-09    6.64e-07
2012 06 16  0711   56094  25860     4.22e-09    6.45e-07
2012 06 16  0712   56094  25920     4.52e-09    6.41e-07
2012 06 16  0713   56094  25980     4.29e-09    6.18e-07
2012 06 16  0714   56094  26040     2.38e-09    6.00e-07
2012 06 16  0715   56094  26100     2.08e-09    5.82e-07
2012 06 16  0716   56094  26160     2.37e-09    5.68e-07
2012 06 16  0717   56094  26220     1.57e-09    5.61e-07
2012 06 16  0718   56094  26280     1.15e-09    5.56e-07
2012 06 16  0719   56094  26340     1.00e-09    5.41e-07
2012 06 16  0720   56094  26400     1.52e-09    5.25e-07
2012 06 16  0721   56094  26460     1.15e-09    5.13e-07
2012 06 16  0722   56094  26520     1.17e-09    5.03e-07
2012 06 16  0723   56094  26580     2.83e-09    4.95e-07
2012 06 16  0724   56094  26640     2.42e-09    4.88e-07
2012 06 16  0725   56094  26700     1.56e-09    4.81e-07
2012 06 16  0726   56094  26760     1.22e-09    4.77e-07
2012 06 16  0727   56094  26820     1.71e-09    4.76e-07
2012 06 16  0728   56094  26880     2.16e-09    4.76e-07
2012 06 16  0729   56094  26940     2.18e-09    4.78e-07
2012 06 16  0730   56094  27000     1.19e-09    4.79e-07
2012 06 16  0731   56094  27060     1.31e-09    4.72e-07
2012 06 16  0732   56094  27120     1.61e-09    4.68e-07
2012 06 16  0733   56094  27180     1.00e-09    4.62e-07
2012 06 16  0734   56094  27240     1.00e-09    4.56e-07
2012 06 16  0735   56094  27300     1.00e-09    4.58e-07
2012 06 16  0736   56094  27360     1.83e-09    4.56e-07
2012 06 16  0737   56094  27420     1.02e-09    4.51e-07
2012 06 16  0738   56094  27480     2.16e-09    4.52e-07
2012 06 16  0739   56094  27540     1.06e-09    4.52e-07
2012 06 16  0740   56094  27600     1.00e-09    4.52e-07
2012 06 16  0741   56094  27660     1.00e-09    4.51e-07
2012 06 16  0742   56094  27720     1.10e-09    4.50e-07
2012 06 16  0743   56094  27780     1.02e-09    4.49e-07
2012 06 16  0744   56094  27840     1.02e-09    4.46e-07
2012 06 16  0745   56094  27900     1.12e-09    4.43e-07
2012 06 16  0746   56094  27960     1.06e-09    4.39e-07
2012 06 16  0747   56094  28020     1.00e-09    4.37e-07
2012 06 16  0748   56094  28080     1.00e-09    4.33e-07
2012 06 16  0749   56094  28140     1.00e-09    4.29e-07
2012 06 16  0750   56094  28200     1.08e-09    4.25e-07
2012 06 16  0751   56094  28260     2.89e-09    4.28e-07
2012 06 16  0752   56094  28320     1.15e-09    4.36e-07
2012 06 16  0753   56094  28380     1.28e-09    4.43e-07
2012 06 16  0754   56094  28440     1.06e-09    4.42e-07
2012 06 16  0755   56094  28500     1.02e-09    4.41e-07
2012 06 16  0756   56094  28560     1.02e-09    4.42e-07
2012 06 16  0757   56094  28620     1.00e-09    4.44e-07
2012 06 16  0758   56094  28680     1.00e-09    4.40e-07
2012 06 16  0759   56094  28740     1.00e-09    4.32e-07
2012 06 16  0800   56094  28800     1.00e-09    4.31e-07
2012 06 16  0801   56094  28860     1.21e-09    4.37e-07
2012 06 16  0802   56094  28920     1.57e-09    4.34e-07
2012 06 16  0803   56094  28980     1.02e-09    4.29e-07
2012 06 16  0804   56094  29040     1.00e-09    4.28e-07
2012 06 16  0805   56094  29100     1.00e-09    4.26e-07
2012 06 16  0806   56094  29160     1.20e-09    4.27e-07
2012 06 16  0807   56094  29220     1.00e-09    4.23e-07
2012 06 16  0808   56094  29280     1.00e-09    4.24e-07
2012 06 16  0809   56094  29340     1.00e-09    4.20e-07
2012 06 16  0810   56094  29400     1.54e-09    4.20e-07
2012 06 16  0811   56094  29460     1.18e-09    4.23e-07
2012 06 16  0812   56094  29520     1.00e-09    4.28e-07
2012 06 16  0813   56094  29580     1.00e-09    4.23e-07
2012 06 16  0814   56094  29640     1.02e-09    4.19e-07
2012 06 16  0815   56094  29700     1.18e-09    4.19e-07
2012 06 16  0816   56094  29760     1.00e-09    4.26e-07
2012 06 16  0817   56094  29820     1.00e-09    4.31e-07
2012 06 16  0818   56094  29880     1.00e-09    4.31e-07
2012 06 16  0819   56094  29940     1.00e-09    4.29e-07
2012 06 16  0820   56094  30000     1.40e-09    4.27e-07
2012 06 16  0821   56094  30060     1.00e-09    4.23e-07
2012 06 16  0822   56094  30120     2.02e-09    4.54e-07
2012 06 16  0823   56094  30180     2.71e-09    4.85e-07
2012 06 16  0824   56094  30240     1.53e-09    4.65e-07
2012 06 16  0825   56094  30300     1.16e-09    4.41e-07
2012 06 16  0826   56094  30360     1.12e-09    4.29e-07
2012 06 16  0827   56094  30420     1.00e-09    4.27e-07
2012 06 16  0828   56094  30480     1.00e-09    4.28e-07
2012 06 16  0829   56094  30540     1.00e-09    4.26e-07
2012 06 16  0830   56094  30600     1.00e-09    4.31e-07
2012 06 16  0831   56094  30660     1.00e-09    4.28e-07
2012 06 16  0832   56094  30720     1.00e-09    4.23e-07
2012 06 16  0833   56094  30780     1.00e-09    4.17e-07
2012 06 16  0834   56094  30840     1.46e-09    4.16e-07
2012 06 16  0835   56094  30900     1.12e-09    4.15e-07
2012 06 16  0836   56094  30960     1.54e-09    4.12e-07
2012 06 16  0837   56094  31020     1.00e-09    4.13e-07
2012 06 16  0838   56094  31080     1.00e-09    4.13e-07
2012 06 16  0839   56094  31140     1.00e-09    4.13e-07
2012 06 16  0840   56094  31200     1.02e-09    4.13e-07
2012 06 16  0841   56094  31260     1.00e-09    4.16e-07
2012 06 16  0842   56094  31320     1.00e-09    4.17e-07
2012 06 16  0843   56094  31380     1.00e-09    4.22e-07
2012 06 16  0844   56094  31440     1.00e-09    4.22e-07
2012 06 16  0845   56094  31500     1.00e-09    4.23e-07
2012 06 16  0846   56094  31560     1.00e-09    4.23e-07
2012 06 16  0847   56094  31620     2.17e-09    4.30e-07
2012 06 16  0848   56094  31680     3.72e-09    4.39e-07
2012 06 16  0849   56094  31740     2.06e-09    4.37e-07
2012 06 16  0850   56094  31800     1.96e-09    4.38e-07
2012 06 16  0851   56094  31860     2.97e-09    4.41e-07
2012 06 16  0852   56094  31920     2.95e-09    4.37e-07
2012 06 16  0853   56094  31980     2.42e-09    4.43e-07
2012 06 16  0854   56094  32040     1.81e-09    4.36e-07
2012 06 16  0855   56094  32100     4.03e-09    4.32e-07
2012 06 16  0856   56094  32160     6.98e-09    4.26e-07
2012 06 16  0857   56094  32220     3.25e-09    4.21e-07
2012 06 16  0858   56094  32280     3.53e-09    4.21e-07
2012 06 16  0859   56094  32340     3.93e-09    4.23e-07
2012 06 16  0900   56094  32400     2.87e-09    4.26e-07
2012 06 16  0901   56094  32460     1.45e-09    4.23e-07
2012 06 16  0902   56094  32520     1.77e-09    4.27e-07
2012 06 16  0903   56094  32580     1.77e-09    4.26e-07
2012 06 16  0904   56094  32640     1.08e-09    4.31e-07
2012 06 16  0905   56094  32700     1.00e-09    4.30e-07
2012 06 16  0906   56094  32760     1.00e-09    4.29e-07
2012 06 16  0907   56094  32820     1.00e-09    4.28e-07
2012 06 16  0908   56094  32880     1.00e-09    4.27e-07
2012 06 16  0909   56094  32940     1.00e-09    4.29e-07
2012 06 16  0910   56094  33000     1.00e-09    4.29e-07
2012 06 16  0911   56094  33060     1.04e-09    4.33e-07
2012 06 16  0912   56094  33120     1.00e-09    4.42e-07
2012 06 16  0913   56094  33180     1.58e-09    4.57e-07
2012 06 16  0914   56094  33240     1.00e-09    4.75e-07
2012 06 16  0915   56094  33300     1.08e-09    4.85e-07
2012 06 16  0916   56094  33360     1.00e-09    4.89e-07
2012 06 16  0917   56094  33420     2.12e-09    4.86e-07
2012 06 16  0918   56094  33480     2.29e-09    4.84e-07
2012 06 16  0919   56094  33540     1.24e-09    4.80e-07
2012 06 16  0920   56094  33600     1.00e-09    4.79e-07
2012 06 16  0921   56094  33660     1.00e-09    4.75e-07
2012 06 16  0922   56094  33720     1.00e-09    4.65e-07
2012 06 16  0923   56094  33780     1.40e-09    4.61e-07
2012 06 16  0924   56094  33840     1.18e-09    4.76e-07
2012 06 16  0925   56094  33900     1.10e-09    4.90e-07
2012 06 16  0926   56094  33960     1.73e-09    4.83e-07
2012 06 16  0927   56094  34020     1.06e-09    4.74e-07
2012 06 16  0928   56094  34080     1.04e-09    4.68e-07
2012 06 16  0929   56094  34140     1.04e-09    4.69e-07
2012 06 16  0930   56094  34200     2.35e-09    4.69e-07
2012 06 16  0931   56094  34260     2.58e-09    4.67e-07
2012 06 16  0932   56094  34320     4.87e-09    4.78e-07
2012 06 16  0933   56094  34380     5.94e-09    5.13e-07
2012 06 16  0934   56094  34440     3.41e-09    4.80e-07
2012 06 16  0935   56094  34500     2.64e-09    4.73e-07
2012 06 16  0936   56094  34560     2.33e-09    4.75e-07
2012 06 16  0937   56094  34620     2.66e-09    4.82e-07
2012 06 16  0938   56094  34680     1.20e-09    4.94e-07
2012 06 16  0939   56094  34740     1.29e-09    5.00e-07
2012 06 16  0940   56094  34800     3.95e-09    4.87e-07
2012 06 16  0941   56094  34860     6.18e-09    4.80e-07
2012 06 16  0942   56094  34920     1.79e-09    4.78e-07
2012 06 16  0943   56094  34980     1.04e-09    4.70e-07
2012 06 16  0944   56094  35040     1.00e-09    4.59e-07
2012 06 16  0945   56094  35100     1.00e-09    4.49e-07
2012 06 16  0946   56094  35160     1.04e-09    4.44e-07
2012 06 16  0947   56094  35220     1.02e-09    4.42e-07
2012 06 16  0948   56094  35280     1.02e-09    4.43e-07
2012 06 16  0949   56094  35340     1.18e-09    4.43e-07
2012 06 16  0950   56094  35400     1.27e-09    4.44e-07
2012 06 16  0951   56094  35460     1.23e-09    4.43e-07
2012 06 16  0952   56094  35520     1.12e-09    4.42e-07
2012 06 16  0953   56094  35580     1.23e-09    4.37e-07
2012 06 16  0954   56094  35640     1.15e-09    4.36e-07
2012 06 16  0955   56094  35700     1.02e-09    4.43e-07
2012 06 16  0956   56094  35760     1.00e-09    4.47e-07
2012 06 16  0957   56094  35820     1.19e-09    4.48e-07
2012 06 16  0958   56094  35880     1.33e-09    4.44e-07
2012 06 16  0959   56094  35940     1.02e-09    4.41e-07
2012 06 16  1000   56094  36000     1.00e-09    4.36e-07
2012 06 16  1001   56094  36060     1.06e-09    4.34e-07
2012 06 16  1002   56094  36120     1.30e-09    4.36e-07
2012 06 16  1003   56094  36180     1.17e-09    4.38e-07
2012 06 16  1004   56094  36240     1.00e-09    4.38e-07
2012 06 16  1005   56094  36300     1.02e-09    4.49e-07
2012 06 16  1006   56094  36360     1.08e-09    4.55e-07
2012 06 16  1007   56094  36420     1.21e-09    4.50e-07
2012 06 16  1008   56094  36480     1.04e-09    4.55e-07
2012 06 16  1009   56094  36540     1.04e-09    4.60e-07
2012 06 16  1010   56094  36600     1.00e-09    4.67e-07
2012 06 16  1011   56094  36660     1.08e-09    4.76e-07
2012 06 16  1012   56094  36720     3.68e-09    4.94e-07
2012 06 16  1013   56094  36780     7.10e-09    5.36e-07
2012 06 16  1014   56094  36840     7.79e-09    5.54e-07
2012 06 16  1015   56094  36900     7.58e-09    5.69e-07
2012 06 16  1016   56094  36960     5.94e-09    5.66e-07
2012 06 16  1017   56094  37020     5.75e-09    5.60e-07
2012 06 16  1018   56094  37080     5.41e-09    5.50e-07
2012 06 16  1019   56094  37140     4.13e-09    5.38e-07
2012 06 16  1020   56094  37200     4.06e-09    5.24e-07
2012 06 16  1021   56094  37260     3.83e-09    5.17e-07
2012 06 16  1022   56094  37320     3.91e-09    5.11e-07
2012 06 16  1023   56094  37380     3.33e-09    5.00e-07
2012 06 16  1024   56094  37440     1.30e-09    4.91e-07
2012 06 16  1025   56094  37500     1.67e-09    4.89e-07
2012 06 16  1026   56094  37560     2.09e-09    4.91e-07
2012 06 16  1027   56094  37620     1.91e-09    4.92e-07
2012 06 16  1028   56094  37680     2.12e-09    4.91e-07
2012 06 16  1029   56094  37740     4.24e-09    4.89e-07
2012 06 16  1030   56094  37800     2.01e-09    4.89e-07
2012 06 16  1031   56094  37860     1.06e-09    4.98e-07
2012 06 16  1032   56094  37920     1.26e-09    5.01e-07
2012 06 16  1033   56094  37980     1.10e-09    4.95e-07
2012 06 16  1034   56094  38040     1.18e-09    4.96e-07
2012 06 16  1035   56094  38100     1.37e-09    4.97e-07
2012 06 16  1036   56094  38160     1.00e-09    4.98e-07
2012 06 16  1037   56094  38220     1.02e-09    5.00e-07
2012 06 16  1038   56094  38280     1.06e-09    4.99e-07
2012 06 16  1039   56094  38340     1.39e-09    5.06e-07
2012 06 16  1040   56094  38400     1.02e-09    5.09e-07
2012 06 16  1041   56094  38460     2.38e-09    5.09e-07
2012 06 16  1042   56094  38520     1.08e-09    5.18e-07
2012 06 16  1043   56094  38580     1.47e-09    5.23e-07
2012 06 16  1044   56094  38640     1.53e-09    5.31e-07
2012 06 16  1045   56094  38700     2.40e-09    5.38e-07
2012 06 16  1046   56094  38760     2.39e-09    5.42e-07
2012 06 16  1047   56094  38820     1.33e-09    5.44e-07
2012 06 16  1048   56094  38880     1.33e-09    5.48e-07
2012 06 16  1049   56094  38940     2.44e-09    5.45e-07
2012 06 16  1050   56094  39000     4.02e-09    5.39e-07
2012 06 16  1051   56094  39060     4.45e-09    5.28e-07
2012 06 16  1052   56094  39120     4.35e-09    5.23e-07
2012 06 16  1053   56094  39180     3.60e-09    5.18e-07
2012 06 16  1054   56094  39240     3.72e-09    5.11e-07
2012 06 16  1055   56094  39300     4.25e-09    5.07e-07
2012 06 16  1056   56094  39360     3.87e-09    5.13e-07
2012 06 16  1057   56094  39420     4.14e-09    5.14e-07
2012 06 16  1058   56094  39480     3.06e-09    5.16e-07
2012 06 16  1059   56094  39540     1.84e-09    5.13e-07
2012 06 16  1100   56094  39600     1.19e-09    5.13e-07
2012 06 16  1101   56094  39660     1.67e-09    5.11e-07
2012 06 16  1102   56094  39720     1.74e-09    5.09e-07
2012 06 16  1103   56094  39780     2.88e-09    5.16e-07
2012 06 16  1104   56094  39840     1.33e-09    5.11e-07
2012 06 16  1105   56094  39900     2.45e-09    5.13e-07
2012 06 16  1106   56094  39960     4.31e-09    5.15e-07
2012 06 16  1107   56094  40020     2.95e-09    5.16e-07
2012 06 16  1108   56094  40080     4.87e-09    5.16e-07
2012 06 16  1109   56094  40140     4.24e-09    5.14e-07
2012 06 16  1110   56094  40200     4.31e-09    5.16e-07
2012 06 16  1111   56094  40260     2.39e-09    5.15e-07
2012 06 16  1112   56094  40320     3.98e-09    5.12e-07
2012 06 16  1113   56094  40380     4.28e-09    5.11e-07
2012 06 16  1114   56094  40440     3.14e-09    5.17e-07
2012 06 16  1115   56094  40500     3.68e-09    5.21e-07
2012 06 16  1116   56094  40560     3.03e-09    5.23e-07
2012 06 16  1117   56094  40620     4.14e-09    5.28e-07
2012 06 16  1118   56094  40680     6.21e-09    5.55e-07
2012 06 16  1119   56094  40740     1.64e-08    6.35e-07
2012 06 16  1120   56094  40800     2.23e-08    6.95e-07
2012 06 16  1121   56094  40860     1.88e-08    6.91e-07
2012 06 16  1122   56094  40920     1.26e-08    6.71e-07
2012 06 16  1123   56094  40980     9.85e-09    6.51e-07
2012 06 16  1124   56094  41040     8.98e-09    6.34e-07
2012 06 16  1125   56094  41100     8.79e-09    6.19e-07
2012 06 16  1126   56094  41160     5.76e-09    5.91e-07
2012 06 16  1127   56094  41220     4.98e-09    5.70e-07
2012 06 16  1128   56094  41280     3.75e-09    5.53e-07
2012 06 16  1129   56094  41340     3.39e-09    5.43e-07
2012 06 16  1130   56094  41400     5.83e-09    5.28e-07
2012 06 16  1131   56094  41460     3.60e-09    5.19e-07
2012 06 16  1132   56094  41520     7.21e-09    5.11e-07
2012 06 16  1133   56094  41580     6.13e-09    5.06e-07
2012 06 16  1134   56094  41640     3.96e-09    5.05e-07
2012 06 16  1135   56094  41700     1.59e-09    5.10e-07
2012 06 16  1136   56094  41760     6.15e-09    5.12e-07
2012 06 16  1137   56094  41820     4.79e-09    5.08e-07
2012 06 16  1138   56094  41880     4.25e-09    5.05e-07
2012 06 16  1139   56094  41940     4.69e-09    5.13e-07
2012 06 16  1140   56094  42000     5.10e-09    5.29e-07
2012 06 16  1141   56094  42060     6.79e-09    5.43e-07
2012 06 16  1142   56094  42120     4.18e-09    5.42e-07
2012 06 16  1143   56094  42180     5.69e-09    5.34e-07
2012 06 16  1144   56094  42240     5.75e-09    5.30e-07
2012 06 16  1145   56094  42300     5.29e-09    5.28e-07
2012 06 16  1146   56094  42360     3.57e-09    5.22e-07
2012 06 16  1147   56094  42420     3.22e-09    5.16e-07
2012 06 16  1148   56094  42480     2.59e-09    5.10e-07
2012 06 16  1149   56094  42540     1.93e-09    5.07e-07
2012 06 16  1150   56094  42600     1.67e-09    5.05e-07
2012 06 16  1151   56094  42660     2.75e-09    5.00e-07
2012 06 16  1152   56094  42720     3.11e-09    5.00e-07
2012 06 16  1153   56094  42780     1.90e-09    4.98e-07
2012 06 16  1154   56094  42840     1.31e-09    4.94e-07
2012 06 16  1155   56094  42900     1.19e-09    4.90e-07
2012 06 16  1156   56094  42960     1.30e-09    4.98e-07
2012 06 16  1157   56094  43020     2.64e-09    4.97e-07
2012 06 16  1158   56094  43080     5.52e-09    5.00e-07
2012 06 16  1159   56094  43140     3.30e-09    5.01e-07
2012 06 16  1200   56094  43200     1.40e-09    5.02e-07
2012 06 16  1201   56094  43260     4.41e-09    5.03e-07
2012 06 16  1202   56094  43320     3.16e-09    5.06e-07
2012 06 16  1203   56094  43380     2.10e-09    5.02e-07
2012 06 16  1204   56094  43440     1.51e-09    4.97e-07
2012 06 16  1205   56094  43500     1.10e-09    4.92e-07
2012 06 16  1206   56094  43560     1.21e-09    4.87e-07
2012 06 16  1207   56094  43620     1.14e-09    4.87e-07
2012 06 16  1208   56094  43680     1.36e-09    4.88e-07
2012 06 16  1209   56094  43740     1.28e-09    4.86e-07
2012 06 16  1210   56094  43800     2.36e-09    4.79e-07
2012 06 16  1211   56094  43860     2.35e-09    4.77e-07
2012 06 16  1212   56094  43920     2.30e-09    4.75e-07
2012 06 16  1213   56094  43980     1.75e-09    4.77e-07
2012 06 16  1214   56094  44040     1.78e-09    4.73e-07
2012 06 16  1215   56094  44100     1.28e-09    4.73e-07
2012 06 16  1216   56094  44160     1.02e-09    4.73e-07
2012 06 16  1217   56094  44220     1.25e-09    4.80e-07
2012 06 16  1218   56094  44280     1.29e-09    4.74e-07
2012 06 16  1219   56094  44340     1.55e-09    4.74e-07
2012 06 16  1220   56094  44400     1.34e-09    4.76e-07
2012 06 16  1221   56094  44460     1.29e-09    4.78e-07
2012 06 16  1222   56094  44520     1.67e-09    4.81e-07
2012 06 16  1223   56094  44580     2.94e-09    4.94e-07
2012 06 16  1224   56094  44640     1.81e-09    4.93e-07
2012 06 16  1225   56094  44700     1.89e-09    4.92e-07
2012 06 16  1226   56094  44760     1.85e-09    4.90e-07
2012 06 16  1227   56094  44820     1.30e-09    4.85e-07
2012 06 16  1228   56094  44880     1.00e-09    4.81e-07
2012 06 16  1229   56094  44940     1.00e-09    4.77e-07
2012 06 16  1230   56094  45000     1.21e-09    4.83e-07
2012 06 16  1231   56094  45060     1.00e-09    4.88e-07
2012 06 16  1232   56094  45120     1.00e-09    4.87e-07
2012 06 16  1233   56094  45180     1.00e-09    4.85e-07
2012 06 16  1234   56094  45240     1.00e-09    4.86e-07
2012 06 16  1235   56094  45300     1.00e-09    4.85e-07
2012 06 16  1236   56094  45360     1.00e-09    4.80e-07
2012 06 16  1237   56094  45420     1.00e-09    4.79e-07
2012 06 16  1238   56094  45480     1.21e-09    4.96e-07
2012 06 16  1239   56094  45540     2.05e-09    5.04e-07
2012 06 16  1240   56094  45600     2.21e-09    5.08e-07
2012 06 16  1241   56094  45660     1.84e-09    5.05e-07
2012 06 16  1242   56094  45720     3.43e-09    4.98e-07
2012 06 16  1243   56094  45780     1.53e-09    4.90e-07
2012 06 16  1244   56094  45840     1.00e-09    4.90e-07
2012 06 16  1245   56094  45900     1.00e-09    4.88e-07
2012 06 16  1246   56094  45960     1.00e-09    4.85e-07
2012 06 16  1247   56094  46020     1.00e-09    4.82e-07
2012 06 16  1248   56094  46080     1.50e-09    4.80e-07
2012 06 16  1249   56094  46140     1.25e-09    4.78e-07
2012 06 16  1250   56094  46200     1.06e-09    4.76e-07
2012 06 16  1251   56094  46260     1.18e-09    4.76e-07
2012 06 16  1252   56094  46320     1.17e-09    4.69e-07
2012 06 16  1253   56094  46380     2.19e-09    4.70e-07
2012 06 16  1254   56094  46440     1.10e-09    4.72e-07
2012 06 16  1255   56094  46500     1.10e-09    4.69e-07
2012 06 16  1256   56094  46560     1.08e-09    4.72e-07
2012 06 16  1257   56094  46620     1.59e-09    4.74e-07
2012 06 16  1258   56094  46680     1.33e-09    4.77e-07
2012 06 16  1259   56094  46740     1.08e-09    4.84e-07
2012 06 16  1300   56094  46800     1.91e-09    4.92e-07
2012 06 16  1301   56094  46860     5.45e-09    5.16e-07
2012 06 16  1302   56094  46920     1.29e-08    5.79e-07
2012 06 16  1303   56094  46980     2.16e-08    6.50e-07
2012 06 16  1304   56094  47040     2.00e-08    6.61e-07
2012 06 16  1305   56094  47100     1.35e-08    6.42e-07
2012 06 16  1306   56094  47160     9.13e-09    6.19e-07
2012 06 16  1307   56094  47220     8.14e-09    5.94e-07
2012 06 16  1308   56094  47280     6.10e-09    5.71e-07
2012 06 16  1309   56094  47340     4.98e-09    5.54e-07
2012 06 16  1310   56094  47400     3.65e-09    5.47e-07
2012 06 16  1311   56094  47460     4.06e-09    5.44e-07
2012 06 16  1312   56094  47520     5.02e-09    5.40e-07
2012 06 16  1313   56094  47580     6.48e-09    5.32e-07
2012 06 16  1314   56094  47640     6.58e-09    5.33e-07
2012 06 16  1315   56094  47700     6.18e-09    5.37e-07
2012 06 16  1316   56094  47760     8.94e-09    5.59e-07
2012 06 16  1317   56094  47820     1.38e-08    6.04e-07
2012 06 16  1318   56094  47880     1.28e-08    6.43e-07
2012 06 16  1319   56094  47940     1.25e-08    6.60e-07
2012 06 16  1320   56094  48000     1.75e-08    6.92e-07
2012 06 16  1321   56094  48060     2.63e-08    7.61e-07
2012 06 16  1322   56094  48120     2.83e-08    7.83e-07
2012 06 16  1323   56094  48180     3.23e-08    8.46e-07
2012 06 16  1324   56094  48240     3.65e-08    9.16e-07
2012 06 16  1325   56094  48300     3.23e-08    9.06e-07
2012 06 16  1326   56094  48360     2.41e-08    8.44e-07
2012 06 16  1327   56094  48420     1.78e-08    7.75e-07
2012 06 16  1328   56094  48480     1.34e-08    7.30e-07
2012 06 16  1329   56094  48540     1.41e-08    7.01e-07
2012 06 16  1330   56094  48600     1.25e-08    6.88e-07
2012 06 16  1331   56094  48660     1.52e-08    7.04e-07
2012 06 16  1332   56094  48720     2.20e-08    7.68e-07
2012 06 16  1333   56094  48780     3.49e-08    8.91e-07
2012 06 16  1334   56094  48840     4.32e-08    9.79e-07
2012 06 16  1335   56094  48900     4.93e-08    1.01e-06
2012 06 16  1336   56094  48960     6.64e-08    1.09e-06
2012 06 16  1337   56094  49020     7.94e-08    1.18e-06
2012 06 16  1338   56094  49080     7.65e-08    1.21e-06
2012 06 16  1339   56094  49140     6.88e-08    1.18e-06
2012 06 16  1340   56094  49200     6.01e-08    1.15e-06
2012 06 16  1341   56094  49260     5.33e-08    1.12e-06
2012 06 16  1342   56094  49320     4.79e-08    1.10e-06
2012 06 16  1343   56094  49380     4.43e-08    1.07e-06
2012 06 16  1344   56094  49440     3.86e-08    1.03e-06
2012 06 16  1345   56094  49500     3.42e-08    1.01e-06
2012 06 16  1346   56094  49560     3.06e-08    9.85e-07
2012 06 16  1347   56094  49620     2.68e-08    9.64e-07
2012 06 16  1348   56094  49680     2.63e-08    9.52e-07
2012 06 16  1349   56094  49740     2.47e-08    9.45e-07
2012 06 16  1350   56094  49800     2.51e-08    9.35e-07
2012 06 16  1351   56094  49860     2.41e-08    9.20e-07
2012 06 16  1352   56094  49920     2.04e-08    8.94e-07
2012 06 16  1353   56094  49980     2.01e-08    8.72e-07
2012 06 16  1354   56094  50040     1.76e-08    8.49e-07
2012 06 16  1355   56094  50100     1.61e-08    8.23e-07
2012 06 16  1356   56094  50160     1.49e-08    8.02e-07
2012 06 16  1357   56094  50220     1.44e-08    7.89e-07
2012 06 16  1358   56094  50280     1.62e-08    7.82e-07
2012 06 16  1359   56094  50340     1.46e-08    7.71e-07
2012 06 16  1400   56094  50400     1.30e-08    7.58e-07
2012 06 16  1401   56094  50460     1.28e-08    7.46e-07
2012 06 16  1402   56094  50520     1.28e-08    7.37e-07
2012 06 16  1403   56094  50580     1.36e-08    7.40e-07
2012 06 16  1404   56094  50640     1.42e-08    7.32e-07
2012 06 16  1405   56094  50700     1.41e-08    7.18e-07
2012 06 16  1406   56094  50760     1.19e-08    7.03e-07
2012 06 16  1407   56094  50820     1.03e-08    6.92e-07
2012 06 16  1408   56094  50880     1.07e-08    6.85e-07
2012 06 16  1409   56094  50940     1.05e-08    6.77e-07
2012 06 16  1410   56094  51000     9.44e-09    6.63e-07
2012 06 16  1411   56094  51060     8.96e-09    6.48e-07
2012 06 16  1412   56094  51120     1.06e-08    6.33e-07
2012 06 16  1413   56094  51180     1.22e-08    6.23e-07
2012 06 16  1414   56094  51240     9.51e-09    6.15e-07
2012 06 16  1415   56094  51300     8.25e-09    6.04e-07
2012 06 16  1416   56094  51360     9.33e-09    5.95e-07
2012 06 16  1417   56094  51420     7.37e-09    5.90e-07
2012 06 16  1418   56094  51480     8.21e-09    5.79e-07
2012 06 16  1419   56094  51540     5.06e-09    5.76e-07
2012 06 16  1420   56094  51600     5.94e-09    5.78e-07
2012 06 16  1421   56094  51660     6.91e-09    5.75e-07
2012 06 16  1422   56094  51720     7.60e-09    5.77e-07
2012 06 16  1423   56094  51780     7.71e-09    5.83e-07
2012 06 16  1424   56094  51840     9.33e-09    5.82e-07
2012 06 16  1425   56094  51900     7.64e-09    5.76e-07
2012 06 16  1426   56094  51960     4.37e-09    5.66e-07
2012 06 16  1427   56094  52020     9.63e-09    5.66e-07
2012 06 16  1428   56094  52080     8.77e-09    5.63e-07
2012 06 16  1429   56094  52140     7.17e-09    5.69e-07
2012 06 16  1430   56094  52200     6.52e-09    5.68e-07
2012 06 16  1431   56094  52260     6.25e-09    5.68e-07
2012 06 16  1432   56094  52320     6.79e-09    5.69e-07
2012 06 16  1433   56094  52380     7.48e-09    5.66e-07
2012 06 16  1434   56094  52440     6.47e-09    5.64e-07
2012 06 16  1435   56094  52500     2.64e-09    5.50e-07
2012 06 16  1436   56094  52560     5.60e-09    5.63e-07
2012 06 16  1437   56094  52620     1.20e-08    6.02e-07
2012 06 16  1438   56094  52680     1.29e-08    6.14e-07
2012 06 16  1439   56094  52740     1.54e-08    6.47e-07
2012 06 16  1440   56094  52800     1.94e-08    6.87e-07
2012 06 16  1441   56094  52860     3.09e-08    7.81e-07
2012 06 16  1442   56094  52920     4.09e-08    8.65e-07
2012 06 16  1443   56094  52980     4.74e-08    9.34e-07
2012 06 16  1444   56094  53040     5.12e-08    9.86e-07
2012 06 16  1445   56094  53100     5.80e-08    1.03e-06
2012 06 16  1446   56094  53160     8.46e-08    1.18e-06
2012 06 16  1447   56094  53220     1.22e-07    1.39e-06
2012 06 16  1448   56094  53280     1.66e-07    1.64e-06
2012 06 16  1449   56094  53340     1.75e-07    1.77e-06
2012 06 16  1450   56094  53400     1.51e-07    1.76e-06
2012 06 16  1451   56094  53460     1.30e-07    1.72e-06
2012 06 16  1452   56094  53520     1.36e-07    1.77e-06
2012 06 16  1453   56094  53580     1.42e-07    1.81e-06
2012 06 16  1454   56094  53640     1.25e-07    1.76e-06
2012 06 16  1455   56094  53700     1.07e-07    1.66e-06
2012 06 16  1456   56094  53760     9.81e-08    1.60e-06
2012 06 16  1457   56094  53820     9.13e-08    1.56e-06
2012 06 16  1458   56094  53880     7.53e-08    1.48e-06
2012 06 16  1459   56094  53940     5.97e-08    1.36e-06
2012 06 16  1500   56094  54000     4.78e-08    1.26e-06
2012 06 16  1501   56094  54060     4.20e-08    1.18e-06
2012 06 16  1502   56094  54120     3.50e-08    1.10e-06
2012 06 16  1503   56094  54180     2.98e-08    1.04e-06
2012 06 16  1504   56094  54240     2.69e-08    9.78e-07
2012 06 16  1505   56094  54300     2.89e-08    9.82e-07
2012 06 16  1506   56094  54360     4.49e-08    1.09e-06
2012 06 16  1507   56094  54420     4.69e-08    1.14e-06
2012 06 16  1508   56094  54480     3.64e-08    1.05e-06
2012 06 16  1509   56094  54540     2.58e-08    9.30e-07
2012 06 16  1510   56094  54600     1.98e-08    8.31e-07
2012 06 16  1511   56094  54660     1.47e-08    7.56e-07
2012 06 16  1512   56094  54720     1.30e-08    6.99e-07
2012 06 16  1513   56094  54780     1.06e-08    6.56e-07
2012 06 16  1514   56094  54840     7.17e-09    6.20e-07
2012 06 16  1515   56094  54900     7.25e-09    5.93e-07
2012 06 16  1516   56094  54960     8.29e-09    5.75e-07
2012 06 16  1517   56094  55020     6.33e-09    5.58e-07
2012 06 16  1518   56094  55080     5.32e-09    5.40e-07
2012 06 16  1519   56094  55140     4.45e-09    5.29e-07
2012 06 16  1520   56094  55200     2.79e-09    5.20e-07
2012 06 16  1521   56094  55260     3.50e-09    5.12e-07
2012 06 16  1522   56094  55320     4.45e-09    5.02e-07
2012 06 16  1523   56094  55380     2.64e-09    4.98e-07
2012 06 16  1524   56094  55440     1.85e-09    4.97e-07
2012 06 16  1525   56094  55500     1.46e-09    5.01e-07
2012 06 16  1526   56094  55560     1.41e-09    5.05e-07
2012 06 16  1527   56094  55620     1.15e-09    4.98e-07
2012 06 16  1528   56094  55680     2.16e-09    4.92e-07
2012 06 16  1529   56094  55740     3.21e-09    4.83e-07
2012 06 16  1530   56094  55800     2.72e-09    4.83e-07
2012 06 16  1531   56094  55860     5.75e-09    4.76e-07
2012 06 16  1532   56094  55920     2.28e-09    4.70e-07
2012 06 16  1533   56094  55980     1.79e-09    4.68e-07
2012 06 16  1534   56094  56040     1.27e-09    4.66e-07
2012 06 16  1535   56094  56100     2.57e-09    4.63e-07
2012 06 16  1536   56094  56160     1.47e-09    4.63e-07
2012 06 16  1537   56094  56220     1.21e-09    4.68e-07
2012 06 16  1538   56094  56280     2.00e-09    4.77e-07
2012 06 16  1539   56094  56340     3.98e-09    4.82e-07
2012 06 16  1540   56094  56400     3.91e-09    4.76e-07
2012 06 16  1541   56094  56460     5.06e-09    4.72e-07
2012 06 16  1542   56094  56520     4.17e-09    4.67e-07
2012 06 16  1543   56094  56580     2.95e-09    4.63e-07
2012 06 16  1544   56094  56640     3.41e-09    4.58e-07
2012 06 16  1545   56094  56700     4.28e-09    4.55e-07
2012 06 16  1546   56094  56760     5.64e-09    4.54e-07
2012 06 16  1547   56094  56820     2.43e-09    4.52e-07
2012 06 16  1548   56094  56880     1.61e-09    4.46e-07
2012 06 16  1549   56094  56940     1.53e-09    4.41e-07
2012 06 16  1550   56094  57000     2.38e-09    4.41e-07
2012 06 16  1551   56094  57060     2.26e-09    4.36e-07
2012 06 16  1552   56094  57120     2.24e-09    4.35e-07
2012 06 16  1553   56094  57180     1.41e-09    4.34e-07
2012 06 16  1554   56094  57240     2.17e-09    4.38e-07
2012 06 16  1555   56094  57300     2.79e-09    4.33e-07
2012 06 16  1556   56094  57360     1.20e-09    4.31e-07
2012 06 16  1557   56094  57420     1.47e-09    4.32e-07
2012 06 16  1558   56094  57480     1.21e-09    4.36e-07
2012 06 16  1559   56094  57540     2.01e-09    4.31e-07
2012 06 16  1600   56094  57600     1.06e-09    4.28e-07
2012 06 16  1601   56094  57660     1.12e-09    4.32e-07
2012 06 16  1602   56094  57720     1.02e-09    4.40e-07
2012 06 16  1603   56094  57780     1.10e-09    4.43e-07
2012 06 16  1604   56094  57840     1.51e-09    4.46e-07
2012 06 16  1605   56094  57900     2.67e-09    4.44e-07
2012 06 16  1606   56094  57960     2.56e-09    4.44e-07
2012 06 16  1607   56094  58020     2.03e-09    4.47e-07
2012 06 16  1608   56094  58080     2.23e-09    4.55e-07
2012 06 16  1609   56094  58140     1.18e-09    4.60e-07
2012 06 16  1610   56094  58200     1.04e-09    4.65e-07
2012 06 16  1611   56094  58260     1.76e-09    4.71e-07
2012 06 16  1612   56094  58320     1.93e-09    4.72e-07
2012 06 16  1613   56094  58380     2.09e-09    4.75e-07
2012 06 16  1614   56094  58440     2.01e-09    4.81e-07
2012 06 16  1615   56094  58500     1.23e-09    4.84e-07
2012 06 16  1616   56094  58560     1.25e-09    4.91e-07
2012 06 16  1617   56094  58620     2.56e-09    4.92e-07
2012 06 16  1618   56094  58680     2.91e-09    4.89e-07
2012 06 16  1619   56094  58740     1.66e-09    4.87e-07
2012 06 16  1620   56094  58800     4.02e-09    4.86e-07
2012 06 16  1621   56094  58860     6.37e-09    4.81e-07
2012 06 16  1622   56094  58920     4.17e-09    4.77e-07
2012 06 16  1623   56094  58980     3.95e-09    4.78e-07
2012 06 16  1624   56094  59040     3.64e-09    4.74e-07
2012 06 16  1625   56094  59100     3.20e-09    4.70e-07
2012 06 16  1626   56094  59160     3.45e-09    4.70e-07
2012 06 16  1627   56094  59220     3.10e-09    4.67e-07
2012 06 16  1628   56094  59280     3.33e-09    4.64e-07
2012 06 16  1629   56094  59340     4.50e-09    4.61e-07
2012 06 16  1630   56094  59400     4.27e-09    4.59e-07
2012 06 16  1631   56094  59460     3.27e-09    4.57e-07
2012 06 16  1632   56094  59520     3.51e-09    4.55e-07
2012 06 16  1633   56094  59580     3.50e-09    4.53e-07
2012 06 16  1634   56094  59640     2.23e-09    4.50e-07
2012 06 16  1635   56094  59700     1.24e-09    4.49e-07
2012 06 16  1636   56094  59760     1.41e-09    4.53e-07
2012 06 16  1637   56094  59820     1.59e-09    4.52e-07
2012 06 16  1638   56094  59880     1.27e-09    4.50e-07
2012 06 16  1639   56094  59940     1.14e-09    4.45e-07
2012 06 16  1640   56094  60000     1.00e-09    4.43e-07
2012 06 16  1641   56094  60060     1.04e-09    4.46e-07
2012 06 16  1642   56094  60120     1.00e-09    4.47e-07
2012 06 16  1643   56094  60180     1.55e-09    4.48e-07
2012 06 16  1644   56094  60240     2.99e-09    4.49e-07
2012 06 16  1645   56094  60300     1.71e-09    4.47e-07
2012 06 16  1646   56094  60360     2.90e-09    4.51e-07
2012 06 16  1647   56094  60420     4.60e-09    4.69e-07
2012 06 16  1648   56094  60480     6.06e-09    4.74e-07
2012 06 16  1649   56094  60540     5.73e-09    4.72e-07
2012 06 16  1650   56094  60600     3.64e-09    4.70e-07
2012 06 16  1651   56094  60660     6.06e-09    4.68e-07
2012 06 16  1652   56094  60720     3.53e-09    4.77e-07
2012 06 16  1653   56094  60780     2.12e-09    4.76e-07
2012 06 16  1654   56094  60840     1.59e-09    4.73e-07
2012 06 16  1655   56094  60900     2.38e-09    4.84e-07
2012 06 16  1656   56094  60960     2.77e-09    4.81e-07
2012 06 16  1657   56094  61020     2.64e-09    4.87e-07
2012 06 16  1658   56094  61080     3.72e-09    5.02e-07
2012 06 16  1659   56094  61140     3.31e-09    5.08e-07
2012 06 16  1700   56094  61200     2.62e-09    5.09e-07
2012 06 16  1701   56094  61260     4.19e-09    5.09e-07
2012 06 16  1702   56094  61320     1.23e-09    5.01e-07
2012 06 16  1703   56094  61380     1.47e-09    4.86e-07
2012 06 16  1704   56094  61440     1.73e-09    4.79e-07
2012 06 16  1705   56094  61500     1.47e-09    4.80e-07
2012 06 16  1706   56094  61560     2.19e-09    4.94e-07
2012 06 16  1707   56094  61620     3.02e-09    5.10e-07
2012 06 16  1708   56094  61680     7.25e-09    5.36e-07
2012 06 16  1709   56094  61740     8.29e-09    5.65e-07
2012 06 16  1710   56094  61800     7.64e-09    5.78e-07
2012 06 16  1711   56094  61860     5.21e-09    5.79e-07
2012 06 16  1712   56094  61920     4.91e-09    5.64e-07
2012 06 16  1713   56094  61980     5.33e-09    5.46e-07
2012 06 16  1714   56094  62040     4.56e-09    5.49e-07
2012 06 16  1715   56094  62100     3.87e-09    5.57e-07
2012 06 16  1716   56094  62160     3.68e-09    5.59e-07
2012 06 16  1717   56094  62220     3.75e-09    5.63e-07
2012 06 16  1718   56094  62280     4.56e-09    5.73e-07
2012 06 16  1719   56094  62340     4.57e-09    5.77e-07
2012 06 16  1720   56094  62400     4.98e-09    5.82e-07
2012 06 16  1721   56094  62460     4.45e-09    5.82e-07
2012 06 16  1722   56094  62520     5.25e-09    5.78e-07
2012 06 16  1723   56094  62580     5.50e-09    5.77e-07
2012 06 16  1724   56094  62640     4.29e-09    5.81e-07
2012 06 16  1725   56094  62700     3.52e-09    5.86e-07
2012 06 16  1726   56094  62760     5.06e-09    5.82e-07
2012 06 16  1727   56094  62820     5.56e-09    5.67e-07
2012 06 16  1728   56094  62880     4.12e-09    5.55e-07
2012 06 16  1729   56094  62940     2.45e-09    5.49e-07
2012 06 16  1730   56094  63000     4.14e-09    5.46e-07
2012 06 16  1731   56094  63060     4.77e-09    5.33e-07
2012 06 16  1732   56094  63120     3.00e-09    5.21e-07
2012 06 16  1733   56094  63180     6.36e-09    5.11e-07
2012 06 16  1734   56094  63240     6.79e-09    5.02e-07
2012 06 16  1735   56094  63300     5.75e-09    4.95e-07
2012 06 16  1736   56094  63360     4.83e-09    4.95e-07
2012 06 16  1737   56094  63420     4.91e-09    4.91e-07
2012 06 16  1738   56094  63480     4.68e-09    4.89e-07
2012 06 16  1739   56094  63540     7.17e-09    4.86e-07
2012 06 16  1740   56094  63600     5.02e-09    4.84e-07
2012 06 16  1741   56094  63660     4.56e-09    4.78e-07
2012 06 16  1742   56094  63720     4.22e-09    4.77e-07
2012 06 16  1743   56094  63780     5.50e-09    4.75e-07
2012 06 16  1744   56094  63840     4.71e-09    4.74e-07
2012 06 16  1745   56094  63900     7.21e-09    4.85e-07
2012 06 16  1746   56094  63960     9.29e-09    5.12e-07
2012 06 16  1747   56094  64020     1.02e-08    5.26e-07
2012 06 16  1748   56094  64080     9.40e-09    5.29e-07
2012 06 16  1749   56094  64140     1.07e-08    5.31e-07
2012 06 16  1750   56094  64200     9.33e-09    5.25e-07
2012 06 16  1751   56094  64260     7.60e-09    5.21e-07
2012 06 16  1752   56094  64320     7.98e-09    5.17e-07
2012 06 16  1753   56094  64380     8.73e-09    5.20e-07
2012 06 16  1754   56094  64440     7.29e-09    5.25e-07
2012 06 16  1755   56094  64500     9.33e-09    5.33e-07
2012 06 16  1756   56094  64560     1.11e-08    5.40e-07
2012 06 16  1757   56094  64620     1.06e-08    5.32e-07
2012 06 16  1758   56094  64680     1.13e-08    5.22e-07
2012 06 16  1759   56094  64740     7.14e-09    5.12e-07
2012 06 16  1800   56094  64800     4.98e-09    5.01e-07
2012 06 16  1801   56094  64860     4.56e-09    4.91e-07
2012 06 16  1802   56094  64920     5.29e-09    4.82e-07
2012 06 16  1803   56094  64980     4.54e-09    4.77e-07
2012 06 16  1804   56094  65040     3.87e-09    4.67e-07
2012 06 16  1805   56094  65100     2.45e-09    4.61e-07
2012 06 16  1806   56094  65160     2.96e-09    4.59e-07
2012 06 16  1807   56094  65220     3.91e-09    4.59e-07
2012 06 16  1808   56094  65280     4.68e-09    4.51e-07
2012 06 16  1809   56094  65340     4.71e-09    4.50e-07
2012 06 16  1810   56094  65400     3.76e-09    4.56e-07
2012 06 16  1811   56094  65460     3.56e-09    4.52e-07
2012 06 16  1812   56094  65520     2.85e-09    4.53e-07
2012 06 16  1813   56094  65580     2.04e-09    4.51e-07
2012 06 16  1814   56094  65640     1.90e-09    4.50e-07
2012 06 16  1815   56094  65700     3.08e-09    4.53e-07
2012 06 16  1816   56094  65760     3.46e-09    4.51e-07
2012 06 16  1817   56094  65820     5.29e-09    4.48e-07
2012 06 16  1818   56094  65880     5.29e-09    4.45e-07
2012 06 16  1819   56094  65940     4.87e-09    4.44e-07
2012 06 16  1820   56094  66000     3.53e-09    4.49e-07
2012 06 16  1821   56094  66060     6.10e-09    4.41e-07
2012 06 16  1822   56094  66120     3.07e-09    4.44e-07
2012 06 16  1823   56094  66180     2.84e-09    4.55e-07
2012 06 16  1824   56094  66240     4.64e-09    4.63e-07
2012 06 16  1825   56094  66300     5.98e-09    4.68e-07
2012 06 16  1826   56094  66360     5.09e-09    4.78e-07
2012 06 16  1827   56094  66420     4.87e-09    4.82e-07
2012 06 16  1828   56094  66480     5.56e-09    4.84e-07
2012 06 16  1829   56094  66540     6.33e-09    4.90e-07
2012 06 16  1830   56094  66600     8.70e-09    5.07e-07
2012 06 16  1831   56094  66660     9.52e-09    5.20e-07
2012 06 16  1832   56094  66720     1.32e-08    5.64e-07
2012 06 16  1833   56094  66780     2.02e-08    6.46e-07
2012 06 16  1834   56094  66840     5.06e-08    8.67e-07
2012 06 16  1835   56094  66900     5.90e-08    1.04e-06
2012 06 16  1836   56094  66960     4.46e-08    9.93e-07
2012 06 16  1837   56094  67020     3.04e-08    8.91e-07
2012 06 16  1838   56094  67080     2.56e-08    8.26e-07
2012 06 16  1839   56094  67140     2.02e-08    7.79e-07
2012 06 16  1840   56094  67200     1.80e-08    7.39e-07
2012 06 16  1841   56094  67260     1.46e-08    7.05e-07
2012 06 16  1842   56094  67320     1.12e-08    6.58e-07
2012 06 16  1843   56094  67380     1.12e-08    6.17e-07
2012 06 16  1844   56094  67440     1.11e-08    5.87e-07
2012 06 16  1845   56094  67500     9.36e-09    5.64e-07
2012 06 16  1846   56094  67560     9.36e-09    5.48e-07
2012 06 16  1847   56094  67620     8.33e-09    5.40e-07
2012 06 16  1848   56094  67680     6.44e-09    5.35e-07
2012 06 16  1849   56094  67740     6.60e-09    5.30e-07
2012 06 16  1850   56094  67800     5.17e-09    5.22e-07
2012 06 16  1851   56094  67860     6.25e-09    5.17e-07
2012 06 16  1852   56094  67920     4.98e-09    5.10e-07
2012 06 16  1853   56094  67980     4.65e-09    5.11e-07
2012 06 16  1854   56094  68040     3.79e-09    5.09e-07
2012 06 16  1855   56094  68100     4.18e-09    5.13e-07
2012 06 16  1856   56094  68160     4.75e-09    5.15e-07
2012 06 16  1857   56094  68220     3.91e-09    5.26e-07
2012 06 16  1858   56094  68280     6.67e-09    5.66e-07
2012 06 16  1859   56094  68340     1.01e-08    6.07e-07
2012 06 16  1900   56094  68400     1.55e-08    6.55e-07
2012 06 16  1901   56094  68460     1.73e-08    6.95e-07
2012 06 16  1902   56094  68520     1.70e-08    6.96e-07
2012 06 16  1903   56094  68580     1.43e-08    6.76e-07
2012 06 16  1904   56094  68640     1.21e-08    6.49e-07
2012 06 16  1905   56094  68700     1.15e-08    6.19e-07
2012 06 16  1906   56094  68760     1.02e-08    5.95e-07
2012 06 16  1907   56094  68820     7.14e-09    5.76e-07
2012 06 16  1908   56094  68880     7.48e-09    5.65e-07
2012 06 16  1909   56094  68940     7.87e-09    5.58e-07
2012 06 16  1910   56094  69000     7.36e-09    5.56e-07
2012 06 16  1911   56094  69060     5.21e-09    5.55e-07
2012 06 16  1912   56094  69120     5.41e-09    5.44e-07
2012 06 16  1913   56094  69180     2.05e-09    5.40e-07
2012 06 16  1914   56094  69240     2.11e-09    5.36e-07
2012 06 16  1915   56094  69300     2.56e-09    5.30e-07
2012 06 16  1916   56094  69360     2.83e-09    5.32e-07
2012 06 16  1917   56094  69420     5.69e-09    5.28e-07
2012 06 16  1918   56094  69480     5.41e-09    5.24e-07
2012 06 16  1919   56094  69540     3.98e-09    5.21e-07
2012 06 16  1920   56094  69600     3.31e-09    5.21e-07
2012 06 16  1921   56094  69660     4.33e-09    5.24e-07
2012 06 16  1922   56094  69720     6.21e-09    5.38e-07
2012 06 16  1923   56094  69780     5.75e-09    5.46e-07
2012 06 16  1924   56094  69840     5.76e-09    5.48e-07
2012 06 16  1925   56094  69900     6.56e-09    5.46e-07
2012 06 16  1926   56094  69960     6.91e-09    5.53e-07
2012 06 16  1927   56094  70020     7.99e-09    5.59e-07
2012 06 16  1928   56094  70080     1.03e-08    5.66e-07
2012 06 16  1929   56094  70140     8.40e-09    5.65e-07
2012 06 16  1930   56094  70200     6.43e-09    5.59e-07
2012 06 16  1931   56094  70260     5.94e-09    5.61e-07
2012 06 16  1932   56094  70320     7.14e-09    5.67e-07
2012 06 16  1933   56094  70380     5.83e-09    5.75e-07
2012 06 16  1934   56094  70440     2.95e-09    5.80e-07
2012 06 16  1935   56094  70500     2.75e-09    5.97e-07
2012 06 16  1936   56094  70560     3.58e-09    6.15e-07
2012 06 16  1937   56094  70620     4.54e-09    6.19e-07
2012 06 16  1938   56094  70680     5.94e-09    6.21e-07
2012 06 16  1939   56094  70740     8.79e-09    6.30e-07
2012 06 16  1940   56094  70800     1.23e-08    6.69e-07
2012 06 16  1941   56094  70860     1.96e-08    7.70e-07
2012 06 16  1942   56094  70920     2.57e-08    8.27e-07
2012 06 16  1943   56094  70980     2.39e-08    8.42e-07
2012 06 16  1944   56094  71040     1.95e-08    7.96e-07
2012 06 16  1945   56094  71100     1.73e-08    7.55e-07
2012 06 16  1946   56094  71160     1.42e-08    7.26e-07
2012 06 16  1947   56094  71220     1.40e-08    7.05e-07
2012 06 16  1948   56094  71280     1.29e-08    6.86e-07
2012 06 16  1949   56094  71340     1.15e-08    6.69e-07
2012 06 16  1950   56094  71400     1.09e-08    6.56e-07
2012 06 16  1951   56094  71460     9.07e-09    6.44e-07
2012 06 16  1952   56094  71520     9.17e-09    6.33e-07
2012 06 16  1953   56094  71580     9.48e-09    6.25e-07
2012 06 16  1954   56094  71640     8.33e-09    6.17e-07
2012 06 16  1955   56094  71700     8.75e-09    6.05e-07
2012 06 16  1956   56094  71760     8.56e-09    5.96e-07
2012 06 16  1957   56094  71820     8.07e-09    5.89e-07
2012 06 16  1958   56094  71880     6.98e-09    5.93e-07
2012 06 16  1959   56094  71940     3.14e-09    5.97e-07
2012 06 16  2000   56094  72000     1.82e-09    5.97e-07
2012 06 16  2001   56094  72060     1.64e-09    5.92e-07
2012 06 16  2002   56094  72120     2.40e-09    5.83e-07
2012 06 16  2003   56094  72180     3.46e-09    5.80e-07
2012 06 16  2004   56094  72240     2.84e-09    5.74e-07
2012 06 16  2005   56094  72300     2.11e-09    5.65e-07
2012 06 16  2006   56094  72360     1.70e-09    5.51e-07
2012 06 16  2007   56094  72420     1.79e-09    5.42e-07
2012 06 16  2008   56094  72480     1.96e-09    5.31e-07
2012 06 16  2009   56094  72540     1.60e-09    5.25e-07
2012 06 16  2010   56094  72600     1.39e-09    5.27e-07
2012 06 16  2011   56094  72660     1.68e-09    5.26e-07
2012 06 16  2012   56094  72720     3.37e-09    5.25e-07
2012 06 16  2013   56094  72780     3.25e-09    5.16e-07
2012 06 16  2014   56094  72840     2.79e-09    5.11e-07
2012 06 16  2015   56094  72900     3.06e-09    5.04e-07
2012 06 16  2016   56094  72960     1.87e-09    4.96e-07
2012 06 16  2017   56094  73020     2.04e-09    4.92e-07
2012 06 16  2018   56094  73080     3.16e-09    4.92e-07
2012 06 16  2019   56094  73140     3.77e-09    4.90e-07
2012 06 16  2020   56094  73200     3.37e-09    4.92e-07
2012 06 16  2021   56094  73260     3.83e-09    4.87e-07
2012 06 16  2022   56094  73320     3.37e-09    4.92e-07
2012 06 16  2023   56094  73380     3.22e-09    4.92e-07
2012 06 16  2024   56094  73440     3.13e-09    4.88e-07
2012 06 16  2025   56094  73500     2.39e-09    4.86e-07
2012 06 16  2026   56094  73560     4.69e-09    4.83e-07
2012 06 16  2027   56094  73620     5.64e-09    4.87e-07
2012 06 16  2028   56094  73680     4.31e-09    4.90e-07
2012 06 16  2029   56094  73740     1.42e-09    4.88e-07
2012 06 16  2030   56094  73800     2.05e-09    4.92e-07
2012 06 16  2031   56094  73860     3.20e-09    5.01e-07
2012 06 16  2032   56094  73920     4.92e-09    5.00e-07
2012 06 16  2033   56094  73980     3.14e-09    4.98e-07
2012 06 16  2034   56094  74040     3.46e-09    4.97e-07
2012 06 16  2035   56094  74100     2.32e-09    4.94e-07
2012 06 16  2036   56094  74160     1.96e-09    4.89e-07
2012 06 16  2037   56094  74220     2.93e-09    4.79e-07
2012 06 16  2038   56094  74280     7.95e-09    4.73e-07
2012 06 16  2039   56094  74340     4.95e-09    4.69e-07
2012 06 16  2040   56094  74400     4.45e-09    4.68e-07
2012 06 16  2041   56094  74460     4.50e-09    4.67e-07
2012 06 16  2042   56094  74520     5.79e-09    4.62e-07
2012 06 16  2043   56094  74580     2.64e-09    4.61e-07
2012 06 16  2044   56094  74640     2.80e-09    4.59e-07
2012 06 16  2045   56094  74700     2.08e-09    4.61e-07
2012 06 16  2046   56094  74760     1.50e-09    4.64e-07
2012 06 16  2047   56094  74820     1.10e-09    4.65e-07
2012 06 16  2048   56094  74880     1.56e-09    4.66e-07
2012 06 16  2049   56094  74940     2.55e-09    4.70e-07
2012 06 16  2050   56094  75000     5.33e-09    5.01e-07
2012 06 16  2051   56094  75060     5.99e-09    5.52e-07
2012 06 16  2052   56094  75120     4.52e-09    5.08e-07
2012 06 16  2053   56094  75180     2.67e-09    4.80e-07
2012 06 16  2054   56094  75240     2.05e-09    4.74e-07
2012 06 16  2055   56094  75300     1.06e-09    4.69e-07
2012 06 16  2056   56094  75360     1.00e-09    4.67e-07
2012 06 16  2057   56094  75420     1.49e-09    4.68e-07
2012 06 16  2058   56094  75480     1.95e-09    4.70e-07
2012 06 16  2059   56094  75540     2.96e-09    4.68e-07
2012 06 16  2100   56094  75600     1.27e-09    4.71e-07
2012 06 16  2101   56094  75660     2.07e-09    4.74e-07
2012 06 16  2102   56094  75720     1.44e-09    4.77e-07
2012 06 16  2103   56094  75780     2.39e-09    4.79e-07
2012 06 16  2104   56094  75840     3.16e-09    4.81e-07
2012 06 16  2105   56094  75900     3.35e-09    4.80e-07
2012 06 16  2106   56094  75960     3.00e-09    4.82e-07
2012 06 16  2107   56094  76020     3.73e-09    4.81e-07
2012 06 16  2108   56094  76080     1.85e-09    4.85e-07
2012 06 16  2109   56094  76140     1.65e-09    4.86e-07
2012 06 16  2110   56094  76200     1.90e-09    4.82e-07
2012 06 16  2111   56094  76260     1.72e-09    4.83e-07
2012 06 16  2112   56094  76320     3.91e-09    4.83e-07
2012 06 16  2113   56094  76380     3.45e-09    4.87e-07
2012 06 16  2114   56094  76440     3.91e-09    4.85e-07
2012 06 16  2115   56094  76500     2.43e-09    4.87e-07
2012 06 16  2116   56094  76560     2.50e-09    4.89e-07
2012 06 16  2117   56094  76620     2.25e-09    4.88e-07
2012 06 16  2118   56094  76680     2.84e-09    4.92e-07
2012 06 16  2119   56094  76740     3.64e-09    4.97e-07
2012 06 16  2120   56094  76800     3.64e-09    5.05e-07
2012 06 16  2121   56094  76860     4.02e-09    5.11e-07
2012 06 16  2122   56094  76920     4.45e-09    5.43e-07
2012 06 16  2123   56094  76980     8.83e-09    5.81e-07
2012 06 16  2124   56094  77040     1.27e-08    6.25e-07
2012 06 16  2125   56094  77100     1.50e-08    6.53e-07
2012 06 16  2126   56094  77160     1.67e-08    6.70e-07
2012 06 16  2127   56094  77220     1.79e-08    6.86e-07
2012 06 16  2128   56094  77280     1.98e-08    6.92e-07
2012 06 16  2129   56094  77340     2.05e-08    6.94e-07
2012 06 16  2130   56094  77400     2.08e-08    7.04e-07
2012 06 16  2131   56094  77460     2.17e-08    7.09e-07
2012 06 16  2132   56094  77520     1.82e-08    7.12e-07
2012 06 16  2133   56094  77580     1.81e-08    7.16e-07
2012 06 16  2134   56094  77640     1.73e-08    7.19e-07
2012 06 16  2135   56094  77700     1.62e-08    7.19e-07
2012 06 16  2136   56094  77760     1.57e-08    7.22e-07
2012 06 16  2137   56094  77820     1.65e-08    7.27e-07
2012 06 16  2138   56094  77880     1.64e-08    7.28e-07
2012 06 16  2139   56094  77940     1.55e-08    7.33e-07
2012 06 16  2140   56094  78000     1.46e-08    7.30e-07
2012 06 16  2141   56094  78060     1.37e-08    7.28e-07
2012 06 16  2142   56094  78120     1.22e-08    7.22e-07
2012 06 16  2143   56094  78180     1.25e-08    7.16e-07
2012 06 16  2144   56094  78240     1.02e-08    7.09e-07
2012 06 16  2145   56094  78300     8.81e-09    7.00e-07
2012 06 16  2146   56094  78360     7.67e-09    6.95e-07
2012 06 16  2147   56094  78420     5.83e-09    6.85e-07
2012 06 16  2148   56094  78480     5.21e-09    6.76e-07
2012 06 16  2149   56094  78540     5.56e-09    6.67e-07
2012 06 16  2150   56094  78600     8.02e-09    6.66e-07
2012 06 16  2151   56094  78660     6.37e-09    6.73e-07
2012 06 16  2152   56094  78720     2.96e-09    6.73e-07
2012 06 16  2153   56094  78780     2.58e-09    6.85e-07
2012 06 16  2154   56094  78840     4.56e-09    6.99e-07
2012 06 16  2155   56094  78900     4.43e-09    7.05e-07
2012 06 16  2156   56094  78960     3.79e-09    7.04e-07
2012 06 16  2157   56094  79020     5.52e-09    7.03e-07
2012 06 16  2158   56094  79080     9.44e-09    7.11e-07
2012 06 16  2159   56094  79140     9.89e-09    7.31e-07
2012 06 16  2200   56094  79200     1.09e-08    7.40e-07
2012 06 16  2201   56094  79260     1.16e-08    7.37e-07
2012 06 16  2202   56094  79320     1.04e-08    7.32e-07
2012 06 16  2203   56094  79380     9.48e-09    7.31e-07
2012 06 16  2204   56094  79440     8.71e-09    7.27e-07
2012 06 16  2205   56094  79500     8.40e-09    7.25e-07
2012 06 16  2206   56094  79560     7.60e-09    7.15e-07
2012 06 16  2207   56094  79620     7.64e-09    7.09e-07
2012 06 16  2208   56094  79680     7.64e-09    7.04e-07
2012 06 16  2209   56094  79740     5.58e-09    7.02e-07
2012 06 16  2210   56094  79800     6.14e-09    7.03e-07
2012 06 16  2211   56094  79860     7.17e-09    7.02e-07
2012 06 16  2212   56094  79920     6.10e-09    7.06e-07
2012 06 16  2213   56094  79980     7.37e-09    7.15e-07
2012 06 16  2214   56094  80040     6.18e-09    7.16e-07
2012 06 16  2215   56094  80100     7.14e-09    7.15e-07
2012 06 16  2216   56094  80160     6.98e-09    7.12e-07
2012 06 16  2217   56094  80220     4.71e-09    7.10e-07
2012 06 16  2218   56094  80280     6.94e-09    7.10e-07
2012 06 16  2219   56094  80340     5.06e-09    7.12e-07
2012 06 16  2220   56094  80400     6.06e-09    7.21e-07
2012 06 16  2221   56094  80460     4.79e-09    7.31e-07
2012 06 16  2222   56094  80520     5.39e-09    7.44e-07
2012 06 16  2223   56094  80580     6.75e-09    7.57e-07
2012 06 16  2224   56094  80640     7.21e-09    7.75e-07
2012 06 16  2225   56094  80700     1.20e-08    8.02e-07
2012 06 16  2226   56094  80760     1.44e-08    8.36e-07
2012 06 16  2227   56094  80820     1.64e-08    8.80e-07
2012 06 16  2228   56094  80880     1.94e-08    9.28e-07
2012 06 16  2229   56094  80940     2.59e-08    9.84e-07
2012 06 16  2230   56094  81000     2.52e-08    1.00e-06
2012 06 16  2231   56094  81060     2.49e-08    1.01e-06
2012 06 16  2232   56094  81120     2.36e-08    1.01e-06
2012 06 16  2233   56094  81180     2.45e-08    1.01e-06
2012 06 16  2234   56094  81240     2.39e-08    1.01e-06
2012 06 16  2235   56094  81300     2.23e-08    1.00e-06
2012 06 16  2236   56094  81360     2.16e-08    1.00e-06
2012 06 16  2237   56094  81420     2.18e-08    9.93e-07
2012 06 16  2238   56094  81480     2.20e-08    9.89e-07
2012 06 16  2239   56094  81540     2.04e-08    9.95e-07
2012 06 16  2240   56094  81600     2.21e-08    1.01e-06
2012 06 16  2241   56094  81660     2.25e-08    1.01e-06
2012 06 16  2242   56094  81720     2.25e-08    1.02e-06
2012 06 16  2243   56094  81780     2.39e-08    1.02e-06
2012 06 16  2244   56094  81840     2.60e-08    1.03e-06
2012 06 16  2245   56094  81900     2.60e-08    1.04e-06
2012 06 16  2246   56094  81960     2.47e-08    1.04e-06
2012 06 16  2247   56094  82020     2.35e-08    1.06e-06
2012 06 16  2248   56094  82080     2.35e-08    1.05e-06
2012 06 16  2249   56094  82140     2.26e-08    1.05e-06
2012 06 16  2250   56094  82200     2.13e-08    1.04e-06
2012 06 16  2251   56094  82260     2.16e-08    1.03e-06
2012 06 16  2252   56094  82320     2.16e-08    1.02e-06
2012 06 16  2253   56094  82380     2.09e-08    1.02e-06
2012 06 16  2254   56094  82440     2.03e-08    1.01e-06
2012 06 16  2255   56094  82500     2.12e-08    1.00e-06
2012 06 16  2256   56094  82560     2.07e-08    9.91e-07
2012 06 16  2257   56094  82620     2.03e-08    9.84e-07
2012 06 16  2258   56094  82680     1.95e-08    9.78e-07
2012 06 16  2259   56094  82740     1.94e-08    9.78e-07
2012 06 16  2300   56094  82800     1.80e-08    9.79e-07
2012 06 16  2301   56094  82860     1.75e-08    9.83e-07
2012 06 16  2302   56094  82920     1.69e-08    9.72e-07
2012 06 16  2303   56094  82980     1.43e-08    9.53e-07
2012 06 16  2304   56094  83040     1.42e-08    9.35e-07
2012 06 16  2305   56094  83100     1.34e-08    9.26e-07
2012 06 16  2306   56094  83160     1.26e-08    9.16e-07
2012 06 16  2307   56094  83220     1.32e-08    9.17e-07
2012 06 16  2308   56094  83280     1.36e-08    9.24e-07
2012 06 16  2309   56094  83340     1.90e-08    9.49e-07
2012 06 16  2310   56094  83400     2.24e-08    1.00e-06
2012 06 16  2311   56094  83460     2.55e-08    1.04e-06
2012 06 16  2312   56094  83520     3.18e-08    1.10e-06
2012 06 16  2313   56094  83580     4.23e-08    1.17e-06
2012 06 16  2314   56094  83640     4.76e-08    1.22e-06
2012 06 16  2315   56094  83700     3.68e-08    1.19e-06
2012 06 16  2316   56094  83760     2.71e-08    1.13e-06
2012 06 16  2317   56094  83820     1.83e-08    1.07e-06
2012 06 16  2318   56094  83880     1.44e-08    1.01e-06
2012 06 16  2319   56094  83940     1.16e-08    9.61e-07
2012 06 16  2320   56094  84000     8.98e-09    9.19e-07
2012 06 16  2321   56094  84060     9.48e-09    8.90e-07
2012 06 16  2322   56094  84120     7.52e-09    8.74e-07
2012 06 16  2323   56094  84180     6.10e-09    8.59e-07
2012 06 16  2324   56094  84240     6.14e-09    8.53e-07
2012 06 16  2325   56094  84300     7.98e-09    8.52e-07
2012 06 16  2326   56094  84360     4.57e-09    8.49e-07
2012 06 16  2327   56094  84420     7.21e-09    8.46e-07
2012 06 16  2328   56094  84480     6.60e-09    8.37e-07
2012 06 16  2329   56094  84540     6.77e-09    8.29e-07
2012 06 16  2330   56094  84600     5.60e-09    8.18e-07
2012 06 16  2331   56094  84660     5.02e-09    8.11e-07
2012 06 16  2332   56094  84720     4.98e-09    8.07e-07
2012 06 16  2333   56094  84780     5.73e-09    8.00e-07
2012 06 16  2334   56094  84840     4.98e-09    7.95e-07
2012 06 16  2335   56094  84900     6.02e-09    7.91e-07
2012 06 16  2336   56094  84960     4.65e-09    7.81e-07
2012 06 16  2337   56094  85020     7.25e-09    7.78e-07
2012 06 16  2338   56094  85080     8.02e-09    7.67e-07
2012 06 16  2339   56094  85140     6.75e-09    7.64e-07
2012 06 16  2340   56094  85200     5.17e-09    7.65e-07
2012 06 16  2341   56094  85260     8.71e-09    7.64e-07
2012 06 16  2342   56094  85320     7.60e-09    7.63e-07
2012 06 16  2343   56094  85380     6.91e-09    7.66e-07
2012 06 16  2344   56094  85440     7.64e-09    7.68e-07
2012 06 16  2345   56094  85500     6.87e-09    7.67e-07
2012 06 16  2346   56094  85560     5.76e-09    7.67e-07
2012 06 16  2347   56094  85620     7.29e-09    7.72e-07
2012 06 16  2348   56094  85680     6.10e-09    7.76e-07
2012 06 16  2349   56094  85740     5.68e-09    7.74e-07
2012 06 16  2350   56094  85800     6.25e-09    7.67e-07
2012 06 16  2351   56094  85860     7.29e-09    7.68e-07
2012 06 16  2352   56094  85920     5.60e-09    7.61e-07
2012 06 16  2353   56094  85980     6.39e-09    7.62e-07
2012 06 16  2354   56094  86040     6.14e-09    7.62e-07
2012 06 16  2355   56094  86100     6.48e-09    7.62e-07
2012 06 16  2356   56094  86160     6.80e-09    7.61e-07
2012 06 16  2357   56094  86220     9.36e-09    7.67e-07
2012 06 16  2358   56094  86280     7.83e-09    7.69e-07
2012 06 16  2359   56094  86340     8.60e-09    7.73e-07
