:Data_list: 20120630_Gp_xr_1m.txt
:Created: 2012 Jul 01 0010 UTC
# Prepared by the U.S. Dept. of Commerce, NOAA, Space Weather Prediction Center
# Please send comments and suggestions to SWPC.Webmaster@noaa.gov 
# 
# Label: Short = 0.05- 0.4 nanometer
# Label: Long  = 0.1 - 0.8 nanometer
# Units: Short = Watts per meter squared
# Units: Long  = Watts per meter squared
# Source: GOES-15
# Location: W135
# Missing data: -1.00e+05
#
#         1-minute GOES-15 Solar X-ray Flux
# 
#                 Modified Seconds
# UTC Date  Time   Julian  of the
# YR MO DA  HHMM    Day     Day       Short       Long
#-------------------------------------------------------
2012 06 30  0000   56108      0     8.25e-09    6.17e-07
2012 06 30  0001   56108     60     7.64e-09    6.00e-07
2012 06 30  0002   56108    120     7.79e-09    5.86e-07
2012 06 30  0003   56108    180     6.47e-09    5.72e-07
2012 06 30  0004   56108    240     2.58e-09    5.52e-07
2012 06 30  0005   56108    300     1.41e-09    5.44e-07
2012 06 30  0006   56108    360     1.81e-09    5.44e-07
2012 06 30  0007   56108    420     1.93e-09    5.42e-07
2012 06 30  0008   56108    480     3.64e-09    5.41e-07
2012 06 30  0009   56108    540     4.95e-09    5.57e-07
2012 06 30  0010   56108    600     5.73e-09    5.72e-07
2012 06 30  0011   56108    660     6.37e-09    5.77e-07
2012 06 30  0012   56108    720     7.48e-09    5.86e-07
2012 06 30  0013   56108    780     6.94e-09    5.88e-07
2012 06 30  0014   56108    840     6.32e-09    5.80e-07
2012 06 30  0015   56108    900     8.02e-09    5.81e-07
2012 06 30  0016   56108    960     6.67e-09    5.80e-07
2012 06 30  0017   56108   1020     4.87e-09    5.69e-07
2012 06 30  0018   56108   1080     4.06e-09    5.54e-07
2012 06 30  0019   56108   1140     5.02e-09    5.37e-07
2012 06 30  0020   56108   1200     3.05e-09    5.23e-07
2012 06 30  0021   56108   1260     2.18e-09    5.16e-07
2012 06 30  0022   56108   1320     1.63e-09    5.07e-07
2012 06 30  0023   56108   1380     2.26e-09    5.00e-07
2012 06 30  0024   56108   1440     1.56e-09    5.01e-07
2012 06 30  0025   56108   1500     1.37e-09    4.99e-07
2012 06 30  0026   56108   1560     1.73e-09    4.92e-07
2012 06 30  0027   56108   1620     1.58e-09    4.88e-07
2012 06 30  0028   56108   1680     1.84e-09    4.80e-07
2012 06 30  0029   56108   1740     2.07e-09    4.77e-07
2012 06 30  0030   56108   1800     2.73e-09    4.71e-07
2012 06 30  0031   56108   1860     2.41e-09    4.66e-07
2012 06 30  0032   56108   1920     1.61e-09    4.65e-07
2012 06 30  0033   56108   1980     1.37e-09    4.62e-07
2012 06 30  0034   56108   2040     1.43e-09    4.59e-07
2012 06 30  0035   56108   2100     1.08e-09    4.52e-07
2012 06 30  0036   56108   2160     1.18e-09    4.48e-07
2012 06 30  0037   56108   2220     1.02e-09    4.41e-07
2012 06 30  0038   56108   2280     1.10e-09    4.37e-07
2012 06 30  0039   56108   2340     1.12e-09    4.38e-07
2012 06 30  0040   56108   2400     1.49e-09    4.36e-07
2012 06 30  0041   56108   2460     1.58e-09    4.35e-07
2012 06 30  0042   56108   2520     1.56e-09    4.31e-07
2012 06 30  0043   56108   2580     3.21e-09    4.29e-07
2012 06 30  0044   56108   2640     1.15e-09    4.31e-07
2012 06 30  0045   56108   2700     1.00e-09    4.25e-07
2012 06 30  0046   56108   2760     1.15e-09    4.16e-07
2012 06 30  0047   56108   2820     1.67e-09    4.10e-07
2012 06 30  0048   56108   2880     1.19e-09    4.07e-07
2012 06 30  0049   56108   2940     1.69e-09    4.08e-07
2012 06 30  0050   56108   3000     4.64e-09    4.34e-07
2012 06 30  0051   56108   3060     4.54e-09    4.51e-07
2012 06 30  0052   56108   3120     1.62e-08    5.66e-07
2012 06 30  0053   56108   3180     1.77e-08    6.00e-07
2012 06 30  0054   56108   3240     8.14e-09    5.59e-07
2012 06 30  0055   56108   3300     3.91e-09    5.08e-07
2012 06 30  0056   56108   3360     3.22e-09    4.93e-07
2012 06 30  0057   56108   3420     3.14e-09    4.83e-07
2012 06 30  0058   56108   3480     6.72e-09    5.17e-07
2012 06 30  0059   56108   3540     9.52e-09    5.55e-07
2012 06 30  0100   56108   3600     1.43e-08    5.88e-07
2012 06 30  0101   56108   3660     1.44e-08    5.97e-07
2012 06 30  0102   56108   3720     1.18e-08    5.95e-07
2012 06 30  0103   56108   3780     1.28e-08    5.87e-07
2012 06 30  0104   56108   3840     1.10e-08    5.80e-07
2012 06 30  0105   56108   3900     1.52e-08    6.05e-07
2012 06 30  0106   56108   3960     1.45e-08    5.99e-07
2012 06 30  0107   56108   4020     1.21e-08    5.68e-07
2012 06 30  0108   56108   4080     8.75e-09    5.40e-07
2012 06 30  0109   56108   4140     4.98e-09    5.19e-07
2012 06 30  0110   56108   4200     3.18e-09    5.07e-07
2012 06 30  0111   56108   4260     3.50e-09    5.05e-07
2012 06 30  0112   56108   4320     3.23e-09    4.84e-07
2012 06 30  0113   56108   4380     1.86e-09    4.67e-07
2012 06 30  0114   56108   4440     1.36e-09    4.61e-07
2012 06 30  0115   56108   4500     2.89e-09    4.65e-07
2012 06 30  0116   56108   4560     1.97e-09    4.71e-07
2012 06 30  0117   56108   4620     2.49e-09    4.77e-07
2012 06 30  0118   56108   4680     1.04e-09    4.66e-07
2012 06 30  0119   56108   4740     2.83e-09    4.85e-07
2012 06 30  0120   56108   4800     5.98e-09    5.36e-07
2012 06 30  0121   56108   4860     3.65e-09    5.09e-07
2012 06 30  0122   56108   4920     4.14e-09    4.94e-07
2012 06 30  0123   56108   4980     3.29e-09    4.83e-07
2012 06 30  0124   56108   5040     2.44e-09    4.66e-07
2012 06 30  0125   56108   5100     3.64e-09    4.60e-07
2012 06 30  0126   56108   5160     2.72e-09    4.53e-07
2012 06 30  0127   56108   5220     1.40e-09    4.50e-07
2012 06 30  0128   56108   5280     1.13e-09    4.51e-07
2012 06 30  0129   56108   5340     1.08e-09    4.46e-07
2012 06 30  0130   56108   5400     1.00e-09    4.36e-07
2012 06 30  0131   56108   5460     1.00e-09    4.30e-07
2012 06 30  0132   56108   5520     1.02e-09    4.22e-07
2012 06 30  0133   56108   5580     1.00e-09    4.13e-07
2012 06 30  0134   56108   5640     1.02e-09    4.09e-07
2012 06 30  0135   56108   5700     1.00e-09    4.06e-07
2012 06 30  0136   56108   5760     1.00e-09    4.04e-07
2012 06 30  0137   56108   5820     1.24e-09    4.00e-07
2012 06 30  0138   56108   5880     1.00e-09    4.01e-07
2012 06 30  0139   56108   5940     1.00e-09    3.99e-07
2012 06 30  0140   56108   6000     1.00e-09    3.99e-07
2012 06 30  0141   56108   6060     1.00e-09    3.94e-07
2012 06 30  0142   56108   6120     1.00e-09    3.89e-07
2012 06 30  0143   56108   6180     1.02e-09    3.89e-07
2012 06 30  0144   56108   6240     1.44e-09    3.91e-07
2012 06 30  0145   56108   6300     1.00e-09    3.86e-07
2012 06 30  0146   56108   6360     1.10e-09    3.87e-07
2012 06 30  0147   56108   6420     1.00e-09    3.87e-07
2012 06 30  0148   56108   6480     1.04e-09    3.92e-07
2012 06 30  0149   56108   6540     1.02e-09    4.17e-07
2012 06 30  0150   56108   6600     1.02e-09    4.27e-07
2012 06 30  0151   56108   6660     1.00e-09    4.21e-07
2012 06 30  0152   56108   6720     1.00e-09    4.10e-07
2012 06 30  0153   56108   6780     1.00e-09    4.07e-07
2012 06 30  0154   56108   6840     1.00e-09    4.08e-07
2012 06 30  0155   56108   6900     1.00e-09    4.15e-07
2012 06 30  0156   56108   6960     1.02e-09    4.29e-07
2012 06 30  0157   56108   7020     1.00e-09    4.52e-07
2012 06 30  0158   56108   7080     1.00e-09    4.55e-07
2012 06 30  0159   56108   7140     1.00e-09    4.50e-07
2012 06 30  0200   56108   7200     1.00e-09    4.42e-07
2012 06 30  0201   56108   7260     1.00e-09    4.27e-07
2012 06 30  0202   56108   7320     1.00e-09    4.17e-07
2012 06 30  0203   56108   7380     1.00e-09    4.13e-07
2012 06 30  0204   56108   7440     1.00e-09    4.06e-07
2012 06 30  0205   56108   7500     1.00e-09    4.07e-07
2012 06 30  0206   56108   7560     1.00e-09    4.07e-07
2012 06 30  0207   56108   7620     1.00e-09    4.05e-07
2012 06 30  0208   56108   7680     1.36e-09    4.04e-07
2012 06 30  0209   56108   7740     1.00e-09    3.95e-07
2012 06 30  0210   56108   7800     1.00e-09    3.88e-07
2012 06 30  0211   56108   7860     1.00e-09    3.85e-07
2012 06 30  0212   56108   7920     1.00e-09    3.92e-07
2012 06 30  0213   56108   7980     1.04e-09    4.11e-07
2012 06 30  0214   56108   8040     1.77e-09    4.22e-07
2012 06 30  0215   56108   8100     1.30e-09    4.27e-07
2012 06 30  0216   56108   8160     1.00e-09    4.32e-07
2012 06 30  0217   56108   8220     1.02e-09    4.29e-07
2012 06 30  0218   56108   8280     1.00e-09    4.23e-07
2012 06 30  0219   56108   8340     1.00e-09    4.18e-07
2012 06 30  0220   56108   8400     1.00e-09    4.18e-07
2012 06 30  0221   56108   8460     1.00e-09    4.13e-07
2012 06 30  0222   56108   8520     1.00e-09    4.11e-07
2012 06 30  0223   56108   8580     1.00e-09    4.03e-07
2012 06 30  0224   56108   8640     1.04e-09    3.97e-07
2012 06 30  0225   56108   8700     1.00e-09    3.90e-07
2012 06 30  0226   56108   8760     1.00e-09    3.86e-07
2012 06 30  0227   56108   8820     1.00e-09    3.82e-07
2012 06 30  0228   56108   8880     1.02e-09    3.79e-07
2012 06 30  0229   56108   8940     2.02e-09    3.76e-07
2012 06 30  0230   56108   9000     1.62e-09    3.77e-07
2012 06 30  0231   56108   9060     1.04e-09    3.83e-07
2012 06 30  0232   56108   9120     1.30e-09    3.98e-07
2012 06 30  0233   56108   9180     2.41e-09    4.10e-07
2012 06 30  0234   56108   9240     1.02e-09    3.92e-07
2012 06 30  0235   56108   9300     1.02e-09    3.86e-07
2012 06 30  0236   56108   9360     1.00e-09    3.89e-07
2012 06 30  0237   56108   9420     1.20e-09    3.87e-07
2012 06 30  0238   56108   9480     2.65e-09    4.23e-07
2012 06 30  0239   56108   9540     9.44e-09    5.01e-07
2012 06 30  0240   56108   9600     5.83e-09    4.71e-07
2012 06 30  0241   56108   9660     5.98e-09    4.56e-07
2012 06 30  0242   56108   9720     4.83e-09    4.42e-07
2012 06 30  0243   56108   9780     4.87e-09    4.68e-07
2012 06 30  0244   56108   9840     3.37e-09    4.83e-07
2012 06 30  0245   56108   9900     2.21e-09    4.64e-07
2012 06 30  0246   56108   9960     1.80e-09    4.59e-07
2012 06 30  0247   56108  10020     4.22e-09    4.87e-07
2012 06 30  0248   56108  10080     5.75e-09    4.98e-07
2012 06 30  0249   56108  10140     1.09e-08    5.47e-07
2012 06 30  0250   56108  10200     1.47e-08    5.87e-07
2012 06 30  0251   56108  10260     1.10e-08    5.58e-07
2012 06 30  0252   56108  10320     9.77e-09    5.41e-07
2012 06 30  0253   56108  10380     3.01e-09    5.07e-07
2012 06 30  0254   56108  10440     1.00e-09    4.71e-07
2012 06 30  0255   56108  10500     1.00e-09    4.50e-07
2012 06 30  0256   56108  10560     1.34e-09    4.42e-07
2012 06 30  0257   56108  10620     1.43e-09    4.32e-07
2012 06 30  0258   56108  10680     1.35e-09    4.21e-07
2012 06 30  0259   56108  10740     1.53e-09    4.13e-07
2012 06 30  0300   56108  10800     1.34e-09    4.10e-07
2012 06 30  0301   56108  10860     1.08e-09    4.13e-07
2012 06 30  0302   56108  10920     1.00e-09    4.10e-07
2012 06 30  0303   56108  10980     1.12e-09    4.09e-07
2012 06 30  0304   56108  11040     1.48e-09    4.09e-07
2012 06 30  0305   56108  11100     1.43e-09    4.10e-07
2012 06 30  0306   56108  11160     1.28e-09    4.10e-07
2012 06 30  0307   56108  11220     1.00e-09    4.11e-07
2012 06 30  0308   56108  11280     1.00e-09    4.10e-07
2012 06 30  0309   56108  11340     1.00e-09    4.09e-07
2012 06 30  0310   56108  11400     1.24e-09    4.06e-07
2012 06 30  0311   56108  11460     1.10e-09    4.10e-07
2012 06 30  0312   56108  11520     1.21e-09    4.04e-07
2012 06 30  0313   56108  11580     1.16e-09    3.97e-07
2012 06 30  0314   56108  11640     1.08e-09    3.90e-07
2012 06 30  0315   56108  11700     1.15e-09    3.88e-07
2012 06 30  0316   56108  11760     1.22e-09    3.82e-07
2012 06 30  0317   56108  11820     1.00e-09    3.79e-07
2012 06 30  0318   56108  11880     1.00e-09    3.78e-07
2012 06 30  0319   56108  11940     1.51e-09    3.78e-07
2012 06 30  0320   56108  12000     1.00e-09    3.79e-07
2012 06 30  0321   56108  12060     1.00e-09    3.79e-07
2012 06 30  0322   56108  12120     1.00e-09    3.90e-07
2012 06 30  0323   56108  12180     1.00e-09    3.94e-07
2012 06 30  0324   56108  12240     1.00e-09    3.96e-07
2012 06 30  0325   56108  12300     1.00e-09    3.96e-07
2012 06 30  0326   56108  12360     1.00e-09    4.04e-07
2012 06 30  0327   56108  12420     1.74e-09    4.26e-07
2012 06 30  0328   56108  12480     3.33e-09    4.45e-07
2012 06 30  0329   56108  12540     2.15e-09    4.54e-07
2012 06 30  0330   56108  12600     6.48e-09    5.21e-07
2012 06 30  0331   56108  12660     7.29e-09    5.57e-07
2012 06 30  0332   56108  12720     8.33e-09    5.61e-07
2012 06 30  0333   56108  12780     7.79e-09    5.38e-07
2012 06 30  0334   56108  12840     5.68e-09    5.06e-07
2012 06 30  0335   56108  12900     4.79e-09    4.91e-07
2012 06 30  0336   56108  12960     3.83e-09    4.87e-07
2012 06 30  0337   56108  13020     2.75e-09    4.80e-07
2012 06 30  0338   56108  13080     3.35e-09    4.75e-07
2012 06 30  0339   56108  13140     1.49e-09    4.71e-07
2012 06 30  0340   56108  13200     1.06e-09    4.72e-07
2012 06 30  0341   56108  13260     1.63e-09    4.77e-07
2012 06 30  0342   56108  13320     2.43e-09    4.81e-07
2012 06 30  0343   56108  13380     1.47e-09    4.69e-07
2012 06 30  0344   56108  13440     1.38e-09    4.67e-07
2012 06 30  0345   56108  13500     1.45e-09    4.60e-07
2012 06 30  0346   56108  13560     1.25e-09    4.56e-07
2012 06 30  0347   56108  13620     1.02e-09    4.54e-07
2012 06 30  0348   56108  13680     1.00e-09    4.53e-07
2012 06 30  0349   56108  13740     1.00e-09    4.61e-07
2012 06 30  0350   56108  13800     1.40e-09    4.68e-07
2012 06 30  0351   56108  13860     1.23e-09    4.66e-07
2012 06 30  0352   56108  13920     1.39e-09    4.53e-07
2012 06 30  0353   56108  13980     1.22e-09    4.48e-07
2012 06 30  0354   56108  14040     1.44e-09    4.47e-07
2012 06 30  0355   56108  14100     1.06e-09    4.44e-07
2012 06 30  0356   56108  14160     1.00e-09    4.40e-07
2012 06 30  0357   56108  14220     1.00e-09    4.40e-07
2012 06 30  0358   56108  14280     1.00e-09    4.36e-07
2012 06 30  0359   56108  14340     1.12e-09    4.34e-07
2012 06 30  0400   56108  14400     1.00e-09    4.31e-07
2012 06 30  0401   56108  14460     1.00e-09    4.25e-07
2012 06 30  0402   56108  14520     1.00e-09    4.21e-07
2012 06 30  0403   56108  14580     1.00e-09    4.16e-07
2012 06 30  0404   56108  14640     1.00e-09    4.21e-07
2012 06 30  0405   56108  14700     1.02e-09    4.20e-07
2012 06 30  0406   56108  14760     2.89e-09    4.15e-07
2012 06 30  0407   56108  14820     1.59e-09    4.11e-07
2012 06 30  0408   56108  14880     1.00e-09    4.07e-07
2012 06 30  0409   56108  14940     1.43e-09    4.09e-07
2012 06 30  0410   56108  15000     1.00e-09    4.08e-07
2012 06 30  0411   56108  15060     1.00e-09    4.02e-07
2012 06 30  0412   56108  15120     1.00e-09    4.08e-07
2012 06 30  0413   56108  15180     1.15e-09    4.19e-07
2012 06 30  0414   56108  15240     2.02e-09    4.35e-07
2012 06 30  0415   56108  15300     2.34e-09    4.35e-07
2012 06 30  0416   56108  15360     4.33e-09    4.32e-07
2012 06 30  0417   56108  15420     1.36e-09    4.26e-07
2012 06 30  0418   56108  15480     1.00e-09    4.19e-07
2012 06 30  0419   56108  15540     1.00e-09    4.14e-07
2012 06 30  0420   56108  15600     1.68e-09    4.25e-07
2012 06 30  0421   56108  15660     6.01e-09    5.26e-07
2012 06 30  0422   56108  15720     3.30e-09    5.12e-07
2012 06 30  0423   56108  15780     5.76e-09    5.48e-07
2012 06 30  0424   56108  15840     1.85e-09    5.40e-07
2012 06 30  0425   56108  15900     2.71e-09    5.15e-07
2012 06 30  0426   56108  15960     1.56e-09    4.86e-07
2012 06 30  0427   56108  16020     1.06e-09    4.52e-07
2012 06 30  0428   56108  16080     1.46e-09    4.37e-07
2012 06 30  0429   56108  16140     1.97e-09    4.43e-07
2012 06 30  0430   56108  16200     2.65e-09    4.42e-07
2012 06 30  0431   56108  16260     1.39e-09    4.50e-07
2012 06 30  0432   56108  16320     2.46e-09    4.61e-07
2012 06 30  0433   56108  16380     1.02e-09    4.57e-07
2012 06 30  0434   56108  16440     1.30e-09    4.63e-07
2012 06 30  0435   56108  16500     1.02e-09    4.60e-07
2012 06 30  0436   56108  16560     1.08e-09    4.63e-07
2012 06 30  0437   56108  16620     1.99e-08    5.96e-07
2012 06 30  0438   56108  16680     6.83e-08    1.02e-06
2012 06 30  0439   56108  16740     1.81e-08    6.13e-07
2012 06 30  0440   56108  16800     1.28e-08    5.54e-07
2012 06 30  0441   56108  16860     1.09e-08    5.61e-07
2012 06 30  0442   56108  16920     1.21e-08    5.67e-07
2012 06 30  0443   56108  16980     1.39e-08    5.73e-07
2012 06 30  0444   56108  17040     1.13e-08    5.80e-07
2012 06 30  0445   56108  17100     1.01e-08    5.84e-07
2012 06 30  0446   56108  17160     9.40e-09    5.86e-07
2012 06 30  0447   56108  17220     8.87e-09    5.87e-07
2012 06 30  0448   56108  17280     9.60e-09    5.85e-07
2012 06 30  0449   56108  17340     8.10e-09    5.80e-07
2012 06 30  0450   56108  17400     7.81e-09    5.82e-07
2012 06 30  0451   56108  17460     7.75e-09    5.87e-07
2012 06 30  0452   56108  17520     7.14e-09    5.84e-07
2012 06 30  0453   56108  17580     6.77e-09    5.85e-07
2012 06 30  0454   56108  17640     7.71e-09    5.83e-07
2012 06 30  0455   56108  17700     6.44e-09    5.82e-07
2012 06 30  0456   56108  17760     8.06e-09    5.85e-07
2012 06 30  0457   56108  17820     5.58e-09    5.86e-07
2012 06 30  0458   56108  17880     5.18e-09    5.87e-07
2012 06 30  0459   56108  17940     8.56e-09    5.91e-07
2012 06 30  0500   56108  18000     5.32e-09    5.92e-07
2012 06 30  0501   56108  18060     4.48e-09    5.90e-07
2012 06 30  0502   56108  18120     5.37e-09    5.87e-07
2012 06 30  0503   56108  18180     8.36e-09    5.88e-07
2012 06 30  0504   56108  18240     7.79e-09    5.95e-07
2012 06 30  0505   56108  18300     7.37e-09    5.93e-07
2012 06 30  0506   56108  18360     6.10e-09    5.94e-07
2012 06 30  0507   56108  18420     6.28e-09    6.01e-07
2012 06 30  0508   56108  18480     5.18e-09    6.03e-07
2012 06 30  0509   56108  18540     6.79e-09    5.99e-07
2012 06 30  0510   56108  18600     5.58e-09    6.02e-07
2012 06 30  0511   56108  18660     5.25e-09    5.97e-07
2012 06 30  0512   56108  18720     5.37e-09    5.93e-07
2012 06 30  0513   56108  18780     5.06e-09    5.93e-07
2012 06 30  0514   56108  18840     6.98e-09    5.89e-07
2012 06 30  0515   56108  18900     7.29e-09    5.90e-07
2012 06 30  0516   56108  18960     6.71e-09    5.92e-07
2012 06 30  0517   56108  19020     5.39e-09    5.96e-07
2012 06 30  0518   56108  19080     4.10e-09    5.97e-07
2012 06 30  0519   56108  19140     4.98e-09    5.99e-07
2012 06 30  0520   56108  19200     7.06e-09    5.98e-07
2012 06 30  0521   56108  19260     1.02e-08    6.02e-07
2012 06 30  0522   56108  19320     8.90e-09    6.01e-07
2012 06 30  0523   56108  19380     7.73e-09    6.02e-07
2012 06 30  0524   56108  19440     8.14e-09    6.12e-07
2012 06 30  0525   56108  19500     7.44e-09    6.17e-07
2012 06 30  0526   56108  19560     8.40e-09    6.27e-07
2012 06 30  0527   56108  19620     9.11e-09    6.47e-07
2012 06 30  0528   56108  19680     1.04e-08    6.68e-07
2012 06 30  0529   56108  19740     1.29e-08    6.88e-07
2012 06 30  0530   56108  19800     1.35e-08    7.07e-07
2012 06 30  0531   56108  19860     1.22e-08    7.07e-07
2012 06 30  0532   56108  19920     1.29e-08    7.15e-07
2012 06 30  0533   56108  19980     1.33e-08    7.22e-07
2012 06 30  0534   56108  20040     1.43e-08    7.29e-07
2012 06 30  0535   56108  20100     1.50e-08    7.34e-07
2012 06 30  0536   56108  20160     1.39e-08    7.26e-07
2012 06 30  0537   56108  20220     1.26e-08    7.23e-07
2012 06 30  0538   56108  20280     1.01e-08    7.21e-07
2012 06 30  0539   56108  20340     9.79e-09    7.19e-07
2012 06 30  0540   56108  20400     1.07e-08    7.17e-07
2012 06 30  0541   56108  20460     1.19e-08    7.19e-07
2012 06 30  0542   56108  20520     1.31e-08    7.41e-07
2012 06 30  0543   56108  20580     1.55e-08    7.92e-07
2012 06 30  0544   56108  20640     1.15e-08    7.71e-07
2012 06 30  0545   56108  20700     1.04e-08    7.49e-07
2012 06 30  0546   56108  20760     1.15e-08    7.50e-07
2012 06 30  0547   56108  20820     1.66e-08    7.74e-07
2012 06 30  0548   56108  20880     1.79e-08    7.93e-07
2012 06 30  0549   56108  20940     1.28e-08    7.83e-07
2012 06 30  0550   56108  21000     1.12e-08    7.65e-07
2012 06 30  0551   56108  21060     9.17e-09    7.48e-07
2012 06 30  0552   56108  21120     9.25e-09    7.32e-07
2012 06 30  0553   56108  21180     8.21e-09    7.20e-07
2012 06 30  0554   56108  21240     6.51e-09    7.07e-07
2012 06 30  0555   56108  21300     6.14e-09    6.93e-07
2012 06 30  0556   56108  21360     8.98e-09    6.84e-07
2012 06 30  0557   56108  21420     6.95e-09    6.72e-07
2012 06 30  0558   56108  21480     6.75e-09    6.61e-07
2012 06 30  0559   56108  21540     5.75e-09    6.57e-07
2012 06 30  0600   56108  21600     4.65e-09    6.52e-07
2012 06 30  0601   56108  21660     3.64e-09    6.43e-07
2012 06 30  0602   56108  21720     3.25e-09    6.35e-07
2012 06 30  0603   56108  21780     5.10e-09    6.32e-07
2012 06 30  0604   56108  21840     4.05e-09    6.21e-07
2012 06 30  0605   56108  21900     3.56e-09    6.12e-07
2012 06 30  0606   56108  21960     3.45e-09    6.11e-07
2012 06 30  0607   56108  22020     3.72e-09    6.08e-07
2012 06 30  0608   56108  22080     3.29e-09    6.06e-07
2012 06 30  0609   56108  22140     3.64e-09    6.14e-07
2012 06 30  0610   56108  22200     5.21e-09    6.32e-07
2012 06 30  0611   56108  22260     7.40e-09    6.45e-07
2012 06 30  0612   56108  22320     8.98e-09    6.62e-07
2012 06 30  0613   56108  22380     1.04e-08    6.88e-07
2012 06 30  0614   56108  22440     1.19e-08    6.97e-07
2012 06 30  0615   56108  22500     1.06e-08    7.03e-07
2012 06 30  0616   56108  22560     1.29e-08    7.12e-07
2012 06 30  0617   56108  22620     1.11e-08    7.21e-07
2012 06 30  0618   56108  22680     1.19e-08    7.33e-07
2012 06 30  0619   56108  22740     1.17e-08    7.46e-07
2012 06 30  0620   56108  22800     1.33e-08    7.57e-07
2012 06 30  0621   56108  22860     1.50e-08    7.65e-07
2012 06 30  0622   56108  22920     1.49e-08    7.81e-07
2012 06 30  0623   56108  22980     1.21e-08    7.99e-07
2012 06 30  0624   56108  23040     1.65e-08    8.21e-07
2012 06 30  0625   56108  23100     1.56e-08    8.33e-07
2012 06 30  0626   56108  23160     1.61e-08    8.36e-07
2012 06 30  0627   56108  23220     1.68e-08    8.49e-07
2012 06 30  0628   56108  23280     1.63e-08    8.52e-07
2012 06 30  0629   56108  23340     1.22e-08    8.52e-07
2012 06 30  0630   56108  23400     1.13e-08    8.45e-07
2012 06 30  0631   56108  23460     9.77e-09    8.35e-07
2012 06 30  0632   56108  23520     9.02e-09    8.32e-07
2012 06 30  0633   56108  23580     1.29e-08    8.42e-07
2012 06 30  0634   56108  23640     1.27e-08    8.29e-07
2012 06 30  0635   56108  23700     1.35e-08    8.11e-07
2012 06 30  0636   56108  23760     1.19e-08    8.04e-07
2012 06 30  0637   56108  23820     1.17e-08    7.89e-07
2012 06 30  0638   56108  23880     1.20e-08    7.88e-07
2012 06 30  0639   56108  23940     1.43e-08    7.88e-07
2012 06 30  0640   56108  24000     1.40e-08    7.88e-07
2012 06 30  0641   56108  24060     1.23e-08    7.85e-07
2012 06 30  0642   56108  24120     1.95e-08    8.72e-07
2012 06 30  0643   56108  24180     2.89e-08    9.88e-07
2012 06 30  0644   56108  24240     3.35e-08    1.00e-06
2012 06 30  0645   56108  24300     3.05e-08    1.00e-06
2012 06 30  0646   56108  24360     3.40e-08    1.04e-06
2012 06 30  0647   56108  24420     3.14e-08    1.03e-06
2012 06 30  0648   56108  24480     2.85e-08    1.02e-06
2012 06 30  0649   56108  24540     2.35e-08    9.81e-07
2012 06 30  0650   56108  24600     2.25e-08    9.44e-07
2012 06 30  0651   56108  24660     2.35e-08    9.09e-07
2012 06 30  0652   56108  24720     2.32e-08    8.86e-07
2012 06 30  0653   56108  24780     2.32e-08    8.60e-07
2012 06 30  0654   56108  24840     2.32e-08    8.34e-07
2012 06 30  0655   56108  24900     2.28e-08    8.28e-07
2012 06 30  0656   56108  24960     2.44e-08    8.29e-07
2012 06 30  0657   56108  25020     2.59e-08    8.28e-07
2012 06 30  0658   56108  25080     2.33e-08    8.21e-07
2012 06 30  0659   56108  25140     2.42e-08    8.17e-07
2012 06 30  0700   56108  25200     2.38e-08    8.16e-07
2012 06 30  0701   56108  25260     2.42e-08    8.24e-07
2012 06 30  0702   56108  25320     2.28e-08    8.23e-07
2012 06 30  0703   56108  25380     2.55e-08    8.26e-07
2012 06 30  0704   56108  25440     2.63e-08    8.29e-07
2012 06 30  0705   56108  25500     2.40e-08    8.30e-07
2012 06 30  0706   56108  25560     2.39e-08    8.28e-07
2012 06 30  0707   56108  25620     2.54e-08    8.29e-07
2012 06 30  0708   56108  25680     2.71e-08    8.35e-07
2012 06 30  0709   56108  25740     2.22e-08    8.38e-07
2012 06 30  0710   56108  25800     2.34e-08    8.44e-07
2012 06 30  0711   56108  25860     2.61e-08    8.54e-07
2012 06 30  0712   56108  25920     2.44e-08    8.70e-07
2012 06 30  0713   56108  25980     2.75e-08    8.88e-07
2012 06 30  0714   56108  26040     2.79e-08    9.01e-07
2012 06 30  0715   56108  26100     2.81e-08    9.08e-07
2012 06 30  0716   56108  26160     2.95e-08    9.17e-07
2012 06 30  0717   56108  26220     3.05e-08    9.20e-07
2012 06 30  0718   56108  26280     2.91e-08    9.25e-07
2012 06 30  0719   56108  26340     3.23e-08    9.29e-07
2012 06 30  0720   56108  26400     3.10e-08    9.32e-07
2012 06 30  0721   56108  26460     3.36e-08    9.36e-07
2012 06 30  0722   56108  26520     3.31e-08    9.35e-07
2012 06 30  0723   56108  26580     3.00e-08    9.32e-07
2012 06 30  0724   56108  26640     2.93e-08    9.30e-07
2012 06 30  0725   56108  26700     2.85e-08    9.28e-07
2012 06 30  0726   56108  26760     2.42e-08    9.20e-07
2012 06 30  0727   56108  26820     2.45e-08    9.15e-07
2012 06 30  0728   56108  26880     2.47e-08    9.17e-07
2012 06 30  0729   56108  26940     2.87e-08    9.18e-07
2012 06 30  0730   56108  27000     2.95e-08    9.21e-07
2012 06 30  0731   56108  27060     3.14e-08    9.26e-07
2012 06 30  0732   56108  27120     3.03e-08    9.29e-07
2012 06 30  0733   56108  27180     2.83e-08    9.23e-07
2012 06 30  0734   56108  27240     2.67e-08    9.19e-07
2012 06 30  0735   56108  27300     2.57e-08    9.10e-07
2012 06 30  0736   56108  27360     2.44e-08    9.02e-07
2012 06 30  0737   56108  27420     2.25e-08    8.96e-07
2012 06 30  0738   56108  27480     2.09e-08    8.86e-07
2012 06 30  0739   56108  27540     2.09e-08    8.79e-07
2012 06 30  0740   56108  27600     1.99e-08    8.75e-07
2012 06 30  0741   56108  27660     2.02e-08    8.70e-07
2012 06 30  0742   56108  27720     1.79e-08    8.64e-07
2012 06 30  0743   56108  27780     1.81e-08    8.62e-07
2012 06 30  0744   56108  27840     1.79e-08    8.58e-07
2012 06 30  0745   56108  27900     1.74e-08    8.56e-07
2012 06 30  0746   56108  27960     1.72e-08    8.49e-07
2012 06 30  0747   56108  28020     1.82e-08    8.45e-07
2012 06 30  0748   56108  28080     2.03e-08    8.46e-07
2012 06 30  0749   56108  28140     2.09e-08    8.40e-07
2012 06 30  0750   56108  28200     2.00e-08    8.31e-07
2012 06 30  0751   56108  28260     2.04e-08    8.28e-07
2012 06 30  0752   56108  28320     1.88e-08    8.25e-07
2012 06 30  0753   56108  28380     1.90e-08    8.25e-07
2012 06 30  0754   56108  28440     1.71e-08    8.36e-07
2012 06 30  0755   56108  28500     2.34e-08    8.98e-07
2012 06 30  0756   56108  28560     2.92e-08    9.38e-07
2012 06 30  0757   56108  28620     3.12e-08    9.79e-07
2012 06 30  0758   56108  28680     3.94e-08    1.06e-06
2012 06 30  0759   56108  28740     4.40e-08    1.10e-06
2012 06 30  0800   56108  28800     3.43e-08    1.05e-06
2012 06 30  0801   56108  28860     2.54e-08    9.66e-07
2012 06 30  0802   56108  28920     2.29e-08    8.95e-07
2012 06 30  0803   56108  28980     1.67e-08    8.46e-07
2012 06 30  0804   56108  29040     1.52e-08    8.17e-07
2012 06 30  0805   56108  29100     1.52e-08    8.09e-07
2012 06 30  0806   56108  29160     1.34e-08    8.14e-07
2012 06 30  0807   56108  29220     1.21e-08    8.20e-07
2012 06 30  0808   56108  29280     9.40e-09    8.08e-07
2012 06 30  0809   56108  29340     1.31e-08    7.96e-07
2012 06 30  0810   56108  29400     1.19e-08    7.95e-07
2012 06 30  0811   56108  29460     9.98e-09    8.06e-07
2012 06 30  0812   56108  29520     2.29e-08    9.64e-07
2012 06 30  0813   56108  29580     2.98e-08    1.07e-06
2012 06 30  0814   56108  29640     2.31e-08    9.54e-07
2012 06 30  0815   56108  29700     1.59e-08    8.69e-07
2012 06 30  0816   56108  29760     1.41e-08    8.21e-07
2012 06 30  0817   56108  29820     1.35e-08    8.00e-07
2012 06 30  0818   56108  29880     1.10e-08    7.82e-07
2012 06 30  0819   56108  29940     1.15e-08    7.71e-07
2012 06 30  0820   56108  30000     1.27e-08    7.72e-07
2012 06 30  0821   56108  30060     1.46e-08    7.92e-07
2012 06 30  0822   56108  30120     1.59e-08    8.08e-07
2012 06 30  0823   56108  30180     2.09e-08    8.58e-07
2012 06 30  0824   56108  30240     3.52e-08    9.69e-07
2012 06 30  0825   56108  30300     6.02e-08    1.16e-06
2012 06 30  0826   56108  30360     1.32e-07    1.61e-06
2012 06 30  0827   56108  30420     3.29e-07    2.50e-06
2012 06 30  0828   56108  30480     4.89e-07    3.40e-06
2012 06 30  0829   56108  30540     5.36e-07    4.10e-06
2012 06 30  0830   56108  30600     5.13e-07    4.45e-06
2012 06 30  0831   56108  30660     4.41e-07    4.43e-06
2012 06 30  0832   56108  30720     3.58e-07    4.19e-06
2012 06 30  0833   56108  30780     2.88e-07    3.85e-06
2012 06 30  0834   56108  30840     2.29e-07    3.45e-06
2012 06 30  0835   56108  30900     1.77e-07    3.03e-06
2012 06 30  0836   56108  30960     1.40e-07    2.69e-06
2012 06 30  0837   56108  31020     1.14e-07    2.39e-06
2012 06 30  0838   56108  31080     9.35e-08    2.14e-06
2012 06 30  0839   56108  31140     7.55e-08    1.93e-06
2012 06 30  0840   56108  31200     6.25e-08    1.75e-06
2012 06 30  0841   56108  31260     5.57e-08    1.60e-06
2012 06 30  0842   56108  31320     4.83e-08    1.48e-06
2012 06 30  0843   56108  31380     4.00e-08    1.37e-06
2012 06 30  0844   56108  31440     3.55e-08    1.28e-06
2012 06 30  0845   56108  31500     3.00e-08    1.20e-06
2012 06 30  0846   56108  31560     3.34e-08    1.14e-06
2012 06 30  0847   56108  31620     3.05e-08    1.09e-06
2012 06 30  0848   56108  31680     2.50e-08    1.04e-06
2012 06 30  0849   56108  31740     2.13e-08    1.00e-06
2012 06 30  0850   56108  31800     1.93e-08    9.63e-07
2012 06 30  0851   56108  31860     1.83e-08    9.41e-07
2012 06 30  0852   56108  31920     1.82e-08    9.13e-07
2012 06 30  0853   56108  31980     1.61e-08    8.89e-07
2012 06 30  0854   56108  32040     1.32e-08    8.65e-07
2012 06 30  0855   56108  32100     1.22e-08    8.49e-07
2012 06 30  0856   56108  32160     1.12e-08    8.29e-07
2012 06 30  0857   56108  32220     1.02e-08    8.06e-07
2012 06 30  0858   56108  32280     9.02e-09    7.86e-07
2012 06 30  0859   56108  32340     8.85e-09    7.69e-07
2012 06 30  0900   56108  32400     8.67e-09    7.63e-07
2012 06 30  0901   56108  32460     8.60e-09    7.54e-07
2012 06 30  0902   56108  32520     9.55e-09    7.51e-07
2012 06 30  0903   56108  32580     8.02e-09    7.51e-07
2012 06 30  0904   56108  32640     7.87e-09    7.45e-07
2012 06 30  0905   56108  32700     7.79e-09    7.34e-07
2012 06 30  0906   56108  32760     7.03e-09    7.25e-07
2012 06 30  0907   56108  32820     7.29e-09    7.18e-07
2012 06 30  0908   56108  32880     4.98e-09    7.01e-07
2012 06 30  0909   56108  32940     7.17e-09    7.12e-07
2012 06 30  0910   56108  33000     1.46e-08    7.68e-07
2012 06 30  0911   56108  33060     1.92e-08    7.94e-07
2012 06 30  0912   56108  33120     1.97e-08    8.09e-07
2012 06 30  0913   56108  33180     1.67e-08    8.04e-07
2012 06 30  0914   56108  33240     1.51e-08    7.84e-07
2012 06 30  0915   56108  33300     1.50e-08    7.66e-07
2012 06 30  0916   56108  33360     1.25e-08    7.39e-07
2012 06 30  0917   56108  33420     1.10e-08    7.23e-07
2012 06 30  0918   56108  33480     9.79e-09    7.03e-07
2012 06 30  0919   56108  33540     1.04e-08    6.87e-07
2012 06 30  0920   56108  33600     7.60e-09    6.76e-07
2012 06 30  0921   56108  33660     8.33e-09    6.64e-07
2012 06 30  0922   56108  33720     8.55e-09    6.58e-07
2012 06 30  0923   56108  33780     9.13e-09    6.58e-07
2012 06 30  0924   56108  33840     5.60e-09    6.45e-07
2012 06 30  0925   56108  33900     3.48e-09    6.31e-07
2012 06 30  0926   56108  33960     3.21e-09    6.16e-07
2012 06 30  0927   56108  34020     3.79e-09    6.01e-07
2012 06 30  0928   56108  34080     2.69e-09    5.95e-07
2012 06 30  0929   56108  34140     2.78e-09    5.93e-07
2012 06 30  0930   56108  34200     3.37e-09    5.93e-07
2012 06 30  0931   56108  34260     3.37e-09    6.00e-07
2012 06 30  0932   56108  34320     2.09e-09    5.96e-07
2012 06 30  0933   56108  34380     1.04e-09    5.81e-07
2012 06 30  0934   56108  34440     1.23e-09    5.68e-07
2012 06 30  0935   56108  34500     1.91e-09    5.59e-07
2012 06 30  0936   56108  34560     2.14e-09    5.51e-07
2012 06 30  0937   56108  34620     2.26e-09    5.43e-07
2012 06 30  0938   56108  34680     1.38e-09    5.42e-07
2012 06 30  0939   56108  34740     1.12e-09    5.42e-07
2012 06 30  0940   56108  34800     1.00e-09    5.34e-07
2012 06 30  0941   56108  34860     1.04e-09    5.35e-07
2012 06 30  0942   56108  34920     1.00e-09    5.36e-07
2012 06 30  0943   56108  34980     1.00e-09    5.33e-07
2012 06 30  0944   56108  35040     2.60e-09    5.61e-07
2012 06 30  0945   56108  35100     9.67e-09    6.30e-07
2012 06 30  0946   56108  35160     2.08e-08    7.25e-07
2012 06 30  0947   56108  35220     2.25e-08    7.64e-07
2012 06 30  0948   56108  35280     2.36e-08    7.55e-07
2012 06 30  0949   56108  35340     3.16e-08    8.04e-07
2012 06 30  0950   56108  35400     7.03e-08    9.78e-07
2012 06 30  0951   56108  35460     1.22e-07    1.26e-06
2012 06 30  0952   56108  35520     1.61e-07    1.57e-06
2012 06 30  0953   56108  35580     1.44e-07    1.65e-06
2012 06 30  0954   56108  35640     9.72e-08    1.46e-06
2012 06 30  0955   56108  35700     5.62e-08    1.22e-06
2012 06 30  0956   56108  35760     2.58e-08    9.64e-07
2012 06 30  0957   56108  35820     1.12e-08    7.44e-07
2012 06 30  0958   56108  35880     5.83e-09    6.23e-07
2012 06 30  0959   56108  35940     5.65e-09    5.83e-07
2012 06 30  1000   56108  36000     6.06e-09    5.59e-07
2012 06 30  1001   56108  36060     2.58e-09    5.43e-07
2012 06 30  1002   56108  36120     3.12e-09    5.33e-07
2012 06 30  1003   56108  36180     1.72e-09    5.25e-07
2012 06 30  1004   56108  36240     3.13e-09    5.22e-07
2012 06 30  1005   56108  36300     2.91e-09    5.21e-07
2012 06 30  1006   56108  36360     3.61e-09    5.21e-07
2012 06 30  1007   56108  36420     5.41e-09    5.37e-07
2012 06 30  1008   56108  36480     5.25e-09    5.73e-07
2012 06 30  1009   56108  36540     9.29e-09    6.15e-07
2012 06 30  1010   56108  36600     2.02e-08    7.23e-07
2012 06 30  1011   56108  36660     3.78e-08    8.64e-07
2012 06 30  1012   56108  36720     2.92e-08    8.50e-07
2012 06 30  1013   56108  36780     2.01e-08    7.90e-07
2012 06 30  1014   56108  36840     1.84e-08    7.71e-07
2012 06 30  1015   56108  36900     1.11e-08    7.02e-07
2012 06 30  1016   56108  36960     6.84e-09    6.31e-07
2012 06 30  1017   56108  37020     5.91e-09    5.87e-07
2012 06 30  1018   56108  37080     8.90e-09    5.55e-07
2012 06 30  1019   56108  37140     1.32e-08    5.35e-07
2012 06 30  1020   56108  37200     1.58e-08    5.26e-07
2012 06 30  1021   56108  37260     1.85e-08    5.23e-07
2012 06 30  1022   56108  37320     2.47e-08    5.15e-07
2012 06 30  1023   56108  37380     2.33e-08    5.14e-07
2012 06 30  1024   56108  37440     1.92e-08    5.13e-07
2012 06 30  1025   56108  37500     2.20e-08    5.13e-07
2012 06 30  1026   56108  37560     2.24e-08    5.16e-07
2012 06 30  1027   56108  37620     2.27e-08    5.21e-07
2012 06 30  1028   56108  37680     2.09e-08    5.22e-07
2012 06 30  1029   56108  37740     2.13e-08    5.08e-07
2012 06 30  1030   56108  37800     2.19e-08    5.04e-07
2012 06 30  1031   56108  37860     1.85e-08    5.06e-07
2012 06 30  1032   56108  37920     1.73e-08    5.13e-07
2012 06 30  1033   56108  37980     1.65e-08    5.25e-07
2012 06 30  1034   56108  38040     1.64e-08    5.25e-07
2012 06 30  1035   56108  38100     1.76e-08    5.40e-07
2012 06 30  1036   56108  38160     1.68e-08    5.68e-07
2012 06 30  1037   56108  38220     1.89e-08    5.86e-07
2012 06 30  1038   56108  38280     1.73e-08    5.92e-07
2012 06 30  1039   56108  38340     1.62e-08    5.87e-07
2012 06 30  1040   56108  38400     1.49e-08    5.88e-07
2012 06 30  1041   56108  38460     1.41e-08    5.79e-07
2012 06 30  1042   56108  38520     1.57e-08    5.75e-07
2012 06 30  1043   56108  38580     1.59e-08    5.82e-07
2012 06 30  1044   56108  38640     1.48e-08    5.85e-07
2012 06 30  1045   56108  38700     1.54e-08    5.92e-07
2012 06 30  1046   56108  38760     1.79e-08    6.00e-07
2012 06 30  1047   56108  38820     1.79e-08    6.06e-07
2012 06 30  1048   56108  38880     1.90e-08    6.34e-07
2012 06 30  1049   56108  38940     3.07e-08    7.52e-07
2012 06 30  1050   56108  39000     3.43e-08    8.22e-07
2012 06 30  1051   56108  39060     5.10e-08    9.42e-07
2012 06 30  1052   56108  39120     1.26e-07    1.22e-06
2012 06 30  1053   56108  39180     2.84e-07    1.82e-06
2012 06 30  1054   56108  39240     3.33e-07    2.14e-06
2012 06 30  1055   56108  39300     3.34e-07    2.43e-06
2012 06 30  1056   56108  39360     3.15e-07    2.63e-06
2012 06 30  1057   56108  39420     2.81e-07    2.76e-06
2012 06 30  1058   56108  39480     2.38e-07    2.67e-06
2012 06 30  1059   56108  39540     1.87e-07    2.36e-06
2012 06 30  1100   56108  39600     1.49e-07    2.02e-06
2012 06 30  1101   56108  39660     1.27e-07    1.79e-06
2012 06 30  1102   56108  39720     1.15e-07    1.69e-06
2012 06 30  1103   56108  39780     1.00e-07    1.63e-06
2012 06 30  1104   56108  39840     9.01e-08    1.58e-06
2012 06 30  1105   56108  39900     8.13e-08    1.54e-06
2012 06 30  1106   56108  39960     7.11e-08    1.49e-06
2012 06 30  1107   56108  40020     6.32e-08    1.43e-06
2012 06 30  1108   56108  40080     5.74e-08    1.38e-06
2012 06 30  1109   56108  40140     5.47e-08    1.32e-06
2012 06 30  1110   56108  40200     4.84e-08    1.27e-06
2012 06 30  1111   56108  40260     4.13e-08    1.21e-06
2012 06 30  1112   56108  40320     3.87e-08    1.17e-06
2012 06 30  1113   56108  40380     3.73e-08    1.12e-06
2012 06 30  1114   56108  40440     3.47e-08    1.08e-06
2012 06 30  1115   56108  40500     3.43e-08    1.05e-06
2012 06 30  1116   56108  40560     3.21e-08    1.02e-06
2012 06 30  1117   56108  40620     2.99e-08    1.00e-06
2012 06 30  1118   56108  40680     3.05e-08    9.89e-07
2012 06 30  1119   56108  40740     3.21e-08    9.81e-07
2012 06 30  1120   56108  40800     3.34e-08    9.73e-07
2012 06 30  1121   56108  40860     3.58e-08    9.69e-07
2012 06 30  1122   56108  40920     3.71e-08    9.72e-07
2012 06 30  1123   56108  40980     3.97e-08    9.76e-07
2012 06 30  1124   56108  41040     4.05e-08    9.70e-07
2012 06 30  1125   56108  41100     3.93e-08    9.61e-07
2012 06 30  1126   56108  41160     3.71e-08    9.57e-07
2012 06 30  1127   56108  41220     3.76e-08    9.56e-07
2012 06 30  1128   56108  41280     3.94e-08    9.51e-07
2012 06 30  1129   56108  41340     4.06e-08    9.40e-07
2012 06 30  1130   56108  41400     3.55e-08    9.28e-07
2012 06 30  1131   56108  41460     3.54e-08    9.14e-07
2012 06 30  1132   56108  41520     3.33e-08    9.07e-07
2012 06 30  1133   56108  41580     3.34e-08    9.05e-07
2012 06 30  1134   56108  41640     3.46e-08    8.92e-07
2012 06 30  1135   56108  41700     3.23e-08    8.80e-07
2012 06 30  1136   56108  41760     2.74e-08    8.66e-07
2012 06 30  1137   56108  41820     2.65e-08    8.56e-07
2012 06 30  1138   56108  41880     2.40e-08    8.44e-07
2012 06 30  1139   56108  41940     2.14e-08    8.32e-07
2012 06 30  1140   56108  42000     2.06e-08    8.22e-07
2012 06 30  1141   56108  42060     1.94e-08    8.11e-07
2012 06 30  1142   56108  42120     1.89e-08    8.03e-07
2012 06 30  1143   56108  42180     1.83e-08    7.97e-07
2012 06 30  1144   56108  42240     1.71e-08    7.91e-07
2012 06 30  1145   56108  42300     1.69e-08    7.86e-07
2012 06 30  1146   56108  42360     1.46e-08    7.79e-07
2012 06 30  1147   56108  42420     1.34e-08    7.85e-07
2012 06 30  1148   56108  42480     1.36e-08    7.83e-07
2012 06 30  1149   56108  42540     1.26e-08    7.74e-07
2012 06 30  1150   56108  42600     1.04e-08    7.72e-07
2012 06 30  1151   56108  42660     8.71e-09    7.59e-07
2012 06 30  1152   56108  42720     8.83e-09    7.51e-07
2012 06 30  1153   56108  42780     1.10e-08    7.45e-07
2012 06 30  1154   56108  42840     1.23e-08    7.50e-07
2012 06 30  1155   56108  42900     1.47e-08    7.76e-07
2012 06 30  1156   56108  42960     1.59e-08    7.99e-07
2012 06 30  1157   56108  43020     2.62e-08    8.67e-07
2012 06 30  1158   56108  43080     2.45e-08    8.95e-07
2012 06 30  1159   56108  43140     1.73e-08    8.39e-07
2012 06 30  1200   56108  43200     1.47e-08    7.98e-07
2012 06 30  1201   56108  43260     1.12e-08    7.68e-07
2012 06 30  1202   56108  43320     1.03e-08    7.35e-07
2012 06 30  1203   56108  43380     9.25e-09    7.09e-07
2012 06 30  1204   56108  43440     6.88e-09    6.94e-07
2012 06 30  1205   56108  43500     5.87e-09    6.84e-07
2012 06 30  1206   56108  43560     5.79e-09    6.79e-07
2012 06 30  1207   56108  43620     8.73e-09    6.78e-07
2012 06 30  1208   56108  43680     9.10e-09    6.77e-07
2012 06 30  1209   56108  43740     1.12e-08    6.71e-07
2012 06 30  1210   56108  43800     1.31e-08    6.64e-07
2012 06 30  1211   56108  43860     1.14e-08    6.64e-07
2012 06 30  1212   56108  43920     1.02e-08    6.51e-07
2012 06 30  1213   56108  43980     7.52e-09    6.45e-07
2012 06 30  1214   56108  44040     8.18e-09    6.48e-07
2012 06 30  1215   56108  44100     7.87e-09    6.53e-07
2012 06 30  1216   56108  44160     8.40e-09    6.45e-07
2012 06 30  1217   56108  44220     7.40e-09    6.36e-07
2012 06 30  1218   56108  44280     7.14e-09    6.24e-07
2012 06 30  1219   56108  44340     5.29e-09    6.20e-07
2012 06 30  1220   56108  44400     4.06e-09    6.24e-07
2012 06 30  1221   56108  44460     4.65e-09    6.24e-07
2012 06 30  1222   56108  44520     6.21e-09    6.49e-07
2012 06 30  1223   56108  44580     8.56e-09    6.52e-07
2012 06 30  1224   56108  44640     7.69e-09    6.30e-07
2012 06 30  1225   56108  44700     6.52e-09    6.13e-07
2012 06 30  1226   56108  44760     3.87e-09    6.02e-07
2012 06 30  1227   56108  44820     3.83e-09    5.91e-07
2012 06 30  1228   56108  44880     5.21e-09    5.82e-07
2012 06 30  1229   56108  44940     6.67e-09    5.75e-07
2012 06 30  1230   56108  45000     4.48e-09    5.68e-07
2012 06 30  1231   56108  45060     5.06e-09    5.61e-07
2012 06 30  1232   56108  45120     4.08e-09    5.55e-07
2012 06 30  1233   56108  45180     3.72e-09    5.51e-07
2012 06 30  1234   56108  45240     2.83e-09    5.51e-07
2012 06 30  1235   56108  45300     2.20e-09    5.52e-07
2012 06 30  1236   56108  45360     2.96e-09    5.60e-07
2012 06 30  1237   56108  45420     4.98e-09    5.81e-07
2012 06 30  1238   56108  45480     5.28e-09    6.10e-07
2012 06 30  1239   56108  45540     8.90e-09    6.14e-07
2012 06 30  1240   56108  45600     9.06e-09    6.10e-07
2012 06 30  1241   56108  45660     6.80e-09    6.11e-07
2012 06 30  1242   56108  45720     6.60e-09    6.12e-07
2012 06 30  1243   56108  45780     7.71e-09    6.13e-07
2012 06 30  1244   56108  45840     8.36e-09    6.13e-07
2012 06 30  1245   56108  45900     7.06e-09    6.08e-07
2012 06 30  1246   56108  45960     7.17e-09    6.05e-07
2012 06 30  1247   56108  46020     7.37e-09    6.01e-07
2012 06 30  1248   56108  46080     6.54e-09    6.00e-07
2012 06 30  1249   56108  46140     8.79e-09    6.50e-07
2012 06 30  1250   56108  46200     3.37e-07    2.44e-06
2012 06 30  1251   56108  46260     2.07e-06    9.03e-06
2012 06 30  1252   56108  46320     1.88e-06    1.05e-05
2012 06 30  1253   56108  46380     6.63e-07    6.30e-06
2012 06 30  1254   56108  46440     2.83e-07    3.23e-06
2012 06 30  1255   56108  46500     2.40e-07    2.55e-06
2012 06 30  1256   56108  46560     1.55e-07    2.10e-06
2012 06 30  1257   56108  46620     7.19e-08    1.53e-06
2012 06 30  1258   56108  46680     4.40e-08    1.15e-06
2012 06 30  1259   56108  46740     2.87e-08    9.42e-07
2012 06 30  1300   56108  46800     1.75e-08    8.03e-07
2012 06 30  1301   56108  46860     1.14e-08    7.03e-07
2012 06 30  1302   56108  46920     7.02e-09    6.26e-07
2012 06 30  1303   56108  46980     5.21e-09    5.80e-07
2012 06 30  1304   56108  47040     4.95e-09    5.50e-07
2012 06 30  1305   56108  47100     4.83e-09    5.36e-07
2012 06 30  1306   56108  47160     5.02e-09    5.34e-07
2012 06 30  1307   56108  47220     5.79e-09    5.40e-07
2012 06 30  1308   56108  47280     7.10e-09    5.51e-07
2012 06 30  1309   56108  47340     8.10e-09    5.61e-07
2012 06 30  1310   56108  47400     8.44e-09    5.70e-07
2012 06 30  1311   56108  47460     9.66e-09    5.78e-07
2012 06 30  1312   56108  47520     1.21e-08    5.84e-07
2012 06 30  1313   56108  47580     1.07e-08    5.90e-07
2012 06 30  1314   56108  47640     1.11e-08    5.96e-07
2012 06 30  1315   56108  47700     1.33e-08    6.13e-07
2012 06 30  1316   56108  47760     1.34e-08    6.24e-07
2012 06 30  1317   56108  47820     1.49e-08    6.36e-07
2012 06 30  1318   56108  47880     1.59e-08    6.54e-07
2012 06 30  1319   56108  47940     1.88e-08    6.78e-07
2012 06 30  1320   56108  48000     1.89e-08    6.92e-07
2012 06 30  1321   56108  48060     1.86e-08    6.91e-07
2012 06 30  1322   56108  48120     1.59e-08    6.88e-07
2012 06 30  1323   56108  48180     1.84e-08    6.95e-07
2012 06 30  1324   56108  48240     1.85e-08    7.07e-07
2012 06 30  1325   56108  48300     1.75e-08    7.17e-07
2012 06 30  1326   56108  48360     1.84e-08    7.27e-07
2012 06 30  1327   56108  48420     2.17e-08    7.40e-07
2012 06 30  1328   56108  48480     1.99e-08    7.47e-07
2012 06 30  1329   56108  48540     1.90e-08    7.48e-07
2012 06 30  1330   56108  48600     1.66e-08    7.30e-07
2012 06 30  1331   56108  48660     1.45e-08    7.17e-07
2012 06 30  1332   56108  48720     1.45e-08    7.12e-07
2012 06 30  1333   56108  48780     1.44e-08    7.06e-07
2012 06 30  1334   56108  48840     1.71e-08    7.22e-07
2012 06 30  1335   56108  48900     1.91e-08    7.50e-07
2012 06 30  1336   56108  48960     1.85e-08    7.50e-07
2012 06 30  1337   56108  49020     1.71e-08    7.39e-07
2012 06 30  1338   56108  49080     1.52e-08    7.29e-07
2012 06 30  1339   56108  49140     1.30e-08    7.23e-07
2012 06 30  1340   56108  49200     1.33e-08    7.19e-07
2012 06 30  1341   56108  49260     1.68e-08    7.23e-07
2012 06 30  1342   56108  49320     1.78e-08    7.37e-07
2012 06 30  1343   56108  49380     1.95e-08    7.55e-07
2012 06 30  1344   56108  49440     2.49e-08    7.59e-07
2012 06 30  1345   56108  49500     2.50e-08    7.63e-07
2012 06 30  1346   56108  49560     2.59e-08    7.70e-07
2012 06 30  1347   56108  49620     2.64e-08    7.67e-07
2012 06 30  1348   56108  49680     2.26e-08    7.56e-07
2012 06 30  1349   56108  49740     2.34e-08    7.44e-07
2012 06 30  1350   56108  49800     1.98e-08    7.33e-07
2012 06 30  1351   56108  49860     1.86e-08    7.26e-07
2012 06 30  1352   56108  49920     1.81e-08    7.13e-07
2012 06 30  1353   56108  49980     1.68e-08    6.91e-07
2012 06 30  1354   56108  50040     1.47e-08    6.76e-07
2012 06 30  1355   56108  50100     1.38e-08    6.67e-07
2012 06 30  1356   56108  50160     1.44e-08    6.64e-07
2012 06 30  1357   56108  50220     1.32e-08    6.65e-07
2012 06 30  1358   56108  50280     1.24e-08    6.46e-07
2012 06 30  1359   56108  50340     1.09e-08    6.26e-07
2012 06 30  1400   56108  50400     1.13e-08    6.11e-07
2012 06 30  1401   56108  50460     1.20e-08    5.99e-07
2012 06 30  1402   56108  50520     1.15e-08    5.85e-07
2012 06 30  1403   56108  50580     1.08e-08    5.73e-07
2012 06 30  1404   56108  50640     1.10e-08    5.65e-07
2012 06 30  1405   56108  50700     1.01e-08    5.54e-07
2012 06 30  1406   56108  50760     9.86e-09    5.44e-07
2012 06 30  1407   56108  50820     1.04e-08    5.35e-07
2012 06 30  1408   56108  50880     8.70e-09    5.24e-07
2012 06 30  1409   56108  50940     7.14e-09    5.22e-07
2012 06 30  1410   56108  51000     6.18e-09    5.17e-07
2012 06 30  1411   56108  51060     6.60e-09    5.11e-07
2012 06 30  1412   56108  51120     8.03e-09    5.04e-07
2012 06 30  1413   56108  51180     7.94e-09    5.05e-07
2012 06 30  1414   56108  51240     8.33e-09    5.01e-07
2012 06 30  1415   56108  51300     7.06e-09    4.87e-07
2012 06 30  1416   56108  51360     8.63e-09    4.81e-07
2012 06 30  1417   56108  51420     1.08e-08    4.75e-07
2012 06 30  1418   56108  51480     1.19e-08    4.70e-07
2012 06 30  1419   56108  51540     1.04e-08    4.61e-07
2012 06 30  1420   56108  51600     9.63e-09    4.55e-07
2012 06 30  1421   56108  51660     9.02e-09    4.51e-07
2012 06 30  1422   56108  51720     9.59e-09    4.47e-07
2012 06 30  1423   56108  51780     9.44e-09    4.44e-07
2012 06 30  1424   56108  51840     9.71e-09    4.42e-07
2012 06 30  1425   56108  51900     9.85e-09    4.38e-07
2012 06 30  1426   56108  51960     9.86e-09    4.30e-07
2012 06 30  1427   56108  52020     1.16e-08    4.29e-07
2012 06 30  1428   56108  52080     1.21e-08    4.21e-07
2012 06 30  1429   56108  52140     9.92e-09    4.18e-07
2012 06 30  1430   56108  52200     8.67e-09    4.14e-07
2012 06 30  1431   56108  52260     8.56e-09    4.12e-07
2012 06 30  1432   56108  52320     8.59e-09    4.09e-07
2012 06 30  1433   56108  52380     8.40e-09    4.08e-07
2012 06 30  1434   56108  52440     7.94e-09    4.08e-07
2012 06 30  1435   56108  52500     9.33e-09    4.08e-07
2012 06 30  1436   56108  52560     9.90e-09    4.10e-07
2012 06 30  1437   56108  52620     1.25e-08    4.11e-07
2012 06 30  1438   56108  52680     1.32e-08    4.09e-07
2012 06 30  1439   56108  52740     1.32e-08    4.09e-07
2012 06 30  1440   56108  52800     1.45e-08    4.07e-07
2012 06 30  1441   56108  52860     1.43e-08    4.09e-07
2012 06 30  1442   56108  52920     1.40e-08    4.15e-07
2012 06 30  1443   56108  52980     1.11e-08    4.16e-07
2012 06 30  1444   56108  53040     9.71e-09    4.16e-07
2012 06 30  1445   56108  53100     8.29e-09    4.16e-07
2012 06 30  1446   56108  53160     7.14e-09    4.15e-07
2012 06 30  1447   56108  53220     9.10e-09    4.16e-07
2012 06 30  1448   56108  53280     1.15e-08    4.21e-07
2012 06 30  1449   56108  53340     1.18e-08    4.24e-07
2012 06 30  1450   56108  53400     1.19e-08    4.18e-07
2012 06 30  1451   56108  53460     1.27e-08    4.19e-07
2012 06 30  1452   56108  53520     1.25e-08    4.17e-07
2012 06 30  1453   56108  53580     1.38e-08    4.11e-07
2012 06 30  1454   56108  53640     1.58e-08    4.11e-07
2012 06 30  1455   56108  53700     1.65e-08    4.16e-07
2012 06 30  1456   56108  53760     1.32e-08    4.13e-07
2012 06 30  1457   56108  53820     1.19e-08    4.08e-07
2012 06 30  1458   56108  53880     1.36e-08    4.05e-07
2012 06 30  1459   56108  53940     1.43e-08    4.10e-07
2012 06 30  1500   56108  54000     1.14e-08    4.14e-07
2012 06 30  1501   56108  54060     1.50e-08    4.13e-07
2012 06 30  1502   56108  54120     1.47e-08    4.20e-07
2012 06 30  1503   56108  54180     1.06e-08    4.17e-07
2012 06 30  1504   56108  54240     1.12e-08    4.24e-07
2012 06 30  1505   56108  54300     1.20e-08    4.33e-07
2012 06 30  1506   56108  54360     1.35e-08    4.51e-07
2012 06 30  1507   56108  54420     1.46e-08    4.68e-07
2012 06 30  1508   56108  54480     1.74e-08    4.72e-07
2012 06 30  1509   56108  54540     1.67e-08    4.75e-07
2012 06 30  1510   56108  54600     1.57e-08    4.74e-07
2012 06 30  1511   56108  54660     1.73e-08    4.79e-07
2012 06 30  1512   56108  54720     1.95e-08    4.88e-07
2012 06 30  1513   56108  54780     1.91e-08    4.91e-07
2012 06 30  1514   56108  54840     1.79e-08    4.95e-07
2012 06 30  1515   56108  54900     1.69e-08    4.90e-07
2012 06 30  1516   56108  54960     1.78e-08    4.86e-07
2012 06 30  1517   56108  55020     1.82e-08    4.88e-07
2012 06 30  1518   56108  55080     1.86e-08    4.82e-07
2012 06 30  1519   56108  55140     1.81e-08    4.72e-07
2012 06 30  1520   56108  55200     1.93e-08    4.65e-07
2012 06 30  1521   56108  55260     1.59e-08    4.63e-07
2012 06 30  1522   56108  55320     1.59e-08    4.54e-07
2012 06 30  1523   56108  55380     1.74e-08    4.51e-07
2012 06 30  1524   56108  55440     1.51e-08    4.47e-07
2012 06 30  1525   56108  55500     1.54e-08    4.43e-07
2012 06 30  1526   56108  55560     1.52e-08    4.41e-07
2012 06 30  1527   56108  55620     1.82e-08    4.33e-07
2012 06 30  1528   56108  55680     1.56e-08    4.28e-07
2012 06 30  1529   56108  55740     1.65e-08    4.30e-07
2012 06 30  1530   56108  55800     1.64e-08    4.31e-07
2012 06 30  1531   56108  55860     1.47e-08    4.26e-07
2012 06 30  1532   56108  55920     1.50e-08    4.23e-07
2012 06 30  1533   56108  55980     1.54e-08    4.23e-07
2012 06 30  1534   56108  56040     1.38e-08    4.26e-07
2012 06 30  1535   56108  56100     1.79e-08    4.26e-07
2012 06 30  1536   56108  56160     1.55e-08    4.27e-07
2012 06 30  1537   56108  56220     1.56e-08    4.09e-07
2012 06 30  1538   56108  56280     1.42e-08    4.03e-07
2012 06 30  1539   56108  56340     1.36e-08    3.99e-07
2012 06 30  1540   56108  56400     1.17e-08    3.99e-07
2012 06 30  1541   56108  56460     1.23e-08    3.94e-07
2012 06 30  1542   56108  56520     1.08e-08    3.96e-07
2012 06 30  1543   56108  56580     1.11e-08    3.91e-07
2012 06 30  1544   56108  56640     1.17e-08    3.92e-07
2012 06 30  1545   56108  56700     1.03e-08    3.96e-07
2012 06 30  1546   56108  56760     1.09e-08    3.99e-07
2012 06 30  1547   56108  56820     9.02e-09    4.00e-07
2012 06 30  1548   56108  56880     8.90e-09    4.01e-07
2012 06 30  1549   56108  56940     8.10e-09    4.03e-07
2012 06 30  1550   56108  57000     9.10e-09    4.02e-07
2012 06 30  1551   56108  57060     1.17e-08    4.11e-07
2012 06 30  1552   56108  57120     1.07e-08    4.20e-07
2012 06 30  1553   56108  57180     1.00e-08    4.32e-07
2012 06 30  1554   56108  57240     9.25e-09    4.39e-07
2012 06 30  1555   56108  57300     9.17e-09    4.44e-07
2012 06 30  1556   56108  57360     1.06e-08    4.55e-07
2012 06 30  1557   56108  57420     1.02e-08    4.60e-07
2012 06 30  1558   56108  57480     1.01e-08    4.59e-07
2012 06 30  1559   56108  57540     1.20e-08    4.66e-07
2012 06 30  1600   56108  57600     1.36e-08    4.79e-07
2012 06 30  1601   56108  57660     1.35e-08    4.92e-07
2012 06 30  1602   56108  57720     1.41e-08    5.08e-07
2012 06 30  1603   56108  57780     1.68e-08    5.63e-07
2012 06 30  1604   56108  57840     2.59e-08    6.70e-07
2012 06 30  1605   56108  57900     3.75e-08    7.97e-07
2012 06 30  1606   56108  57960     5.17e-08    9.49e-07
2012 06 30  1607   56108  58020     6.04e-08    1.08e-06
2012 06 30  1608   56108  58080     6.28e-08    1.17e-06
2012 06 30  1609   56108  58140     6.06e-08    1.23e-06
2012 06 30  1610   56108  58200     5.91e-08    1.28e-06
2012 06 30  1611   56108  58260     5.75e-08    1.32e-06
2012 06 30  1612   56108  58320     5.72e-08    1.34e-06
2012 06 30  1613   56108  58380     5.50e-08    1.33e-06
2012 06 30  1614   56108  58440     5.18e-08    1.32e-06
2012 06 30  1615   56108  58500     4.81e-08    1.30e-06
2012 06 30  1616   56108  58560     4.67e-08    1.28e-06
2012 06 30  1617   56108  58620     4.44e-08    1.25e-06
2012 06 30  1618   56108  58680     4.32e-08    1.22e-06
2012 06 30  1619   56108  58740     3.98e-08    1.20e-06
2012 06 30  1620   56108  58800     4.07e-08    1.16e-06
2012 06 30  1621   56108  58860     4.05e-08    1.13e-06
2012 06 30  1622   56108  58920     3.53e-08    1.10e-06
2012 06 30  1623   56108  58980     3.30e-08    1.08e-06
2012 06 30  1624   56108  59040     3.22e-08    1.05e-06
2012 06 30  1625   56108  59100     3.20e-08    1.02e-06
2012 06 30  1626   56108  59160     3.02e-08    9.88e-07
2012 06 30  1627   56108  59220     2.87e-08    9.62e-07
2012 06 30  1628   56108  59280     2.70e-08    9.36e-07
2012 06 30  1629   56108  59340     2.72e-08    9.13e-07
2012 06 30  1630   56108  59400     2.36e-08    8.85e-07
2012 06 30  1631   56108  59460     2.49e-08    8.57e-07
2012 06 30  1632   56108  59520     2.06e-08    8.22e-07
2012 06 30  1633   56108  59580     1.79e-08    7.98e-07
2012 06 30  1634   56108  59640     1.58e-08    7.73e-07
2012 06 30  1635   56108  59700     1.36e-08    7.46e-07
2012 06 30  1636   56108  59760     1.59e-08    7.23e-07
2012 06 30  1637   56108  59820     1.36e-08    7.03e-07
2012 06 30  1638   56108  59880     1.26e-08    6.82e-07
2012 06 30  1639   56108  59940     1.15e-08    6.66e-07
2012 06 30  1640   56108  60000     9.92e-09    6.50e-07
2012 06 30  1641   56108  60060     9.60e-09    6.39e-07
2012 06 30  1642   56108  60120     9.10e-09    6.29e-07
2012 06 30  1643   56108  60180     8.21e-09    6.21e-07
2012 06 30  1644   56108  60240     8.56e-09    6.12e-07
2012 06 30  1645   56108  60300     9.75e-09    6.02e-07
2012 06 30  1646   56108  60360     9.59e-09    6.05e-07
2012 06 30  1647   56108  60420     1.06e-08    6.19e-07
2012 06 30  1648   56108  60480     8.83e-09    6.10e-07
2012 06 30  1649   56108  60540     7.44e-09    5.95e-07
2012 06 30  1650   56108  60600     7.17e-09    5.81e-07
2012 06 30  1651   56108  60660     7.67e-09    5.70e-07
2012 06 30  1652   56108  60720     1.01e-08    5.60e-07
2012 06 30  1653   56108  60780     8.92e-09    5.59e-07
2012 06 30  1654   56108  60840     1.04e-08    5.64e-07
2012 06 30  1655   56108  60900     8.52e-09    5.63e-07
2012 06 30  1656   56108  60960     8.33e-09    5.59e-07
2012 06 30  1657   56108  61020     9.40e-09    5.71e-07
2012 06 30  1658   56108  61080     1.42e-08    6.07e-07
2012 06 30  1659   56108  61140     1.04e-08    6.04e-07
2012 06 30  1700   56108  61200     4.72e-09    5.68e-07
2012 06 30  1701   56108  61260     4.33e-09    5.44e-07
2012 06 30  1702   56108  61320     2.75e-09    5.21e-07
2012 06 30  1703   56108  61380     2.73e-09    5.06e-07
2012 06 30  1704   56108  61440     1.53e-09    4.99e-07
2012 06 30  1705   56108  61500     1.55e-09    4.89e-07
2012 06 30  1706   56108  61560     2.20e-09    4.84e-07
2012 06 30  1707   56108  61620     3.92e-09    4.83e-07
2012 06 30  1708   56108  61680     3.52e-09    4.77e-07
2012 06 30  1709   56108  61740     4.56e-09    4.76e-07
2012 06 30  1710   56108  61800     4.98e-09    4.74e-07
2012 06 30  1711   56108  61860     3.37e-09    4.71e-07
2012 06 30  1712   56108  61920     2.81e-09    4.68e-07
2012 06 30  1713   56108  61980     2.69e-09    4.72e-07
2012 06 30  1714   56108  62040     1.57e-09    4.64e-07
2012 06 30  1715   56108  62100     1.08e-09    4.60e-07
2012 06 30  1716   56108  62160     1.35e-09    4.60e-07
2012 06 30  1717   56108  62220     2.69e-09    4.55e-07
2012 06 30  1718   56108  62280     1.55e-09    4.51e-07
2012 06 30  1719   56108  62340     2.58e-09    4.69e-07
2012 06 30  1720   56108  62400     4.72e-09    4.78e-07
2012 06 30  1721   56108  62460     6.18e-09    5.08e-07
2012 06 30  1722   56108  62520     1.39e-08    5.74e-07
2012 06 30  1723   56108  62580     9.70e-09    5.81e-07
2012 06 30  1724   56108  62640     7.33e-09    5.59e-07
2012 06 30  1725   56108  62700     8.56e-09    5.67e-07
2012 06 30  1726   56108  62760     1.39e-08    6.03e-07
2012 06 30  1727   56108  62820     1.62e-08    6.57e-07
2012 06 30  1728   56108  62880     1.27e-08    6.42e-07
2012 06 30  1729   56108  62940     1.01e-08    6.19e-07
2012 06 30  1730   56108  63000     1.06e-08    6.09e-07
2012 06 30  1731   56108  63060     1.15e-08    6.23e-07
2012 06 30  1732   56108  63120     1.24e-08    6.38e-07
2012 06 30  1733   56108  63180     8.71e-09    6.36e-07
2012 06 30  1734   56108  63240     6.91e-09    6.23e-07
2012 06 30  1735   56108  63300     8.40e-09    6.07e-07
2012 06 30  1736   56108  63360     7.87e-09    5.93e-07
2012 06 30  1737   56108  63420     7.29e-09    5.81e-07
2012 06 30  1738   56108  63480     7.06e-09    5.76e-07
2012 06 30  1739   56108  63540     1.21e-08    5.80e-07
2012 06 30  1740   56108  63600     1.35e-08    5.86e-07
2012 06 30  1741   56108  63660     1.59e-08    6.00e-07
2012 06 30  1742   56108  63720     1.84e-08    6.15e-07
2012 06 30  1743   56108  63780     1.82e-08    6.30e-07
2012 06 30  1744   56108  63840     1.99e-08    6.47e-07
2012 06 30  1745   56108  63900     2.13e-08    6.63e-07
2012 06 30  1746   56108  63960     2.24e-08    6.99e-07
2012 06 30  1747   56108  64020     2.59e-08    7.31e-07
2012 06 30  1748   56108  64080     3.01e-08    7.44e-07
2012 06 30  1749   56108  64140     3.01e-08    7.45e-07
2012 06 30  1750   56108  64200     2.96e-08    7.53e-07
2012 06 30  1751   56108  64260     2.98e-08    7.61e-07
2012 06 30  1752   56108  64320     2.96e-08    7.73e-07
2012 06 30  1753   56108  64380     3.10e-08    7.85e-07
2012 06 30  1754   56108  64440     3.20e-08    7.94e-07
2012 06 30  1755   56108  64500     3.35e-08    8.05e-07
2012 06 30  1756   56108  64560     3.45e-08    8.13e-07
2012 06 30  1757   56108  64620     3.43e-08    8.30e-07
2012 06 30  1758   56108  64680     3.57e-08    8.52e-07
2012 06 30  1759   56108  64740     3.76e-08    8.69e-07
2012 06 30  1800   56108  64800     3.95e-08    8.94e-07
2012 06 30  1801   56108  64860     4.07e-08    9.10e-07
2012 06 30  1802   56108  64920     3.99e-08    9.33e-07
2012 06 30  1803   56108  64980     4.59e-08    9.78e-07
2012 06 30  1804   56108  65040     4.93e-08    1.05e-06
2012 06 30  1805   56108  65100     5.23e-08    1.14e-06
2012 06 30  1806   56108  65160     5.49e-08    1.23e-06
2012 06 30  1807   56108  65220     5.94e-08    1.31e-06
2012 06 30  1808   56108  65280     6.32e-08    1.38e-06
2012 06 30  1809   56108  65340     6.70e-08    1.44e-06
2012 06 30  1810   56108  65400     6.72e-08    1.48e-06
2012 06 30  1811   56108  65460     6.59e-08    1.50e-06
2012 06 30  1812   56108  65520     6.44e-08    1.50e-06
2012 06 30  1813   56108  65580     6.26e-08    1.49e-06
2012 06 30  1814   56108  65640     5.91e-08    1.46e-06
2012 06 30  1815   56108  65700     5.49e-08    1.43e-06
2012 06 30  1816   56108  65760     5.43e-08    1.41e-06
2012 06 30  1817   56108  65820     5.38e-08    1.40e-06
2012 06 30  1818   56108  65880     4.92e-08    1.38e-06
2012 06 30  1819   56108  65940     4.84e-08    1.36e-06
2012 06 30  1820   56108  66000     4.40e-08    1.34e-06
2012 06 30  1821   56108  66060     4.28e-08    1.32e-06
2012 06 30  1822   56108  66120     4.35e-08    1.31e-06
2012 06 30  1823   56108  66180     4.12e-08    1.29e-06
2012 06 30  1824   56108  66240     3.96e-08    1.28e-06
2012 06 30  1825   56108  66300     4.07e-08    1.31e-06
2012 06 30  1826   56108  66360     4.71e-08    1.38e-06
2012 06 30  1827   56108  66420     5.82e-08    1.51e-06
2012 06 30  1828   56108  66480     7.51e-08    1.65e-06
2012 06 30  1829   56108  66540     1.94e-07    2.40e-06
2012 06 30  1830   56108  66600     8.69e-07    5.13e-06
2012 06 30  1831   56108  66660     2.82e-06    1.19e-05
2012 06 30  1832   56108  66720     3.44e-06    1.61e-05
2012 06 30  1833   56108  66780     2.16e-06    1.31e-05
2012 06 30  1834   56108  66840     4.68e-07    6.03e-06
2012 06 30  1835   56108  66900     5.84e-08    1.95e-06
2012 06 30  1836   56108  66960     2.91e-08    1.19e-06
2012 06 30  1837   56108  67020     2.40e-08    1.09e-06
2012 06 30  1838   56108  67080     2.16e-08    1.02e-06
2012 06 30  1839   56108  67140     1.81e-08    9.83e-07
2012 06 30  1840   56108  67200     2.05e-08    9.88e-07
2012 06 30  1841   56108  67260     1.99e-08    9.73e-07
2012 06 30  1842   56108  67320     2.09e-08    9.56e-07
2012 06 30  1843   56108  67380     1.72e-08    9.02e-07
2012 06 30  1844   56108  67440     1.22e-08    8.54e-07
2012 06 30  1845   56108  67500     1.12e-08    8.23e-07
2012 06 30  1846   56108  67560     1.24e-08    8.11e-07
2012 06 30  1847   56108  67620     9.94e-09    7.93e-07
2012 06 30  1848   56108  67680     9.74e-09    7.77e-07
2012 06 30  1849   56108  67740     9.33e-09    7.66e-07
2012 06 30  1850   56108  67800     8.63e-09    7.58e-07
2012 06 30  1851   56108  67860     8.44e-09    7.49e-07
2012 06 30  1852   56108  67920     9.56e-09    7.40e-07
2012 06 30  1853   56108  67980     9.17e-09    7.31e-07
2012 06 30  1854   56108  68040     9.33e-09    7.19e-07
2012 06 30  1855   56108  68100     5.98e-09    7.12e-07
2012 06 30  1856   56108  68160     7.29e-09    7.07e-07
2012 06 30  1857   56108  68220     7.06e-09    7.02e-07
2012 06 30  1858   56108  68280     6.54e-09    6.93e-07
2012 06 30  1859   56108  68340     7.40e-09    6.85e-07
2012 06 30  1900   56108  68400     7.90e-09    6.79e-07
2012 06 30  1901   56108  68460     6.25e-09    6.72e-07
2012 06 30  1902   56108  68520     5.83e-09    6.69e-07
2012 06 30  1903   56108  68580     5.52e-09    6.65e-07
2012 06 30  1904   56108  68640     5.65e-09    6.58e-07
2012 06 30  1905   56108  68700     6.64e-09    6.54e-07
2012 06 30  1906   56108  68760     5.87e-09    6.52e-07
2012 06 30  1907   56108  68820     6.02e-09    6.50e-07
2012 06 30  1908   56108  68880     6.99e-09    6.48e-07
2012 06 30  1909   56108  68940     5.60e-09    6.43e-07
2012 06 30  1910   56108  69000     5.33e-09    6.41e-07
2012 06 30  1911   56108  69060     6.88e-09    6.41e-07
2012 06 30  1912   56108  69120     6.67e-09    6.43e-07
2012 06 30  1913   56108  69180     5.75e-09    6.44e-07
2012 06 30  1914   56108  69240     6.36e-09    6.39e-07
2012 06 30  1915   56108  69300     7.40e-09    6.36e-07
2012 06 30  1916   56108  69360     5.10e-09    6.31e-07
2012 06 30  1917   56108  69420     6.64e-09    6.31e-07
2012 06 30  1918   56108  69480     7.32e-09    6.31e-07
2012 06 30  1919   56108  69540     6.94e-09    6.27e-07
2012 06 30  1920   56108  69600     7.87e-09    6.22e-07
2012 06 30  1921   56108  69660     9.70e-09    6.19e-07
2012 06 30  1922   56108  69720     6.91e-09    6.17e-07
2012 06 30  1923   56108  69780     5.41e-09    6.13e-07
2012 06 30  1924   56108  69840     6.67e-09    6.13e-07
2012 06 30  1925   56108  69900     7.03e-09    6.17e-07
2012 06 30  1926   56108  69960     7.33e-09    6.30e-07
2012 06 30  1927   56108  70020     6.14e-09    6.43e-07
2012 06 30  1928   56108  70080     7.36e-09    6.36e-07
2012 06 30  1929   56108  70140     6.41e-09    6.30e-07
2012 06 30  1930   56108  70200     6.79e-09    6.53e-07
2012 06 30  1931   56108  70260     1.07e-08    7.14e-07
2012 06 30  1932   56108  70320     1.11e-08    7.24e-07
2012 06 30  1933   56108  70380     9.75e-09    6.92e-07
2012 06 30  1934   56108  70440     1.11e-08    6.76e-07
2012 06 30  1935   56108  70500     8.92e-09    6.62e-07
2012 06 30  1936   56108  70560     7.02e-09    6.45e-07
2012 06 30  1937   56108  70620     5.71e-09    6.21e-07
2012 06 30  1938   56108  70680     4.91e-09    6.01e-07
2012 06 30  1939   56108  70740     4.52e-09    5.88e-07
2012 06 30  1940   56108  70800     6.37e-09    5.84e-07
2012 06 30  1941   56108  70860     6.91e-09    5.88e-07
2012 06 30  1942   56108  70920     4.91e-09    5.87e-07
2012 06 30  1943   56108  70980     4.06e-09    5.80e-07
2012 06 30  1944   56108  71040     4.02e-09    5.77e-07
2012 06 30  1945   56108  71100     3.87e-09    5.74e-07
2012 06 30  1946   56108  71160     5.29e-09    5.87e-07
2012 06 30  1947   56108  71220     5.21e-09    5.96e-07
2012 06 30  1948   56108  71280     2.36e-09    5.80e-07
2012 06 30  1949   56108  71340     5.18e-09    5.81e-07
2012 06 30  1950   56108  71400     5.48e-09    5.91e-07
2012 06 30  1951   56108  71460     3.87e-09    5.83e-07
2012 06 30  1952   56108  71520     3.68e-09    5.75e-07
2012 06 30  1953   56108  71580     6.25e-09    5.75e-07
2012 06 30  1954   56108  71640     7.06e-09    5.88e-07
2012 06 30  1955   56108  71700     9.07e-09    5.87e-07
2012 06 30  1956   56108  71760     6.48e-09    5.89e-07
2012 06 30  1957   56108  71820     6.52e-09    5.98e-07
2012 06 30  1958   56108  71880     5.24e-09    6.04e-07
2012 06 30  1959   56108  71940     5.25e-09    6.02e-07
2012 06 30  2000   56108  72000     6.52e-09    6.11e-07
2012 06 30  2001   56108  72060     5.29e-09    6.10e-07
2012 06 30  2002   56108  72120     7.36e-09    6.11e-07
2012 06 30  2003   56108  72180     5.29e-09    6.13e-07
2012 06 30  2004   56108  72240     5.52e-09    6.02e-07
2012 06 30  2005   56108  72300     6.80e-09    5.97e-07
2012 06 30  2006   56108  72360     5.75e-09    5.92e-07
2012 06 30  2007   56108  72420     4.06e-09    5.87e-07
2012 06 30  2008   56108  72480     6.36e-09    5.90e-07
2012 06 30  2009   56108  72540     8.63e-09    5.98e-07
2012 06 30  2010   56108  72600     9.25e-09    6.28e-07
2012 06 30  2011   56108  72660     7.56e-09    6.25e-07
2012 06 30  2012   56108  72720     9.29e-09    6.28e-07
2012 06 30  2013   56108  72780     7.98e-09    6.34e-07
2012 06 30  2014   56108  72840     8.40e-09    6.53e-07
2012 06 30  2015   56108  72900     1.31e-08    6.97e-07
2012 06 30  2016   56108  72960     1.27e-08    7.33e-07
2012 06 30  2017   56108  73020     1.53e-08    7.69e-07
2012 06 30  2018   56108  73080     2.16e-08    8.42e-07
2012 06 30  2019   56108  73140     2.07e-08    8.39e-07
2012 06 30  2020   56108  73200     1.68e-08    7.84e-07
2012 06 30  2021   56108  73260     1.37e-08    7.43e-07
2012 06 30  2022   56108  73320     1.17e-08    7.24e-07
2012 06 30  2023   56108  73380     1.47e-08    7.31e-07
2012 06 30  2024   56108  73440     1.42e-08    7.24e-07
2012 06 30  2025   56108  73500     1.94e-08    7.63e-07
2012 06 30  2026   56108  73560     2.78e-08    8.33e-07
2012 06 30  2027   56108  73620     3.00e-08    8.86e-07
2012 06 30  2028   56108  73680     2.29e-08    8.85e-07
2012 06 30  2029   56108  73740     1.88e-08    8.57e-07
2012 06 30  2030   56108  73800     1.55e-08    8.08e-07
2012 06 30  2031   56108  73860     1.34e-08    7.80e-07
2012 06 30  2032   56108  73920     1.09e-08    7.52e-07
2012 06 30  2033   56108  73980     1.50e-08    7.51e-07
2012 06 30  2034   56108  74040     1.29e-08    7.61e-07
2012 06 30  2035   56108  74100     1.52e-08    7.80e-07
2012 06 30  2036   56108  74160     1.63e-08    7.92e-07
2012 06 30  2037   56108  74220     1.75e-08    8.02e-07
2012 06 30  2038   56108  74280     1.62e-08    8.20e-07
2012 06 30  2039   56108  74340     2.08e-08    8.34e-07
2012 06 30  2040   56108  74400     1.86e-08    8.25e-07
2012 06 30  2041   56108  74460     1.88e-08    8.17e-07
2012 06 30  2042   56108  74520     2.05e-08    8.19e-07
2012 06 30  2043   56108  74580     1.89e-08    8.25e-07
2012 06 30  2044   56108  74640     1.89e-08    8.29e-07
2012 06 30  2045   56108  74700     1.98e-08    8.32e-07
2012 06 30  2046   56108  74760     1.85e-08    8.31e-07
2012 06 30  2047   56108  74820     1.58e-08    8.21e-07
2012 06 30  2048   56108  74880     1.68e-08    8.07e-07
2012 06 30  2049   56108  74940     1.66e-08    7.95e-07
2012 06 30  2050   56108  75000     1.41e-08    7.88e-07
2012 06 30  2051   56108  75060     1.42e-08    7.81e-07
2012 06 30  2052   56108  75120     1.43e-08    7.71e-07
2012 06 30  2053   56108  75180     1.48e-08    7.70e-07
2012 06 30  2054   56108  75240     1.50e-08    7.58e-07
2012 06 30  2055   56108  75300     1.62e-08    7.48e-07
2012 06 30  2056   56108  75360     1.31e-08    7.40e-07
2012 06 30  2057   56108  75420     1.54e-08    7.32e-07
2012 06 30  2058   56108  75480     1.40e-08    7.28e-07
2012 06 30  2059   56108  75540     1.33e-08    7.20e-07
2012 06 30  2100   56108  75600     1.51e-08    7.10e-07
2012 06 30  2101   56108  75660     1.49e-08    7.01e-07
2012 06 30  2102   56108  75720     1.35e-08    6.93e-07
2012 06 30  2103   56108  75780     1.12e-08    6.93e-07
2012 06 30  2104   56108  75840     1.09e-08    6.86e-07
2012 06 30  2105   56108  75900     1.16e-08    6.75e-07
2012 06 30  2106   56108  75960     1.13e-08    6.68e-07
2012 06 30  2107   56108  76020     8.37e-09    6.61e-07
2012 06 30  2108   56108  76080     9.75e-09    6.52e-07
2012 06 30  2109   56108  76140     8.85e-09    6.50e-07
2012 06 30  2110   56108  76200     9.48e-09    6.52e-07
2012 06 30  2111   56108  76260     9.83e-09    6.54e-07
2012 06 30  2112   56108  76320     1.01e-08    6.60e-07
2012 06 30  2113   56108  76380     9.90e-09    6.62e-07
2012 06 30  2114   56108  76440     9.52e-09    6.62e-07
2012 06 30  2115   56108  76500     9.17e-09    6.52e-07
2012 06 30  2116   56108  76560     8.59e-09    6.48e-07
2012 06 30  2117   56108  76620     8.63e-09    6.44e-07
2012 06 30  2118   56108  76680     8.25e-09    6.46e-07
2012 06 30  2119   56108  76740     8.10e-09    6.45e-07
2012 06 30  2120   56108  76800     8.48e-09    6.46e-07
2012 06 30  2121   56108  76860     9.17e-09    6.59e-07
2012 06 30  2122   56108  76920     1.38e-08    6.99e-07
2012 06 30  2123   56108  76980     2.71e-08    8.45e-07
2012 06 30  2124   56108  77040     5.14e-08    1.13e-06
2012 06 30  2125   56108  77100     8.30e-08    1.49e-06
2012 06 30  2126   56108  77160     6.97e-08    1.40e-06
2012 06 30  2127   56108  77220     3.28e-08    1.02e-06
2012 06 30  2128   56108  77280     1.61e-08    8.20e-07
2012 06 30  2129   56108  77340     1.13e-08    7.11e-07
2012 06 30  2130   56108  77400     8.79e-09    6.71e-07
2012 06 30  2131   56108  77460     7.40e-09    6.62e-07
2012 06 30  2132   56108  77520     8.81e-09    6.69e-07
2012 06 30  2133   56108  77580     7.94e-09    6.51e-07
2012 06 30  2134   56108  77640     6.94e-09    6.51e-07
2012 06 30  2135   56108  77700     9.25e-09    6.49e-07
2012 06 30  2136   56108  77760     9.96e-09    6.53e-07
2012 06 30  2137   56108  77820     9.86e-09    6.50e-07
2012 06 30  2138   56108  77880     9.79e-09    6.50e-07
2012 06 30  2139   56108  77940     7.69e-09    6.45e-07
2012 06 30  2140   56108  78000     6.64e-09    6.35e-07
2012 06 30  2141   56108  78060     6.56e-09    6.30e-07
2012 06 30  2142   56108  78120     7.87e-09    6.29e-07
2012 06 30  2143   56108  78180     6.62e-09    6.25e-07
2012 06 30  2144   56108  78240     6.52e-09    6.26e-07
2012 06 30  2145   56108  78300     6.33e-09    6.25e-07
2012 06 30  2146   56108  78360     6.32e-09    6.19e-07
2012 06 30  2147   56108  78420     5.94e-09    6.18e-07
2012 06 30  2148   56108  78480     5.79e-09    6.12e-07
2012 06 30  2149   56108  78540     6.25e-09    6.09e-07
2012 06 30  2150   56108  78600     6.37e-09    6.10e-07
2012 06 30  2151   56108  78660     6.91e-09    6.15e-07
2012 06 30  2152   56108  78720     6.29e-09    6.11e-07
2012 06 30  2153   56108  78780     7.32e-09    6.02e-07
2012 06 30  2154   56108  78840     6.10e-09    5.96e-07
2012 06 30  2155   56108  78900     6.83e-09    5.93e-07
2012 06 30  2156   56108  78960     6.13e-09    5.90e-07
2012 06 30  2157   56108  79020     5.71e-09    5.82e-07
2012 06 30  2158   56108  79080     5.29e-09    5.78e-07
2012 06 30  2159   56108  79140     6.21e-09    5.75e-07
2012 06 30  2200   56108  79200     5.41e-09    5.71e-07
2012 06 30  2201   56108  79260     5.68e-09    5.65e-07
2012 06 30  2202   56108  79320     4.41e-09    5.59e-07
2012 06 30  2203   56108  79380     4.43e-09    5.54e-07
2012 06 30  2204   56108  79440     4.41e-09    5.52e-07
2012 06 30  2205   56108  79500     2.68e-09    5.44e-07
2012 06 30  2206   56108  79560     2.34e-09    5.41e-07
2012 06 30  2207   56108  79620     2.19e-09    5.38e-07
2012 06 30  2208   56108  79680     3.52e-09    5.35e-07
2012 06 30  2209   56108  79740     3.72e-09    5.32e-07
2012 06 30  2210   56108  79800     3.91e-09    5.25e-07
2012 06 30  2211   56108  79860     4.48e-09    5.20e-07
2012 06 30  2212   56108  79920     4.37e-09    5.17e-07
2012 06 30  2213   56108  79980     2.90e-09    5.13e-07
2012 06 30  2214   56108  80040     1.97e-09    5.11e-07
2012 06 30  2215   56108  80100     2.34e-09    5.13e-07
2012 06 30  2216   56108  80160     2.13e-09    5.08e-07
2012 06 30  2217   56108  80220     1.38e-09    5.05e-07
2012 06 30  2218   56108  80280     1.50e-09    5.06e-07
2012 06 30  2219   56108  80340     2.63e-09    5.06e-07
2012 06 30  2220   56108  80400     2.05e-09    5.05e-07
2012 06 30  2221   56108  80460     1.32e-09    5.16e-07
2012 06 30  2222   56108  80520     1.35e-09    5.19e-07
2012 06 30  2223   56108  80580     1.80e-09    5.40e-07
2012 06 30  2224   56108  80640     3.49e-09    5.58e-07
2012 06 30  2225   56108  80700     5.91e-09    5.62e-07
2012 06 30  2226   56108  80760     7.88e-09    5.79e-07
2012 06 30  2227   56108  80820     1.23e-08    6.35e-07
2012 06 30  2228   56108  80880     1.83e-08    7.07e-07
2012 06 30  2229   56108  80940     2.38e-08    7.70e-07
2012 06 30  2230   56108  81000     2.66e-08    8.12e-07
2012 06 30  2231   56108  81060     3.13e-08    8.71e-07
2012 06 30  2232   56108  81120     3.57e-08    9.21e-07
2012 06 30  2233   56108  81180     3.81e-08    9.60e-07
2012 06 30  2234   56108  81240     4.35e-08    1.01e-06
2012 06 30  2235   56108  81300     5.05e-08    1.07e-06
2012 06 30  2236   56108  81360     6.20e-08    1.18e-06
2012 06 30  2237   56108  81420     6.17e-08    1.22e-06
2012 06 30  2238   56108  81480     5.19e-08    1.19e-06
2012 06 30  2239   56108  81540     4.79e-08    1.14e-06
2012 06 30  2240   56108  81600     4.02e-08    1.09e-06
2012 06 30  2241   56108  81660     3.54e-08    1.06e-06
2012 06 30  2242   56108  81720     3.15e-08    1.03e-06
2012 06 30  2243   56108  81780     2.94e-08    1.01e-06
2012 06 30  2244   56108  81840     3.09e-08    1.01e-06
2012 06 30  2245   56108  81900     2.81e-08    1.00e-06
2012 06 30  2246   56108  81960     2.78e-08    1.00e-06
2012 06 30  2247   56108  82020     2.83e-08    9.90e-07
2012 06 30  2248   56108  82080     2.75e-08    9.77e-07
2012 06 30  2249   56108  82140     2.70e-08    9.69e-07
2012 06 30  2250   56108  82200     2.50e-08    9.54e-07
2012 06 30  2251   56108  82260     2.22e-08    9.43e-07
2012 06 30  2252   56108  82320     1.87e-08    9.38e-07
2012 06 30  2253   56108  82380     2.00e-08    9.28e-07
2012 06 30  2254   56108  82440     1.86e-08    9.10e-07
2012 06 30  2255   56108  82500     1.97e-08    9.00e-07
2012 06 30  2256   56108  82560     1.84e-08    8.91e-07
2012 06 30  2257   56108  82620     1.86e-08    8.84e-07
2012 06 30  2258   56108  82680     1.94e-08    8.84e-07
2012 06 30  2259   56108  82740     1.95e-08    8.79e-07
2012 06 30  2300   56108  82800     1.67e-08    8.60e-07
2012 06 30  2301   56108  82860     1.63e-08    8.42e-07
2012 06 30  2302   56108  82920     1.55e-08    8.30e-07
2012 06 30  2303   56108  82980     1.78e-08    8.18e-07
2012 06 30  2304   56108  83040     1.51e-08    8.05e-07
2012 06 30  2305   56108  83100     1.49e-08    7.94e-07
2012 06 30  2306   56108  83160     1.41e-08    7.81e-07
2012 06 30  2307   56108  83220     1.39e-08    7.74e-07
2012 06 30  2308   56108  83280     1.36e-08    7.63e-07
2012 06 30  2309   56108  83340     1.29e-08    7.51e-07
2012 06 30  2310   56108  83400     1.37e-08    7.45e-07
2012 06 30  2311   56108  83460     1.36e-08    7.36e-07
2012 06 30  2312   56108  83520     1.21e-08    7.30e-07
2012 06 30  2313   56108  83580     1.18e-08    7.23e-07
2012 06 30  2314   56108  83640     1.13e-08    7.19e-07
2012 06 30  2315   56108  83700     1.14e-08    7.14e-07
2012 06 30  2316   56108  83760     1.23e-08    7.09e-07
2012 06 30  2317   56108  83820     1.11e-08    7.12e-07
2012 06 30  2318   56108  83880     1.09e-08    7.04e-07
2012 06 30  2319   56108  83940     9.44e-09    6.92e-07
2012 06 30  2320   56108  84000     1.11e-08    6.84e-07
2012 06 30  2321   56108  84060     1.14e-08    6.76e-07
2012 06 30  2322   56108  84120     1.34e-08    6.70e-07
2012 06 30  2323   56108  84180     1.23e-08    6.65e-07
2012 06 30  2324   56108  84240     1.17e-08    6.58e-07
2012 06 30  2325   56108  84300     1.19e-08    6.49e-07
2012 06 30  2326   56108  84360     1.18e-08    6.45e-07
2012 06 30  2327   56108  84420     1.13e-08    6.43e-07
2012 06 30  2328   56108  84480     9.98e-09    6.32e-07
2012 06 30  2329   56108  84540     8.60e-09    6.32e-07
2012 06 30  2330   56108  84600     8.85e-09    6.33e-07
2012 06 30  2331   56108  84660     7.40e-09    6.35e-07
2012 06 30  2332   56108  84720     8.25e-09    6.35e-07
2012 06 30  2333   56108  84780     9.52e-09    6.34e-07
2012 06 30  2334   56108  84840     8.40e-09    6.30e-07
2012 06 30  2335   56108  84900     7.83e-09    6.24e-07
2012 06 30  2336   56108  84960     6.02e-09    6.10e-07
2012 06 30  2337   56108  85020     5.32e-09    6.02e-07
2012 06 30  2338   56108  85080     6.87e-09    5.99e-07
2012 06 30  2339   56108  85140     6.98e-09    5.98e-07
2012 06 30  2340   56108  85200     6.58e-09    5.98e-07
2012 06 30  2341   56108  85260     7.21e-09    5.95e-07
2012 06 30  2342   56108  85320     8.06e-09    5.92e-07
2012 06 30  2343   56108  85380     8.48e-09    5.85e-07
2012 06 30  2344   56108  85440     7.17e-09    5.88e-07
2012 06 30  2345   56108  85500     8.71e-09    5.99e-07
2012 06 30  2346   56108  85560     1.02e-08    6.37e-07
2012 06 30  2347   56108  85620     8.73e-09    6.50e-07
2012 06 30  2348   56108  85680     1.18e-08    6.79e-07
2012 06 30  2349   56108  85740     2.03e-08    7.24e-07
2012 06 30  2350   56108  85800     3.17e-08    8.06e-07
2012 06 30  2351   56108  85860     5.18e-08    9.33e-07
2012 06 30  2352   56108  85920     5.51e-08    9.85e-07
2012 06 30  2353   56108  85980     5.37e-08    1.01e-06
2012 06 30  2354   56108  86040     4.72e-08    9.87e-07
2012 06 30  2355   56108  86100     2.98e-08    8.92e-07
2012 06 30  2356   56108  86160     1.81e-08    7.86e-07
2012 06 30  2357   56108  86220     1.10e-08    6.86e-07
2012 06 30  2358   56108  86280     6.64e-09    6.13e-07
2012 06 30  2359   56108  86340     6.67e-09    5.70e-07
