:Data_list: 20120615_Gp_xr_1m.txt
:Created: 2012 Jun 16 0010 UTC
# Prepared by the U.S. Dept. of Commerce, NOAA, Space Weather Prediction Center
# Please send comments and suggestions to SWPC.Webmaster@noaa.gov 
# 
# Label: Short = 0.05- 0.4 nanometer
# Label: Long  = 0.1 - 0.8 nanometer
# Units: Short = Watts per meter squared
# Units: Long  = Watts per meter squared
# Source: GOES-15
# Location: W135
# Missing data: -1.00e+05
#
#         1-minute GOES-15 Solar X-ray Flux
# 
#                 Modified Seconds
# UTC Date  Time   Julian  of the
# YR MO DA  HHMM    Day     Day       Short       Long
#-------------------------------------------------------
2012 06 15  0000   56093      0     3.58e-08    1.43e-06
2012 06 15  0001   56093     60     3.99e-08    1.46e-06
2012 06 15  0002   56093    120     4.44e-08    1.49e-06
2012 06 15  0003   56093    180     4.54e-08    1.53e-06
2012 06 15  0004   56093    240     4.77e-08    1.57e-06
2012 06 15  0005   56093    300     5.01e-08    1.62e-06
2012 06 15  0006   56093    360     5.48e-08    1.67e-06
2012 06 15  0007   56093    420     5.71e-08    1.72e-06
2012 06 15  0008   56093    480     5.94e-08    1.75e-06
2012 06 15  0009   56093    540     6.36e-08    1.79e-06
2012 06 15  0010   56093    600     6.68e-08    1.82e-06
2012 06 15  0011   56093    660     6.78e-08    1.84e-06
2012 06 15  0012   56093    720     6.84e-08    1.86e-06
2012 06 15  0013   56093    780     6.93e-08    1.88e-06
2012 06 15  0014   56093    840     6.93e-08    1.89e-06
2012 06 15  0015   56093    900     6.88e-08    1.90e-06
2012 06 15  0016   56093    960     6.65e-08    1.91e-06
2012 06 15  0017   56093   1020     6.67e-08    1.92e-06
2012 06 15  0018   56093   1080     6.52e-08    1.92e-06
2012 06 15  0019   56093   1140     6.17e-08    1.91e-06
2012 06 15  0020   56093   1200     5.95e-08    1.90e-06
2012 06 15  0021   56093   1260     6.01e-08    1.89e-06
2012 06 15  0022   56093   1320     6.00e-08    1.89e-06
2012 06 15  0023   56093   1380     5.96e-08    1.88e-06
2012 06 15  0024   56093   1440     5.85e-08    1.88e-06
2012 06 15  0025   56093   1500     5.71e-08    1.88e-06
2012 06 15  0026   56093   1560     5.58e-08    1.88e-06
2012 06 15  0027   56093   1620     5.33e-08    1.87e-06
2012 06 15  0028   56093   1680     5.20e-08    1.85e-06
2012 06 15  0029   56093   1740     4.84e-08    1.84e-06
2012 06 15  0030   56093   1800     4.64e-08    1.83e-06
2012 06 15  0031   56093   1860     4.62e-08    1.83e-06
2012 06 15  0032   56093   1920     4.84e-08    1.84e-06
2012 06 15  0033   56093   1980     4.88e-08    1.85e-06
2012 06 15  0034   56093   2040     5.23e-08    1.88e-06
2012 06 15  0035   56093   2100     5.99e-08    1.93e-06
2012 06 15  0036   56093   2160     6.49e-08    1.98e-06
2012 06 15  0037   56093   2220     7.82e-08    2.08e-06
2012 06 15  0038   56093   2280     9.29e-08    2.18e-06
2012 06 15  0039   56093   2340     9.28e-08    2.22e-06
2012 06 15  0040   56093   2400     9.55e-08    2.28e-06
2012 06 15  0041   56093   2460     9.27e-08    2.30e-06
2012 06 15  0042   56093   2520     8.79e-08    2.28e-06
2012 06 15  0043   56093   2580     8.71e-08    2.31e-06
2012 06 15  0044   56093   2640     9.13e-08    2.37e-06
2012 06 15  0045   56093   2700     9.96e-08    2.45e-06
2012 06 15  0046   56093   2760     1.20e-07    2.58e-06
2012 06 15  0047   56093   2820     1.40e-07    2.73e-06
2012 06 15  0048   56093   2880     1.59e-07    2.87e-06
2012 06 15  0049   56093   2940     1.74e-07    2.98e-06
2012 06 15  0050   56093   3000     1.77e-07    3.04e-06
2012 06 15  0051   56093   3060     1.73e-07    3.06e-06
2012 06 15  0052   56093   3120     1.71e-07    3.07e-06
2012 06 15  0053   56093   3180     1.58e-07    3.03e-06
2012 06 15  0054   56093   3240     1.44e-07    2.97e-06
2012 06 15  0055   56093   3300     1.34e-07    2.92e-06
2012 06 15  0056   56093   3360     1.27e-07    2.88e-06
2012 06 15  0057   56093   3420     1.21e-07    2.82e-06
2012 06 15  0058   56093   3480     1.16e-07    2.77e-06
2012 06 15  0059   56093   3540     1.10e-07    2.72e-06
2012 06 15  0100   56093   3600     1.06e-07    2.67e-06
2012 06 15  0101   56093   3660     1.05e-07    2.63e-06
2012 06 15  0102   56093   3720     1.04e-07    2.60e-06
2012 06 15  0103   56093   3780     1.02e-07    2.57e-06
2012 06 15  0104   56093   3840     9.79e-08    2.53e-06
2012 06 15  0105   56093   3900     9.18e-08    2.47e-06
2012 06 15  0106   56093   3960     8.06e-08    2.41e-06
2012 06 15  0107   56093   4020     7.39e-08    2.34e-06
2012 06 15  0108   56093   4080     6.64e-08    2.28e-06
2012 06 15  0109   56093   4140     6.22e-08    2.21e-06
2012 06 15  0110   56093   4200     5.91e-08    2.15e-06
2012 06 15  0111   56093   4260     5.37e-08    2.08e-06
2012 06 15  0112   56093   4320     4.99e-08    2.03e-06
2012 06 15  0113   56093   4380     4.84e-08    1.98e-06
2012 06 15  0114   56093   4440     4.76e-08    1.95e-06
2012 06 15  0115   56093   4500     4.74e-08    1.92e-06
2012 06 15  0116   56093   4560     4.79e-08    1.89e-06
2012 06 15  0117   56093   4620     4.68e-08    1.86e-06
2012 06 15  0118   56093   4680     4.59e-08    1.83e-06
2012 06 15  0119   56093   4740     4.30e-08    1.80e-06
2012 06 15  0120   56093   4800     4.24e-08    1.77e-06
2012 06 15  0121   56093   4860     4.21e-08    1.74e-06
2012 06 15  0122   56093   4920     3.91e-08    1.71e-06
2012 06 15  0123   56093   4980     3.72e-08    1.69e-06
2012 06 15  0124   56093   5040     3.87e-08    1.67e-06
2012 06 15  0125   56093   5100     3.49e-08    1.66e-06
2012 06 15  0126   56093   5160     3.17e-08    1.65e-06
2012 06 15  0127   56093   5220     3.04e-08    1.63e-06
2012 06 15  0128   56093   5280     3.32e-08    1.59e-06
2012 06 15  0129   56093   5340     2.88e-08    1.56e-06
2012 06 15  0130   56093   5400     2.75e-08    1.52e-06
2012 06 15  0131   56093   5460     2.60e-08    1.50e-06
2012 06 15  0132   56093   5520     2.39e-08    1.47e-06
2012 06 15  0133   56093   5580     2.29e-08    1.45e-06
2012 06 15  0134   56093   5640     2.20e-08    1.42e-06
2012 06 15  0135   56093   5700     2.18e-08    1.40e-06
2012 06 15  0136   56093   5760     2.05e-08    1.37e-06
2012 06 15  0137   56093   5820     2.05e-08    1.35e-06
2012 06 15  0138   56093   5880     1.90e-08    1.34e-06
2012 06 15  0139   56093   5940     1.74e-08    1.32e-06
2012 06 15  0140   56093   6000     1.62e-08    1.31e-06
2012 06 15  0141   56093   6060     1.70e-08    1.29e-06
2012 06 15  0142   56093   6120     1.61e-08    1.27e-06
2012 06 15  0143   56093   6180     1.61e-08    1.26e-06
2012 06 15  0144   56093   6240     1.61e-08    1.25e-06
2012 06 15  0145   56093   6300     1.77e-08    1.24e-06
2012 06 15  0146   56093   6360     1.67e-08    1.23e-06
2012 06 15  0147   56093   6420     1.66e-08    1.22e-06
2012 06 15  0148   56093   6480     1.61e-08    1.21e-06
2012 06 15  0149   56093   6540     1.52e-08    1.20e-06
2012 06 15  0150   56093   6600     1.52e-08    1.19e-06
2012 06 15  0151   56093   6660     1.46e-08    1.18e-06
2012 06 15  0152   56093   6720     1.49e-08    1.16e-06
2012 06 15  0153   56093   6780     1.63e-08    1.15e-06
2012 06 15  0154   56093   6840     1.30e-08    1.14e-06
2012 06 15  0155   56093   6900     1.29e-08    1.12e-06
2012 06 15  0156   56093   6960     1.27e-08    1.11e-06
2012 06 15  0157   56093   7020     1.10e-08    1.11e-06
2012 06 15  0158   56093   7080     1.17e-08    1.10e-06
2012 06 15  0159   56093   7140     1.19e-08    1.10e-06
2012 06 15  0200   56093   7200     1.24e-08    1.10e-06
2012 06 15  0201   56093   7260     1.13e-08    1.09e-06
2012 06 15  0202   56093   7320     1.32e-08    1.09e-06
2012 06 15  0203   56093   7380     1.26e-08    1.08e-06
2012 06 15  0204   56093   7440     1.34e-08    1.07e-06
2012 06 15  0205   56093   7500     1.29e-08    1.06e-06
2012 06 15  0206   56093   7560     1.14e-08    1.05e-06
2012 06 15  0207   56093   7620     1.08e-08    1.04e-06
2012 06 15  0208   56093   7680     1.21e-08    1.04e-06
2012 06 15  0209   56093   7740     1.19e-08    1.03e-06
2012 06 15  0210   56093   7800     1.21e-08    1.03e-06
2012 06 15  0211   56093   7860     1.21e-08    1.02e-06
2012 06 15  0212   56093   7920     1.16e-08    1.02e-06
2012 06 15  0213   56093   7980     1.00e-08    1.01e-06
2012 06 15  0214   56093   8040     1.02e-08    1.00e-06
2012 06 15  0215   56093   8100     1.01e-08    9.98e-07
2012 06 15  0216   56093   8160     1.02e-08    9.92e-07
2012 06 15  0217   56093   8220     1.03e-08    9.89e-07
2012 06 15  0218   56093   8280     1.11e-08    9.82e-07
2012 06 15  0219   56093   8340     9.63e-09    9.79e-07
2012 06 15  0220   56093   8400     8.85e-09    9.70e-07
2012 06 15  0221   56093   8460     9.13e-09    9.62e-07
2012 06 15  0222   56093   8520     9.71e-09    9.62e-07
2012 06 15  0223   56093   8580     9.06e-09    9.56e-07
2012 06 15  0224   56093   8640     8.85e-09    9.55e-07
2012 06 15  0225   56093   8700     9.21e-09    9.49e-07
2012 06 15  0226   56093   8760     1.14e-08    9.40e-07
2012 06 15  0227   56093   8820     8.73e-09    9.37e-07
2012 06 15  0228   56093   8880     9.25e-09    9.28e-07
2012 06 15  0229   56093   8940     8.63e-09    9.21e-07
2012 06 15  0230   56093   9000     9.55e-09    9.18e-07
2012 06 15  0231   56093   9060     8.75e-09    9.15e-07
2012 06 15  0232   56093   9120     8.40e-09    9.11e-07
2012 06 15  0233   56093   9180     7.48e-09    9.10e-07
2012 06 15  0234   56093   9240     6.99e-09    9.07e-07
2012 06 15  0235   56093   9300     9.40e-09    9.03e-07
2012 06 15  0236   56093   9360     9.33e-09    8.96e-07
2012 06 15  0237   56093   9420     7.43e-09    8.86e-07
2012 06 15  0238   56093   9480     6.14e-09    8.81e-07
2012 06 15  0239   56093   9540     6.41e-09    8.78e-07
2012 06 15  0240   56093   9600     5.39e-09    8.70e-07
2012 06 15  0241   56093   9660     5.75e-09    8.65e-07
2012 06 15  0242   56093   9720     6.02e-09    8.59e-07
2012 06 15  0243   56093   9780     7.21e-09    8.57e-07
2012 06 15  0244   56093   9840     7.21e-09    8.51e-07
2012 06 15  0245   56093   9900     6.67e-09    8.50e-07
2012 06 15  0246   56093   9960     7.10e-09    8.50e-07
2012 06 15  0247   56093  10020     7.66e-09    8.49e-07
2012 06 15  0248   56093  10080     7.67e-09    8.45e-07
2012 06 15  0249   56093  10140     9.56e-09    8.38e-07
2012 06 15  0250   56093  10200     7.66e-09    8.33e-07
2012 06 15  0251   56093  10260     7.14e-09    8.35e-07
2012 06 15  0252   56093  10320     6.79e-09    8.29e-07
2012 06 15  0253   56093  10380     6.71e-09    8.27e-07
2012 06 15  0254   56093  10440     8.10e-09    8.21e-07
2012 06 15  0255   56093  10500     8.21e-09    8.14e-07
2012 06 15  0256   56093  10560     6.44e-09    8.11e-07
2012 06 15  0257   56093  10620     5.39e-09    8.08e-07
2012 06 15  0258   56093  10680     5.45e-09    8.08e-07
2012 06 15  0259   56093  10740     6.37e-09    7.99e-07
2012 06 15  0300   56093  10800     8.98e-09    7.94e-07
2012 06 15  0301   56093  10860     9.25e-09    7.98e-07
2012 06 15  0302   56093  10920     9.10e-09    7.96e-07
2012 06 15  0303   56093  10980     9.02e-09    7.89e-07
2012 06 15  0304   56093  11040     1.10e-08    7.86e-07
2012 06 15  0305   56093  11100     7.29e-09    7.89e-07
2012 06 15  0306   56093  11160     7.33e-09    7.92e-07
2012 06 15  0307   56093  11220     6.58e-09    7.84e-07
2012 06 15  0308   56093  11280     6.60e-09    7.78e-07
2012 06 15  0309   56093  11340     7.06e-09    7.79e-07
2012 06 15  0310   56093  11400     6.14e-09    7.76e-07
2012 06 15  0311   56093  11460     6.39e-09    7.73e-07
2012 06 15  0312   56093  11520     8.06e-09    7.67e-07
2012 06 15  0313   56093  11580     5.94e-09    7.61e-07
2012 06 15  0314   56093  11640     6.10e-09    7.65e-07
2012 06 15  0315   56093  11700     6.29e-09    7.67e-07
2012 06 15  0316   56093  11760     8.56e-09    7.61e-07
2012 06 15  0317   56093  11820     5.99e-09    7.54e-07
2012 06 15  0318   56093  11880     7.44e-09    7.53e-07
2012 06 15  0319   56093  11940     5.37e-09    7.50e-07
2012 06 15  0320   56093  12000     5.71e-09    7.40e-07
2012 06 15  0321   56093  12060     5.17e-09    7.35e-07
2012 06 15  0322   56093  12120     5.29e-09    7.33e-07
2012 06 15  0323   56093  12180     7.94e-09    7.34e-07
2012 06 15  0324   56093  12240     9.18e-09    7.35e-07
2012 06 15  0325   56093  12300     6.29e-09    7.34e-07
2012 06 15  0326   56093  12360     4.98e-09    7.29e-07
2012 06 15  0327   56093  12420     6.18e-09    7.26e-07
2012 06 15  0328   56093  12480     6.32e-09    7.24e-07
2012 06 15  0329   56093  12540     6.44e-09    7.21e-07
2012 06 15  0330   56093  12600     6.52e-09    7.14e-07
2012 06 15  0331   56093  12660     5.50e-09    7.15e-07
2012 06 15  0332   56093  12720     6.41e-09    7.17e-07
2012 06 15  0333   56093  12780     3.91e-09    7.14e-07
2012 06 15  0334   56093  12840     4.87e-09    7.14e-07
2012 06 15  0335   56093  12900     3.98e-09    7.20e-07
2012 06 15  0336   56093  12960     3.83e-09    7.24e-07
2012 06 15  0337   56093  13020     4.75e-09    7.20e-07
2012 06 15  0338   56093  13080     5.65e-09    7.13e-07
2012 06 15  0339   56093  13140     5.37e-09    7.08e-07
2012 06 15  0340   56093  13200     6.79e-09    7.10e-07
2012 06 15  0341   56093  13260     5.50e-09    7.10e-07
2012 06 15  0342   56093  13320     3.95e-09    7.10e-07
2012 06 15  0343   56093  13380     7.33e-09    7.11e-07
2012 06 15  0344   56093  13440     5.58e-09    7.09e-07
2012 06 15  0345   56093  13500     4.22e-09    7.08e-07
2012 06 15  0346   56093  13560     2.60e-09    7.09e-07
2012 06 15  0347   56093  13620     3.68e-09    7.08e-07
2012 06 15  0348   56093  13680     2.92e-09    7.07e-07
2012 06 15  0349   56093  13740     4.91e-09    7.08e-07
2012 06 15  0350   56093  13800     6.87e-09    7.04e-07
2012 06 15  0351   56093  13860     6.80e-09    7.03e-07
2012 06 15  0352   56093  13920     5.79e-09    6.99e-07
2012 06 15  0353   56093  13980     5.29e-09    6.96e-07
2012 06 15  0354   56093  14040     5.87e-09    6.97e-07
2012 06 15  0355   56093  14100     5.52e-09    7.01e-07
2012 06 15  0356   56093  14160     4.64e-09    6.99e-07
2012 06 15  0357   56093  14220     4.52e-09    7.03e-07
2012 06 15  0358   56093  14280     6.65e-09    7.08e-07
2012 06 15  0359   56093  14340     5.29e-09    7.11e-07
2012 06 15  0400   56093  14400     4.87e-09    7.07e-07
2012 06 15  0401   56093  14460     5.76e-09    7.05e-07
2012 06 15  0402   56093  14520     5.37e-09    7.10e-07
2012 06 15  0403   56093  14580     5.33e-09    7.14e-07
2012 06 15  0404   56093  14640     5.21e-09    7.21e-07
2012 06 15  0405   56093  14700     7.03e-09    7.21e-07
2012 06 15  0406   56093  14760     6.18e-09    7.35e-07
2012 06 15  0407   56093  14820     7.98e-09    7.69e-07
2012 06 15  0408   56093  14880     1.08e-08    8.04e-07
2012 06 15  0409   56093  14940     1.01e-08    7.97e-07
2012 06 15  0410   56093  15000     8.44e-09    7.78e-07
2012 06 15  0411   56093  15060     5.80e-09    7.60e-07
2012 06 15  0412   56093  15120     4.33e-09    7.50e-07
2012 06 15  0413   56093  15180     5.83e-09    7.40e-07
2012 06 15  0414   56093  15240     5.14e-09    7.37e-07
2012 06 15  0415   56093  15300     3.23e-09    7.29e-07
2012 06 15  0416   56093  15360     1.00e-09    7.20e-07
2012 06 15  0417   56093  15420     1.00e-09    7.15e-07
2012 06 15  0418   56093  15480     1.40e-09    7.09e-07
2012 06 15  0419   56093  15540     2.75e-09    7.02e-07
2012 06 15  0420   56093  15600     4.14e-09    7.02e-07
2012 06 15  0421   56093  15660     3.87e-09    7.03e-07
2012 06 15  0422   56093  15720     3.60e-09    7.04e-07
2012 06 15  0423   56093  15780     3.04e-09    6.99e-07
2012 06 15  0424   56093  15840     3.72e-09    6.95e-07
2012 06 15  0425   56093  15900     3.94e-09    6.92e-07
2012 06 15  0426   56093  15960     3.52e-09    6.95e-07
2012 06 15  0427   56093  16020     3.49e-09    6.94e-07
2012 06 15  0428   56093  16080     3.61e-09    6.91e-07
2012 06 15  0429   56093  16140     2.48e-09    6.92e-07
2012 06 15  0430   56093  16200     3.13e-09    6.96e-07
2012 06 15  0431   56093  16260     7.17e-09    6.93e-07
2012 06 15  0432   56093  16320     6.02e-09    6.93e-07
2012 06 15  0433   56093  16380     5.68e-09    6.90e-07
2012 06 15  0434   56093  16440     6.79e-09    6.87e-07
2012 06 15  0435   56093  16500     6.91e-09    6.89e-07
2012 06 15  0436   56093  16560     4.98e-09    6.83e-07
2012 06 15  0437   56093  16620     7.60e-09    6.96e-07
2012 06 15  0438   56093  16680     9.33e-09    7.10e-07
2012 06 15  0439   56093  16740     6.87e-09    7.06e-07
2012 06 15  0440   56093  16800     5.37e-09    6.95e-07
2012 06 15  0441   56093  16860     4.87e-09    6.88e-07
2012 06 15  0442   56093  16920     6.02e-09    6.80e-07
2012 06 15  0443   56093  16980     4.22e-09    6.73e-07
2012 06 15  0444   56093  17040     4.29e-09    6.67e-07
2012 06 15  0445   56093  17100     2.86e-09    6.64e-07
2012 06 15  0446   56093  17160     1.97e-09    6.60e-07
2012 06 15  0447   56093  17220     3.10e-09    6.57e-07
2012 06 15  0448   56093  17280     3.24e-09    6.53e-07
2012 06 15  0449   56093  17340     4.52e-09    6.50e-07
2012 06 15  0450   56093  17400     3.42e-09    6.51e-07
2012 06 15  0451   56093  17460     3.64e-09    6.51e-07
2012 06 15  0452   56093  17520     6.32e-09    6.45e-07
2012 06 15  0453   56093  17580     4.79e-09    6.37e-07
2012 06 15  0454   56093  17640     2.67e-09    6.34e-07
2012 06 15  0455   56093  17700     1.77e-09    6.33e-07
2012 06 15  0456   56093  17760     3.73e-09    6.43e-07
2012 06 15  0457   56093  17820     2.62e-09    6.43e-07
2012 06 15  0458   56093  17880     3.85e-09    6.44e-07
2012 06 15  0459   56093  17940     1.97e-09    6.46e-07
2012 06 15  0500   56093  18000     3.12e-09    6.44e-07
2012 06 15  0501   56093  18060     1.66e-09    6.47e-07
2012 06 15  0502   56093  18120     1.84e-09    6.45e-07
2012 06 15  0503   56093  18180     1.28e-09    6.44e-07
2012 06 15  0504   56093  18240     1.12e-09    6.45e-07
2012 06 15  0505   56093  18300     1.79e-09    6.46e-07
2012 06 15  0506   56093  18360     1.69e-09    6.51e-07
2012 06 15  0507   56093  18420     1.14e-09    6.52e-07
2012 06 15  0508   56093  18480     1.02e-09    6.45e-07
2012 06 15  0509   56093  18540     1.00e-09    6.45e-07
2012 06 15  0510   56093  18600     2.38e-09    6.46e-07
2012 06 15  0511   56093  18660     1.92e-09    6.46e-07
2012 06 15  0512   56093  18720     2.13e-09    6.49e-07
2012 06 15  0513   56093  18780     2.33e-09    6.62e-07
2012 06 15  0514   56093  18840     4.22e-09    6.79e-07
2012 06 15  0515   56093  18900     6.39e-09    7.00e-07
2012 06 15  0516   56093  18960     6.67e-09    7.06e-07
2012 06 15  0517   56093  19020     5.83e-09    6.97e-07
2012 06 15  0518   56093  19080     4.98e-09    6.88e-07
2012 06 15  0519   56093  19140     3.39e-09    6.78e-07
2012 06 15  0520   56093  19200     3.56e-09    6.73e-07
2012 06 15  0521   56093  19260     3.95e-09    6.74e-07
2012 06 15  0522   56093  19320     5.06e-09    6.72e-07
2012 06 15  0523   56093  19380     4.79e-09    6.71e-07
2012 06 15  0524   56093  19440     4.06e-09    6.70e-07
2012 06 15  0525   56093  19500     2.69e-09    6.69e-07
2012 06 15  0526   56093  19560     4.16e-09    6.67e-07
2012 06 15  0527   56093  19620     5.18e-09    6.62e-07
2012 06 15  0528   56093  19680     7.40e-09    6.62e-07
2012 06 15  0529   56093  19740     5.58e-09    6.59e-07
2012 06 15  0530   56093  19800     3.98e-09    6.62e-07
2012 06 15  0531   56093  19860     3.68e-09    6.61e-07
2012 06 15  0532   56093  19920     3.76e-09    6.60e-07
2012 06 15  0533   56093  19980     3.75e-09    6.63e-07
2012 06 15  0534   56093  20040     4.18e-09    6.53e-07
2012 06 15  0535   56093  20100     3.76e-09    6.51e-07
2012 06 15  0536   56093  20160     4.75e-09    6.53e-07
2012 06 15  0537   56093  20220     7.40e-09    6.53e-07
2012 06 15  0538   56093  20280     7.98e-09    6.51e-07
2012 06 15  0539   56093  20340     6.32e-09    6.48e-07
2012 06 15  0540   56093  20400     2.10e-09    6.47e-07
2012 06 15  0541   56093  20460     2.70e-09    6.66e-07
2012 06 15  0542   56093  20520     3.13e-09    6.74e-07
2012 06 15  0543   56093  20580     4.56e-09    6.87e-07
2012 06 15  0544   56093  20640     3.72e-09    6.81e-07
2012 06 15  0545   56093  20700     5.45e-09    6.72e-07
2012 06 15  0546   56093  20760     5.43e-09    6.62e-07
2012 06 15  0547   56093  20820     3.49e-09    6.56e-07
2012 06 15  0548   56093  20880     3.38e-09    6.51e-07
2012 06 15  0549   56093  20940     1.66e-09    6.48e-07
2012 06 15  0550   56093  21000     1.95e-09    6.44e-07
2012 06 15  0551   56093  21060     1.85e-09    6.42e-07
2012 06 15  0552   56093  21120     2.79e-09    6.34e-07
2012 06 15  0553   56093  21180     4.64e-09    6.31e-07
2012 06 15  0554   56093  21240     5.83e-09    6.36e-07
2012 06 15  0555   56093  21300     4.56e-09    6.51e-07
2012 06 15  0556   56093  21360     4.95e-09    6.54e-07
2012 06 15  0557   56093  21420     4.56e-09    6.53e-07
2012 06 15  0558   56093  21480     3.83e-09    6.51e-07
2012 06 15  0559   56093  21540     3.01e-09    6.49e-07
2012 06 15  0600   56093  21600     3.72e-09    6.50e-07
2012 06 15  0601   56093  21660     3.52e-09    6.52e-07
2012 06 15  0602   56093  21720     3.50e-09    6.50e-07
2012 06 15  0603   56093  21780     3.68e-09    6.56e-07
2012 06 15  0604   56093  21840     3.56e-09    6.53e-07
2012 06 15  0605   56093  21900     3.72e-09    6.57e-07
2012 06 15  0606   56093  21960     3.94e-09    6.54e-07
2012 06 15  0607   56093  22020     3.29e-09    6.48e-07
2012 06 15  0608   56093  22080     5.45e-09    6.45e-07
2012 06 15  0609   56093  22140     3.29e-09    6.43e-07
2012 06 15  0610   56093  22200     2.26e-09    6.42e-07
2012 06 15  0611   56093  22260     3.18e-09    6.46e-07
2012 06 15  0612   56093  22320     2.85e-09    6.50e-07
2012 06 15  0613   56093  22380     2.02e-09    6.45e-07
2012 06 15  0614   56093  22440     3.27e-09    6.51e-07
2012 06 15  0615   56093  22500     4.29e-09    6.58e-07
2012 06 15  0616   56093  22560     4.57e-09    6.59e-07
2012 06 15  0617   56093  22620     5.94e-09    6.65e-07
2012 06 15  0618   56093  22680     8.02e-09    6.71e-07
2012 06 15  0619   56093  22740     6.77e-09    6.71e-07
2012 06 15  0620   56093  22800     5.21e-09    6.69e-07
2012 06 15  0621   56093  22860     5.18e-09    6.72e-07
2012 06 15  0622   56093  22920     4.79e-09    6.75e-07
2012 06 15  0623   56093  22980     5.91e-09    6.81e-07
2012 06 15  0624   56093  23040     6.10e-09    6.86e-07
2012 06 15  0625   56093  23100     5.52e-09    6.92e-07
2012 06 15  0626   56093  23160     4.24e-09    6.93e-07
2012 06 15  0627   56093  23220     3.39e-09    6.85e-07
2012 06 15  0628   56093  23280     3.98e-09    6.82e-07
2012 06 15  0629   56093  23340     3.57e-09    6.81e-07
2012 06 15  0630   56093  23400     4.64e-09    6.85e-07
2012 06 15  0631   56093  23460     6.14e-09    6.79e-07
2012 06 15  0632   56093  23520     5.56e-09    6.78e-07
2012 06 15  0633   56093  23580     4.02e-09    6.77e-07
2012 06 15  0634   56093  23640     3.33e-09    6.77e-07
2012 06 15  0635   56093  23700     5.37e-09    6.80e-07
2012 06 15  0636   56093  23760     5.43e-09    6.81e-07
2012 06 15  0637   56093  23820     8.10e-09    6.82e-07
2012 06 15  0638   56093  23880     7.10e-09    6.83e-07
2012 06 15  0639   56093  23940     6.54e-09    6.86e-07
2012 06 15  0640   56093  24000     7.02e-09    6.83e-07
2012 06 15  0641   56093  24060     7.56e-09    6.88e-07
2012 06 15  0642   56093  24120     8.06e-09    6.92e-07
2012 06 15  0643   56093  24180     8.73e-09    6.96e-07
2012 06 15  0644   56093  24240     9.33e-09    7.02e-07
2012 06 15  0645   56093  24300     9.36e-09    7.17e-07
2012 06 15  0646   56093  24360     7.51e-09    7.29e-07
2012 06 15  0647   56093  24420     8.83e-09    7.44e-07
2012 06 15  0648   56093  24480     8.63e-09    7.64e-07
2012 06 15  0649   56093  24540     1.22e-08    8.07e-07
2012 06 15  0650   56093  24600     1.41e-08    8.40e-07
2012 06 15  0651   56093  24660     1.46e-08    8.59e-07
2012 06 15  0652   56093  24720     1.48e-08    8.79e-07
2012 06 15  0653   56093  24780     1.79e-08    9.24e-07
2012 06 15  0654   56093  24840     2.45e-08    9.93e-07
2012 06 15  0655   56093  24900     2.84e-08    1.04e-06
2012 06 15  0656   56093  24960     3.10e-08    1.06e-06
2012 06 15  0657   56093  25020     2.44e-08    1.03e-06
2012 06 15  0658   56093  25080     2.02e-08    9.84e-07
2012 06 15  0659   56093  25140     1.77e-08    9.44e-07
2012 06 15  0700   56093  25200     1.76e-08    9.21e-07
2012 06 15  0701   56093  25260     1.55e-08    9.07e-07
2012 06 15  0702   56093  25320     1.57e-08    8.94e-07
2012 06 15  0703   56093  25380     1.50e-08    8.71e-07
2012 06 15  0704   56093  25440     1.31e-08    8.50e-07
2012 06 15  0705   56093  25500     1.25e-08    8.38e-07
2012 06 15  0706   56093  25560     1.30e-08    8.15e-07
2012 06 15  0707   56093  25620     9.63e-09    7.97e-07
2012 06 15  0708   56093  25680     1.19e-08    7.88e-07
2012 06 15  0709   56093  25740     8.44e-09    7.79e-07
2012 06 15  0710   56093  25800     8.29e-09    7.80e-07
2012 06 15  0711   56093  25860     8.02e-09    7.75e-07
2012 06 15  0712   56093  25920     8.33e-09    7.73e-07
2012 06 15  0713   56093  25980     8.29e-09    7.69e-07
2012 06 15  0714   56093  26040     8.56e-09    7.63e-07
2012 06 15  0715   56093  26100     1.06e-08    7.60e-07
2012 06 15  0716   56093  26160     8.14e-09    7.58e-07
2012 06 15  0717   56093  26220     7.52e-09    7.58e-07
2012 06 15  0718   56093  26280     7.40e-09    7.48e-07
2012 06 15  0719   56093  26340     7.71e-09    7.40e-07
2012 06 15  0720   56093  26400     5.24e-09    7.35e-07
2012 06 15  0721   56093  26460     6.52e-09    7.28e-07
2012 06 15  0722   56093  26520     8.40e-09    7.25e-07
2012 06 15  0723   56093  26580     8.66e-09    7.25e-07
2012 06 15  0724   56093  26640     1.02e-08    7.25e-07
2012 06 15  0725   56093  26700     9.98e-09    7.36e-07
2012 06 15  0726   56093  26760     6.37e-09    7.34e-07
2012 06 15  0727   56093  26820     5.84e-09    7.27e-07
2012 06 15  0728   56093  26880     5.10e-09    7.25e-07
2012 06 15  0729   56093  26940     5.79e-09    7.27e-07
2012 06 15  0730   56093  27000     6.21e-09    7.27e-07
2012 06 15  0731   56093  27060     6.37e-09    7.29e-07
2012 06 15  0732   56093  27120     6.75e-09    7.32e-07
2012 06 15  0733   56093  27180     8.47e-09    7.33e-07
2012 06 15  0734   56093  27240     8.87e-09    7.28e-07
2012 06 15  0735   56093  27300     1.00e-08    7.28e-07
2012 06 15  0736   56093  27360     1.04e-08    7.33e-07
2012 06 15  0737   56093  27420     1.32e-08    7.46e-07
2012 06 15  0738   56093  27480     1.23e-08    7.56e-07
2012 06 15  0739   56093  27540     1.13e-08    7.67e-07
2012 06 15  0740   56093  27600     9.37e-09    7.78e-07
2012 06 15  0741   56093  27660     1.09e-08    7.76e-07
2012 06 15  0742   56093  27720     9.48e-09    7.76e-07
2012 06 15  0743   56093  27780     9.07e-09    7.77e-07
2012 06 15  0744   56093  27840     9.98e-09    7.78e-07
2012 06 15  0745   56093  27900     1.04e-08    7.82e-07
2012 06 15  0746   56093  27960     9.21e-09    7.85e-07
2012 06 15  0747   56093  28020     8.73e-09    7.82e-07
2012 06 15  0748   56093  28080     8.14e-09    7.82e-07
2012 06 15  0749   56093  28140     7.94e-09    7.81e-07
2012 06 15  0750   56093  28200     1.07e-08    7.69e-07
2012 06 15  0751   56093  28260     6.64e-09    7.55e-07
2012 06 15  0752   56093  28320     6.48e-09    7.45e-07
2012 06 15  0753   56093  28380     6.10e-09    7.38e-07
2012 06 15  0754   56093  28440     5.73e-09    7.35e-07
2012 06 15  0755   56093  28500     5.64e-09    7.30e-07
2012 06 15  0756   56093  28560     6.10e-09    7.22e-07
2012 06 15  0757   56093  28620     7.29e-09    7.38e-07
2012 06 15  0758   56093  28680     1.13e-08    7.71e-07
2012 06 15  0759   56093  28740     1.10e-08    7.75e-07
2012 06 15  0800   56093  28800     1.14e-08    7.81e-07
2012 06 15  0801   56093  28860     1.05e-08    7.80e-07
2012 06 15  0802   56093  28920     9.48e-09    7.65e-07
2012 06 15  0803   56093  28980     7.14e-09    7.59e-07
2012 06 15  0804   56093  29040     6.25e-09    7.51e-07
2012 06 15  0805   56093  29100     4.83e-09    7.41e-07
2012 06 15  0806   56093  29160     2.64e-09    7.30e-07
2012 06 15  0807   56093  29220     2.25e-09    7.28e-07
2012 06 15  0808   56093  29280     2.83e-09    7.25e-07
2012 06 15  0809   56093  29340     3.27e-09    7.25e-07
2012 06 15  0810   56093  29400     2.36e-09    7.26e-07
2012 06 15  0811   56093  29460     1.88e-09    7.34e-07
2012 06 15  0812   56093  29520     3.09e-09    7.33e-07
2012 06 15  0813   56093  29580     4.91e-09    7.29e-07
2012 06 15  0814   56093  29640     6.47e-09    7.27e-07
2012 06 15  0815   56093  29700     7.37e-09    7.41e-07
2012 06 15  0816   56093  29760     8.10e-09    7.67e-07
2012 06 15  0817   56093  29820     6.36e-09    7.73e-07
2012 06 15  0818   56093  29880     7.33e-09    7.85e-07
2012 06 15  0819   56093  29940     9.02e-09    7.98e-07
2012 06 15  0820   56093  30000     6.65e-09    7.87e-07
2012 06 15  0821   56093  30060     6.98e-09    7.87e-07
2012 06 15  0822   56093  30120     7.94e-09    7.99e-07
2012 06 15  0823   56093  30180     6.10e-09    8.02e-07
2012 06 15  0824   56093  30240     6.36e-09    7.92e-07
2012 06 15  0825   56093  30300     4.98e-09    7.84e-07
2012 06 15  0826   56093  30360     6.33e-09    7.67e-07
2012 06 15  0827   56093  30420     7.25e-09    7.61e-07
2012 06 15  0828   56093  30480     6.87e-09    7.63e-07
2012 06 15  0829   56093  30540     6.56e-09    7.54e-07
2012 06 15  0830   56093  30600     7.21e-09    7.44e-07
2012 06 15  0831   56093  30660     6.51e-09    7.42e-07
2012 06 15  0832   56093  30720     5.52e-09    7.38e-07
2012 06 15  0833   56093  30780     5.68e-09    7.33e-07
2012 06 15  0834   56093  30840     5.80e-09    7.28e-07
2012 06 15  0835   56093  30900     6.44e-09    7.22e-07
2012 06 15  0836   56093  30960     4.83e-09    7.27e-07
2012 06 15  0837   56093  31020     4.02e-09    7.34e-07
2012 06 15  0838   56093  31080     3.83e-09    7.37e-07
2012 06 15  0839   56093  31140     4.10e-09    7.42e-07
2012 06 15  0840   56093  31200     6.21e-09    7.47e-07
2012 06 15  0841   56093  31260     6.47e-09    7.51e-07
2012 06 15  0842   56093  31320     6.98e-09    7.52e-07
2012 06 15  0843   56093  31380     6.06e-09    7.47e-07
2012 06 15  0844   56093  31440     4.98e-09    7.47e-07
2012 06 15  0845   56093  31500     6.60e-09    7.46e-07
2012 06 15  0846   56093  31560     7.33e-09    7.43e-07
2012 06 15  0847   56093  31620     8.88e-09    7.45e-07
2012 06 15  0848   56093  31680     9.02e-09    7.50e-07
2012 06 15  0849   56093  31740     9.63e-09    7.55e-07
2012 06 15  0850   56093  31800     1.09e-08    7.59e-07
2012 06 15  0851   56093  31860     1.01e-08    7.56e-07
2012 06 15  0852   56093  31920     9.02e-09    7.70e-07
2012 06 15  0853   56093  31980     8.56e-09    7.77e-07
2012 06 15  0854   56093  32040     8.07e-09    7.77e-07
2012 06 15  0855   56093  32100     9.67e-09    7.91e-07
2012 06 15  0856   56093  32160     8.48e-09    7.80e-07
2012 06 15  0857   56093  32220     1.04e-08    7.80e-07
2012 06 15  0858   56093  32280     7.90e-09    7.82e-07
2012 06 15  0859   56093  32340     7.02e-09    7.74e-07
2012 06 15  0900   56093  32400     7.10e-09    7.66e-07
2012 06 15  0901   56093  32460     5.91e-09    7.61e-07
2012 06 15  0902   56093  32520     6.41e-09    7.60e-07
2012 06 15  0903   56093  32580     6.37e-09    7.59e-07
2012 06 15  0904   56093  32640     5.84e-09    7.61e-07
2012 06 15  0905   56093  32700     5.71e-09    7.65e-07
2012 06 15  0906   56093  32760     7.71e-09    7.67e-07
2012 06 15  0907   56093  32820     8.02e-09    7.69e-07
2012 06 15  0908   56093  32880     6.99e-09    7.65e-07
2012 06 15  0909   56093  32940     8.33e-09    7.65e-07
2012 06 15  0910   56093  33000     1.14e-08    7.66e-07
2012 06 15  0911   56093  33060     1.01e-08    7.74e-07
2012 06 15  0912   56093  33120     9.75e-09    7.75e-07
2012 06 15  0913   56093  33180     1.12e-08    7.77e-07
2012 06 15  0914   56093  33240     8.62e-09    7.92e-07
2012 06 15  0915   56093  33300     8.56e-09    8.00e-07
2012 06 15  0916   56093  33360     8.17e-09    8.04e-07
2012 06 15  0917   56093  33420     7.98e-09    8.06e-07
2012 06 15  0918   56093  33480     9.48e-09    8.06e-07
2012 06 15  0919   56093  33540     8.10e-09    8.19e-07
2012 06 15  0920   56093  33600     7.44e-09    8.26e-07
2012 06 15  0921   56093  33660     8.40e-09    8.28e-07
2012 06 15  0922   56093  33720     8.37e-09    8.31e-07
2012 06 15  0923   56093  33780     8.44e-09    8.29e-07
2012 06 15  0924   56093  33840     8.62e-09    8.31e-07
2012 06 15  0925   56093  33900     6.75e-09    8.32e-07
2012 06 15  0926   56093  33960     7.64e-09    8.37e-07
2012 06 15  0927   56093  34020     8.83e-09    8.61e-07
2012 06 15  0928   56093  34080     9.63e-09    8.76e-07
2012 06 15  0929   56093  34140     1.16e-08    8.96e-07
2012 06 15  0930   56093  34200     1.28e-08    9.15e-07
2012 06 15  0931   56093  34260     1.40e-08    9.26e-07
2012 06 15  0932   56093  34320     1.43e-08    9.27e-07
2012 06 15  0933   56093  34380     1.49e-08    9.23e-07
2012 06 15  0934   56093  34440     1.30e-08    9.23e-07
2012 06 15  0935   56093  34500     1.29e-08    9.37e-07
2012 06 15  0936   56093  34560     1.16e-08    9.21e-07
2012 06 15  0937   56093  34620     1.17e-08    9.07e-07
2012 06 15  0938   56093  34680     1.12e-08    9.00e-07
2012 06 15  0939   56093  34740     1.35e-08    9.02e-07
2012 06 15  0940   56093  34800     1.30e-08    9.10e-07
2012 06 15  0941   56093  34860     1.13e-08    9.21e-07
2012 06 15  0942   56093  34920     1.44e-08    9.36e-07
2012 06 15  0943   56093  34980     2.22e-08    1.00e-06
2012 06 15  0944   56093  35040     2.83e-08    1.08e-06
2012 06 15  0945   56093  35100     2.83e-08    1.09e-06
2012 06 15  0946   56093  35160     2.59e-08    1.08e-06
2012 06 15  0947   56093  35220     1.93e-08    1.02e-06
2012 06 15  0948   56093  35280     1.85e-08    9.92e-07
2012 06 15  0949   56093  35340     1.53e-08    9.66e-07
2012 06 15  0950   56093  35400     1.34e-08    9.51e-07
2012 06 15  0951   56093  35460     1.17e-08    9.29e-07
2012 06 15  0952   56093  35520     1.12e-08    9.18e-07
2012 06 15  0953   56093  35580     1.12e-08    9.11e-07
2012 06 15  0954   56093  35640     1.39e-08    9.12e-07
2012 06 15  0955   56093  35700     1.11e-08    9.04e-07
2012 06 15  0956   56093  35760     9.48e-09    8.93e-07
2012 06 15  0957   56093  35820     9.67e-09    8.86e-07
2012 06 15  0958   56093  35880     9.59e-09    8.81e-07
2012 06 15  0959   56093  35940     8.87e-09    8.75e-07
2012 06 15  1000   56093  36000     9.71e-09    8.76e-07
2012 06 15  1001   56093  36060     9.48e-09    8.74e-07
2012 06 15  1002   56093  36120     1.08e-08    8.74e-07
2012 06 15  1003   56093  36180     1.01e-08    8.76e-07
2012 06 15  1004   56093  36240     1.06e-08    8.85e-07
2012 06 15  1005   56093  36300     1.49e-08    8.89e-07
2012 06 15  1006   56093  36360     1.72e-08    9.22e-07
2012 06 15  1007   56093  36420     2.30e-08    9.85e-07
2012 06 15  1008   56093  36480     3.56e-08    1.09e-06
2012 06 15  1009   56093  36540     4.87e-08    1.19e-06
2012 06 15  1010   56093  36600     5.28e-08    1.25e-06
2012 06 15  1011   56093  36660     5.22e-08    1.29e-06
2012 06 15  1012   56093  36720     5.10e-08    1.33e-06
2012 06 15  1013   56093  36780     4.68e-08    1.34e-06
2012 06 15  1014   56093  36840     4.20e-08    1.31e-06
2012 06 15  1015   56093  36900     3.60e-08    1.28e-06
2012 06 15  1016   56093  36960     3.26e-08    1.25e-06
2012 06 15  1017   56093  37020     3.04e-08    1.22e-06
2012 06 15  1018   56093  37080     2.91e-08    1.21e-06
2012 06 15  1019   56093  37140     2.85e-08    1.19e-06
2012 06 15  1020   56093  37200     2.78e-08    1.17e-06
2012 06 15  1021   56093  37260     2.44e-08    1.15e-06
2012 06 15  1022   56093  37320     2.20e-08    1.12e-06
2012 06 15  1023   56093  37380     2.27e-08    1.11e-06
2012 06 15  1024   56093  37440     2.35e-08    1.10e-06
2012 06 15  1025   56093  37500     2.43e-08    1.09e-06
2012 06 15  1026   56093  37560     2.15e-08    1.09e-06
2012 06 15  1027   56093  37620     2.04e-08    1.07e-06
2012 06 15  1028   56093  37680     1.94e-08    1.06e-06
2012 06 15  1029   56093  37740     1.89e-08    1.05e-06
2012 06 15  1030   56093  37800     1.82e-08    1.05e-06
2012 06 15  1031   56093  37860     1.78e-08    1.06e-06
2012 06 15  1032   56093  37920     2.17e-08    1.07e-06
2012 06 15  1033   56093  37980     2.42e-08    1.08e-06
2012 06 15  1034   56093  38040     2.47e-08    1.09e-06
2012 06 15  1035   56093  38100     2.47e-08    1.12e-06
2012 06 15  1036   56093  38160     2.90e-08    1.16e-06
2012 06 15  1037   56093  38220     3.19e-08    1.21e-06
2012 06 15  1038   56093  38280     3.30e-08    1.26e-06
2012 06 15  1039   56093  38340     4.11e-08    1.34e-06
2012 06 15  1040   56093  38400     5.54e-08    1.46e-06
2012 06 15  1041   56093  38460     6.71e-08    1.59e-06
2012 06 15  1042   56093  38520     7.94e-08    1.73e-06
2012 06 15  1043   56093  38580     1.00e-07    1.89e-06
2012 06 15  1044   56093  38640     1.14e-07    2.01e-06
2012 06 15  1045   56093  38700     1.20e-07    2.08e-06
2012 06 15  1046   56093  38760     1.28e-07    2.15e-06
2012 06 15  1047   56093  38820     1.28e-07    2.19e-06
2012 06 15  1048   56093  38880     1.19e-07    2.16e-06
2012 06 15  1049   56093  38940     1.11e-07    2.11e-06
2012 06 15  1050   56093  39000     1.01e-07    2.05e-06
2012 06 15  1051   56093  39060     8.99e-08    1.99e-06
2012 06 15  1052   56093  39120     8.38e-08    1.93e-06
2012 06 15  1053   56093  39180     8.22e-08    1.88e-06
2012 06 15  1054   56093  39240     7.48e-08    1.83e-06
2012 06 15  1055   56093  39300     6.94e-08    1.79e-06
2012 06 15  1056   56093  39360     6.60e-08    1.75e-06
2012 06 15  1057   56093  39420     6.21e-08    1.70e-06
2012 06 15  1058   56093  39480     5.69e-08    1.64e-06
2012 06 15  1059   56093  39540     5.26e-08    1.59e-06
2012 06 15  1100   56093  39600     5.12e-08    1.54e-06
2012 06 15  1101   56093  39660     4.55e-08    1.50e-06
2012 06 15  1102   56093  39720     4.19e-08    1.47e-06
2012 06 15  1103   56093  39780     4.07e-08    1.43e-06
2012 06 15  1104   56093  39840     3.99e-08    1.40e-06
2012 06 15  1105   56093  39900     4.11e-08    1.38e-06
2012 06 15  1106   56093  39960     3.57e-08    1.35e-06
2012 06 15  1107   56093  40020     3.44e-08    1.32e-06
2012 06 15  1108   56093  40080     2.86e-08    1.29e-06
2012 06 15  1109   56093  40140     2.80e-08    1.27e-06
2012 06 15  1110   56093  40200     2.87e-08    1.24e-06
2012 06 15  1111   56093  40260     2.90e-08    1.22e-06
2012 06 15  1112   56093  40320     2.85e-08    1.20e-06
2012 06 15  1113   56093  40380     2.73e-08    1.19e-06
2012 06 15  1114   56093  40440     2.62e-08    1.18e-06
2012 06 15  1115   56093  40500     2.39e-08    1.16e-06
2012 06 15  1116   56093  40560     2.27e-08    1.14e-06
2012 06 15  1117   56093  40620     2.04e-08    1.12e-06
2012 06 15  1118   56093  40680     1.87e-08    1.11e-06
2012 06 15  1119   56093  40740     1.84e-08    1.09e-06
2012 06 15  1120   56093  40800     1.78e-08    1.07e-06
2012 06 15  1121   56093  40860     1.87e-08    1.06e-06
2012 06 15  1122   56093  40920     1.96e-08    1.04e-06
2012 06 15  1123   56093  40980     1.80e-08    1.04e-06
2012 06 15  1124   56093  41040     1.72e-08    1.03e-06
2012 06 15  1125   56093  41100     1.45e-08    1.03e-06
2012 06 15  1126   56093  41160     1.42e-08    1.02e-06
2012 06 15  1127   56093  41220     1.40e-08    1.00e-06
2012 06 15  1128   56093  41280     1.28e-08    9.93e-07
2012 06 15  1129   56093  41340     1.36e-08    9.81e-07
2012 06 15  1130   56093  41400     1.23e-08    9.69e-07
2012 06 15  1131   56093  41460     1.17e-08    9.59e-07
2012 06 15  1132   56093  41520     1.13e-08    9.45e-07
2012 06 15  1133   56093  41580     1.12e-08    9.28e-07
2012 06 15  1134   56093  41640     1.09e-08    9.17e-07
2012 06 15  1135   56093  41700     9.90e-09    9.06e-07
2012 06 15  1136   56093  41760     1.22e-08    9.02e-07
2012 06 15  1137   56093  41820     1.17e-08    9.07e-07
2012 06 15  1138   56093  41880     1.24e-08    9.07e-07
2012 06 15  1139   56093  41940     1.19e-08    9.13e-07
2012 06 15  1140   56093  42000     1.74e-08    9.45e-07
2012 06 15  1141   56093  42060     2.32e-08    9.79e-07
2012 06 15  1142   56093  42120     2.56e-08    1.00e-06
2012 06 15  1143   56093  42180     2.83e-08    1.02e-06
2012 06 15  1144   56093  42240     3.35e-08    1.05e-06
2012 06 15  1145   56093  42300     3.63e-08    1.06e-06
2012 06 15  1146   56093  42360     3.30e-08    1.05e-06
2012 06 15  1147   56093  42420     3.07e-08    1.05e-06
2012 06 15  1148   56093  42480     2.67e-08    1.03e-06
2012 06 15  1149   56093  42540     2.34e-08    1.02e-06
2012 06 15  1150   56093  42600     2.21e-08    1.00e-06
2012 06 15  1151   56093  42660     2.04e-08    9.97e-07
2012 06 15  1152   56093  42720     1.92e-08    1.00e-06
2012 06 15  1153   56093  42780     2.16e-08    1.03e-06
2012 06 15  1154   56093  42840     2.08e-08    1.01e-06
2012 06 15  1155   56093  42900     1.64e-08    9.72e-07
2012 06 15  1156   56093  42960     1.55e-08    9.75e-07
2012 06 15  1157   56093  43020     2.25e-08    1.03e-06
2012 06 15  1158   56093  43080     2.21e-08    1.05e-06
2012 06 15  1159   56093  43140     2.07e-08    1.05e-06
2012 06 15  1200   56093  43200     2.09e-08    1.06e-06
2012 06 15  1201   56093  43260     1.84e-08    1.03e-06
2012 06 15  1202   56093  43320     1.72e-08    9.82e-07
2012 06 15  1203   56093  43380     1.41e-08    9.47e-07
2012 06 15  1204   56093  43440     1.30e-08    9.28e-07
2012 06 15  1205   56093  43500     1.07e-08    8.91e-07
2012 06 15  1206   56093  43560     1.27e-08    8.65e-07
2012 06 15  1207   56093  43620     1.19e-08    8.40e-07
2012 06 15  1208   56093  43680     8.17e-09    8.28e-07
2012 06 15  1209   56093  43740     8.81e-09    8.20e-07
2012 06 15  1210   56093  43800     8.33e-09    8.20e-07
2012 06 15  1211   56093  43860     7.21e-09    8.18e-07
2012 06 15  1212   56093  43920     6.21e-09    8.09e-07
2012 06 15  1213   56093  43980     4.80e-09    7.92e-07
2012 06 15  1214   56093  44040     3.91e-09    7.78e-07
2012 06 15  1215   56093  44100     5.02e-09    7.75e-07
2012 06 15  1216   56093  44160     5.50e-09    7.71e-07
2012 06 15  1217   56093  44220     4.45e-09    7.63e-07
2012 06 15  1218   56093  44280     3.41e-09    7.54e-07
2012 06 15  1219   56093  44340     3.21e-09    7.46e-07
2012 06 15  1220   56093  44400     1.81e-09    7.37e-07
2012 06 15  1221   56093  44460     1.23e-09    7.27e-07
2012 06 15  1222   56093  44520     2.68e-09    7.18e-07
2012 06 15  1223   56093  44580     1.55e-09    7.12e-07
2012 06 15  1224   56093  44640     2.20e-09    7.01e-07
2012 06 15  1225   56093  44700     3.33e-09    6.92e-07
2012 06 15  1226   56093  44760     2.18e-09    6.94e-07
2012 06 15  1227   56093  44820     1.31e-09    6.93e-07
2012 06 15  1228   56093  44880     2.67e-09    6.96e-07
2012 06 15  1229   56093  44940     5.84e-09    7.08e-07
2012 06 15  1230   56093  45000     8.17e-09    7.14e-07
2012 06 15  1231   56093  45060     9.63e-09    7.36e-07
2012 06 15  1232   56093  45120     1.07e-08    7.55e-07
2012 06 15  1233   56093  45180     1.05e-08    7.35e-07
2012 06 15  1234   56093  45240     7.31e-09    7.17e-07
2012 06 15  1235   56093  45300     6.79e-09    7.11e-07
2012 06 15  1236   56093  45360     5.06e-09    7.10e-07
2012 06 15  1237   56093  45420     4.06e-09    7.03e-07
2012 06 15  1238   56093  45480     3.95e-09    7.03e-07
2012 06 15  1239   56093  45540     6.54e-09    7.05e-07
2012 06 15  1240   56093  45600     1.06e-08    7.48e-07
2012 06 15  1241   56093  45660     1.52e-08    7.92e-07
2012 06 15  1242   56093  45720     1.59e-08    8.05e-07
2012 06 15  1243   56093  45780     1.55e-08    8.15e-07
2012 06 15  1244   56093  45840     1.56e-08    8.20e-07
2012 06 15  1245   56093  45900     1.46e-08    8.26e-07
2012 06 15  1246   56093  45960     1.57e-08    8.32e-07
2012 06 15  1247   56093  46020     1.78e-08    8.67e-07
2012 06 15  1248   56093  46080     1.91e-08    8.60e-07
2012 06 15  1249   56093  46140     1.39e-08    8.34e-07
2012 06 15  1250   56093  46200     1.20e-08    8.12e-07
2012 06 15  1251   56093  46260     9.48e-09    7.92e-07
2012 06 15  1252   56093  46320     7.94e-09    7.74e-07
2012 06 15  1253   56093  46380     6.51e-09    7.62e-07
2012 06 15  1254   56093  46440     4.75e-09    7.47e-07
2012 06 15  1255   56093  46500     4.02e-09    7.33e-07
2012 06 15  1256   56093  46560     8.03e-09    7.22e-07
2012 06 15  1257   56093  46620     8.21e-09    7.11e-07
2012 06 15  1258   56093  46680     6.25e-09    7.10e-07
2012 06 15  1259   56093  46740     8.56e-09    7.12e-07
2012 06 15  1300   56093  46800     7.77e-09    7.08e-07
2012 06 15  1301   56093  46860     6.25e-09    7.02e-07
2012 06 15  1302   56093  46920     3.56e-09    6.97e-07
2012 06 15  1303   56093  46980     5.95e-09    6.97e-07
2012 06 15  1304   56093  47040     5.14e-09    6.95e-07
2012 06 15  1305   56093  47100     5.29e-09    6.88e-07
2012 06 15  1306   56093  47160     4.24e-09    6.83e-07
2012 06 15  1307   56093  47220     4.25e-09    6.80e-07
2012 06 15  1308   56093  47280     1.07e-08    7.15e-07
2012 06 15  1309   56093  47340     3.97e-08    8.78e-07
2012 06 15  1310   56093  47400     8.32e-08    1.08e-06
2012 06 15  1311   56093  47460     1.43e-07    1.33e-06
2012 06 15  1312   56093  47520     1.97e-07    1.59e-06
2012 06 15  1313   56093  47580     2.43e-07    1.81e-06
2012 06 15  1314   56093  47640     2.71e-07    2.00e-06
2012 06 15  1315   56093  47700     3.05e-07    2.19e-06
2012 06 15  1316   56093  47760     3.32e-07    2.37e-06
2012 06 15  1317   56093  47820     3.51e-07    2.53e-06
2012 06 15  1318   56093  47880     3.47e-07    2.64e-06
2012 06 15  1319   56093  47940     3.76e-07    2.81e-06
2012 06 15  1320   56093  48000     4.57e-07    3.14e-06
2012 06 15  1321   56093  48060     4.88e-07    3.39e-06
2012 06 15  1322   56093  48120     4.57e-07    3.45e-06
2012 06 15  1323   56093  48180     4.19e-07    3.45e-06
2012 06 15  1324   56093  48240     3.97e-07    3.47e-06
2012 06 15  1325   56093  48300     3.77e-07    3.45e-06
2012 06 15  1326   56093  48360     3.26e-07    3.27e-06
2012 06 15  1327   56093  48420     2.76e-07    3.04e-06
2012 06 15  1328   56093  48480     2.38e-07    2.83e-06
2012 06 15  1329   56093  48540     2.04e-07    2.63e-06
2012 06 15  1330   56093  48600     1.76e-07    2.45e-06
2012 06 15  1331   56093  48660     1.54e-07    2.28e-06
2012 06 15  1332   56093  48720     1.32e-07    2.13e-06
2012 06 15  1333   56093  48780     1.17e-07    1.99e-06
2012 06 15  1334   56093  48840     1.03e-07    1.88e-06
2012 06 15  1335   56093  48900     9.00e-08    1.77e-06
2012 06 15  1336   56093  48960     8.05e-08    1.69e-06
2012 06 15  1337   56093  49020     7.07e-08    1.63e-06
2012 06 15  1338   56093  49080     6.35e-08    1.58e-06
2012 06 15  1339   56093  49140     5.91e-08    1.54e-06
2012 06 15  1340   56093  49200     5.31e-08    1.51e-06
2012 06 15  1341   56093  49260     5.20e-08    1.52e-06
2012 06 15  1342   56093  49320     5.97e-08    1.55e-06
2012 06 15  1343   56093  49380     6.41e-08    1.60e-06
2012 06 15  1344   56093  49440     6.63e-08    1.63e-06
2012 06 15  1345   56093  49500     6.79e-08    1.64e-06
2012 06 15  1346   56093  49560     6.46e-08    1.63e-06
2012 06 15  1347   56093  49620     5.99e-08    1.61e-06
2012 06 15  1348   56093  49680     5.64e-08    1.57e-06
2012 06 15  1349   56093  49740     4.96e-08    1.53e-06
2012 06 15  1350   56093  49800     4.35e-08    1.50e-06
2012 06 15  1351   56093  49860     3.89e-08    1.43e-06
2012 06 15  1352   56093  49920     3.58e-08    1.37e-06
2012 06 15  1353   56093  49980     3.22e-08    1.31e-06
2012 06 15  1354   56093  50040     2.89e-08    1.26e-06
2012 06 15  1355   56093  50100     2.50e-08    1.20e-06
2012 06 15  1356   56093  50160     2.10e-08    1.16e-06
2012 06 15  1357   56093  50220     2.12e-08    1.12e-06
2012 06 15  1358   56093  50280     1.90e-08    1.08e-06
2012 06 15  1359   56093  50340     1.51e-08    1.04e-06
2012 06 15  1400   56093  50400     1.22e-08    1.01e-06
2012 06 15  1401   56093  50460     1.22e-08    9.71e-07
2012 06 15  1402   56093  50520     1.11e-08    9.40e-07
2012 06 15  1403   56093  50580     9.63e-09    9.07e-07
2012 06 15  1404   56093  50640     9.66e-09    8.83e-07
2012 06 15  1405   56093  50700     9.86e-09    8.67e-07
2012 06 15  1406   56093  50760     1.09e-08    8.56e-07
2012 06 15  1407   56093  50820     7.43e-09    8.25e-07
2012 06 15  1408   56093  50880     7.52e-09    7.93e-07
2012 06 15  1409   56093  50940     7.02e-09    7.66e-07
2012 06 15  1410   56093  51000     6.25e-09    7.50e-07
2012 06 15  1411   56093  51060     5.41e-09    7.29e-07
2012 06 15  1412   56093  51120     5.21e-09    7.08e-07
2012 06 15  1413   56093  51180     4.14e-09    6.96e-07
2012 06 15  1414   56093  51240     3.42e-09    6.81e-07
2012 06 15  1415   56093  51300     2.79e-09    6.71e-07
2012 06 15  1416   56093  51360     1.91e-09    6.56e-07
2012 06 15  1417   56093  51420     1.24e-09    6.44e-07
2012 06 15  1418   56093  51480     1.46e-09    6.33e-07
2012 06 15  1419   56093  51540     1.16e-09    6.23e-07
2012 06 15  1420   56093  51600     1.35e-09    6.15e-07
2012 06 15  1421   56093  51660     2.64e-09    6.06e-07
2012 06 15  1422   56093  51720     2.91e-09    6.06e-07
2012 06 15  1423   56093  51780     2.66e-09    5.96e-07
2012 06 15  1424   56093  51840     1.79e-09    5.90e-07
2012 06 15  1425   56093  51900     1.10e-09    5.86e-07
2012 06 15  1426   56093  51960     1.26e-09    5.86e-07
2012 06 15  1427   56093  52020     2.29e-09    5.83e-07
2012 06 15  1428   56093  52080     2.90e-09    5.78e-07
2012 06 15  1429   56093  52140     2.69e-09    5.71e-07
2012 06 15  1430   56093  52200     2.10e-09    5.70e-07
2012 06 15  1431   56093  52260     1.83e-09    5.70e-07
2012 06 15  1432   56093  52320     1.94e-09    5.68e-07
2012 06 15  1433   56093  52380     7.27e-09    6.33e-07
2012 06 15  1434   56093  52440     8.55e-09    6.43e-07
2012 06 15  1435   56093  52500     6.29e-09    6.02e-07
2012 06 15  1436   56093  52560     6.21e-09    5.96e-07
2012 06 15  1437   56093  52620     4.54e-09    5.94e-07
2012 06 15  1438   56093  52680     2.04e-09    5.87e-07
2012 06 15  1439   56093  52740     2.16e-09    5.76e-07
2012 06 15  1440   56093  52800     3.33e-09    5.73e-07
2012 06 15  1441   56093  52860     2.98e-09    5.69e-07
2012 06 15  1442   56093  52920     2.47e-09    5.64e-07
2012 06 15  1443   56093  52980     1.45e-09    5.62e-07
2012 06 15  1444   56093  53040     1.74e-09    5.61e-07
2012 06 15  1445   56093  53100     1.39e-09    5.57e-07
2012 06 15  1446   56093  53160     1.73e-09    5.50e-07
2012 06 15  1447   56093  53220     1.06e-09    5.50e-07
2012 06 15  1448   56093  53280     1.00e-09    5.48e-07
2012 06 15  1449   56093  53340     1.00e-09    5.51e-07
2012 06 15  1450   56093  53400     1.92e-09    5.63e-07
2012 06 15  1451   56093  53460     3.72e-09    5.76e-07
2012 06 15  1452   56093  53520     3.06e-09    5.77e-07
2012 06 15  1453   56093  53580     3.14e-09    5.77e-07
2012 06 15  1454   56093  53640     3.04e-09    5.79e-07
2012 06 15  1455   56093  53700     1.04e-09    5.81e-07
2012 06 15  1456   56093  53760     1.00e-09    5.86e-07
2012 06 15  1457   56093  53820     1.10e-09    5.90e-07
2012 06 15  1458   56093  53880     1.00e-09    5.93e-07
2012 06 15  1459   56093  53940     1.06e-09    5.99e-07
2012 06 15  1500   56093  54000     1.12e-09    5.99e-07
2012 06 15  1501   56093  54060     1.29e-09    5.90e-07
2012 06 15  1502   56093  54120     1.00e-09    5.83e-07
2012 06 15  1503   56093  54180     1.02e-09    5.81e-07
2012 06 15  1504   56093  54240     1.41e-09    5.75e-07
2012 06 15  1505   56093  54300     1.48e-09    5.70e-07
2012 06 15  1506   56093  54360     1.37e-09    5.64e-07
2012 06 15  1507   56093  54420     1.12e-09    5.62e-07
2012 06 15  1508   56093  54480     1.14e-09    5.63e-07
2012 06 15  1509   56093  54540     1.37e-09    5.62e-07
2012 06 15  1510   56093  54600     1.62e-09    5.61e-07
2012 06 15  1511   56093  54660     1.00e-09    5.59e-07
2012 06 15  1512   56093  54720     1.00e-09    5.55e-07
2012 06 15  1513   56093  54780     1.22e-09    5.50e-07
2012 06 15  1514   56093  54840     1.15e-09    5.47e-07
2012 06 15  1515   56093  54900     1.00e-09    5.48e-07
2012 06 15  1516   56093  54960     1.00e-09    5.47e-07
2012 06 15  1517   56093  55020     1.02e-09    5.42e-07
2012 06 15  1518   56093  55080     1.17e-09    5.42e-07
2012 06 15  1519   56093  55140     3.24e-09    5.40e-07
2012 06 15  1520   56093  55200     5.56e-09    5.45e-07
2012 06 15  1521   56093  55260     4.95e-09    5.57e-07
2012 06 15  1522   56093  55320     5.10e-09    5.65e-07
2012 06 15  1523   56093  55380     4.75e-09    5.73e-07
2012 06 15  1524   56093  55440     5.17e-09    5.83e-07
2012 06 15  1525   56093  55500     6.60e-09    5.88e-07
2012 06 15  1526   56093  55560     4.95e-09    5.93e-07
2012 06 15  1527   56093  55620     5.94e-09    5.98e-07
2012 06 15  1528   56093  55680     7.58e-09    5.98e-07
2012 06 15  1529   56093  55740     5.02e-09    5.98e-07
2012 06 15  1530   56093  55800     6.67e-09    6.02e-07
2012 06 15  1531   56093  55860     6.10e-09    6.00e-07
2012 06 15  1532   56093  55920     7.44e-09    6.09e-07
2012 06 15  1533   56093  55980     5.45e-09    6.17e-07
2012 06 15  1534   56093  56040     5.80e-09    6.35e-07
2012 06 15  1535   56093  56100     6.64e-09    6.38e-07
2012 06 15  1536   56093  56160     8.79e-09    6.47e-07
2012 06 15  1537   56093  56220     9.63e-09    6.58e-07
2012 06 15  1538   56093  56280     1.33e-08    6.85e-07
2012 06 15  1539   56093  56340     1.77e-08    7.18e-07
2012 06 15  1540   56093  56400     2.16e-08    7.85e-07
2012 06 15  1541   56093  56460     3.27e-08    9.03e-07
2012 06 15  1542   56093  56520     4.72e-08    1.03e-06
2012 06 15  1543   56093  56580     5.11e-08    1.09e-06
2012 06 15  1544   56093  56640     4.57e-08    1.09e-06
2012 06 15  1545   56093  56700     4.14e-08    1.08e-06
2012 06 15  1546   56093  56760     3.66e-08    1.07e-06
2012 06 15  1547   56093  56820     3.21e-08    1.06e-06
2012 06 15  1548   56093  56880     2.96e-08    1.05e-06
2012 06 15  1549   56093  56940     2.84e-08    1.04e-06
2012 06 15  1550   56093  57000     4.52e-08    1.19e-06
2012 06 15  1551   56093  57060     3.95e-08    1.14e-06
2012 06 15  1552   56093  57120     2.61e-08    1.04e-06
2012 06 15  1553   56093  57180     2.30e-08    9.66e-07
2012 06 15  1554   56093  57240     2.17e-08    9.25e-07
2012 06 15  1555   56093  57300     2.26e-08    9.10e-07
2012 06 15  1556   56093  57360     2.13e-08    8.88e-07
2012 06 15  1557   56093  57420     1.68e-08    8.68e-07
2012 06 15  1558   56093  57480     1.72e-08    8.45e-07
2012 06 15  1559   56093  57540     1.44e-08    8.22e-07
2012 06 15  1600   56093  57600     1.19e-08    8.08e-07
2012 06 15  1601   56093  57660     1.09e-08    7.85e-07
2012 06 15  1602   56093  57720     1.19e-08    7.73e-07
2012 06 15  1603   56093  57780     1.24e-08    7.68e-07
2012 06 15  1604   56093  57840     1.17e-08    7.67e-07
2012 06 15  1605   56093  57900     1.05e-08    7.61e-07
2012 06 15  1606   56093  57960     1.19e-08    7.56e-07
2012 06 15  1607   56093  58020     1.24e-08    7.47e-07
2012 06 15  1608   56093  58080     1.02e-08    7.34e-07
2012 06 15  1609   56093  58140     9.48e-09    7.28e-07
2012 06 15  1610   56093  58200     1.21e-08    7.31e-07
2012 06 15  1611   56093  58260     1.05e-08    7.37e-07
2012 06 15  1612   56093  58320     9.79e-09    7.22e-07
2012 06 15  1613   56093  58380     8.33e-09    7.08e-07
2012 06 15  1614   56093  58440     6.71e-09    6.96e-07
2012 06 15  1615   56093  58500     6.65e-09    6.91e-07
2012 06 15  1616   56093  58560     5.18e-09    6.87e-07
2012 06 15  1617   56093  58620     6.79e-09    6.90e-07
2012 06 15  1618   56093  58680     8.40e-09    6.85e-07
2012 06 15  1619   56093  58740     8.25e-09    6.82e-07
2012 06 15  1620   56093  58800     7.94e-09    6.82e-07
2012 06 15  1621   56093  58860     5.24e-09    6.90e-07
2012 06 15  1622   56093  58920     6.60e-09    7.12e-07
2012 06 15  1623   56093  58980     5.83e-09    7.36e-07
2012 06 15  1624   56093  59040     7.37e-09    7.51e-07
2012 06 15  1625   56093  59100     7.62e-09    7.49e-07
2012 06 15  1626   56093  59160     5.60e-09    7.36e-07
2012 06 15  1627   56093  59220     5.68e-09    7.23e-07
2012 06 15  1628   56093  59280     6.69e-09    7.14e-07
2012 06 15  1629   56093  59340     9.29e-09    7.23e-07
2012 06 15  1630   56093  59400     1.08e-08    7.33e-07
2012 06 15  1631   56093  59460     1.03e-08    7.47e-07
2012 06 15  1632   56093  59520     1.96e-08    8.15e-07
2012 06 15  1633   56093  59580     2.22e-08    8.66e-07
2012 06 15  1634   56093  59640     2.20e-08    8.87e-07
2012 06 15  1635   56093  59700     2.09e-08    8.86e-07
2012 06 15  1636   56093  59760     1.99e-08    8.79e-07
2012 06 15  1637   56093  59820     1.81e-08    8.74e-07
2012 06 15  1638   56093  59880     1.76e-08    8.62e-07
2012 06 15  1639   56093  59940     1.47e-08    8.50e-07
2012 06 15  1640   56093  60000     1.36e-08    8.43e-07
2012 06 15  1641   56093  60060     1.29e-08    8.36e-07
2012 06 15  1642   56093  60120     1.35e-08    8.38e-07
2012 06 15  1643   56093  60180     1.25e-08    8.37e-07
2012 06 15  1644   56093  60240     1.08e-08    8.35e-07
2012 06 15  1645   56093  60300     1.09e-08    8.32e-07
2012 06 15  1646   56093  60360     1.19e-08    8.41e-07
2012 06 15  1647   56093  60420     1.36e-08    8.41e-07
2012 06 15  1648   56093  60480     1.55e-08    8.44e-07
2012 06 15  1649   56093  60540     1.57e-08    8.60e-07
2012 06 15  1650   56093  60600     1.66e-08    8.81e-07
2012 06 15  1651   56093  60660     1.90e-08    8.88e-07
2012 06 15  1652   56093  60720     2.00e-08    8.84e-07
2012 06 15  1653   56093  60780     2.00e-08    8.79e-07
2012 06 15  1654   56093  60840     1.80e-08    8.71e-07
2012 06 15  1655   56093  60900     2.03e-08    8.62e-07
2012 06 15  1656   56093  60960     1.71e-08    8.46e-07
2012 06 15  1657   56093  61020     1.39e-08    8.28e-07
2012 06 15  1658   56093  61080     1.32e-08    8.10e-07
2012 06 15  1659   56093  61140     1.10e-08    7.92e-07
2012 06 15  1700   56093  61200     9.63e-09    7.74e-07
2012 06 15  1701   56093  61260     8.40e-09    7.61e-07
2012 06 15  1702   56093  61320     8.36e-09    7.48e-07
2012 06 15  1703   56093  61380     8.29e-09    7.43e-07
2012 06 15  1704   56093  61440     7.87e-09    7.37e-07
2012 06 15  1705   56093  61500     8.92e-09    7.45e-07
2012 06 15  1706   56093  61560     9.86e-09    7.56e-07
2012 06 15  1707   56093  61620     8.83e-09    7.41e-07
2012 06 15  1708   56093  61680     6.41e-09    7.24e-07
2012 06 15  1709   56093  61740     5.84e-09    7.14e-07
2012 06 15  1710   56093  61800     6.41e-09    6.97e-07
2012 06 15  1711   56093  61860     4.60e-09    6.82e-07
2012 06 15  1712   56093  61920     3.65e-09    6.74e-07
2012 06 15  1713   56093  61980     3.68e-09    6.69e-07
2012 06 15  1714   56093  62040     5.29e-09    6.62e-07
2012 06 15  1715   56093  62100     4.69e-09    6.60e-07
2012 06 15  1716   56093  62160     4.98e-09    6.55e-07
2012 06 15  1717   56093  62220     5.52e-09    6.52e-07
2012 06 15  1718   56093  62280     3.58e-09    6.57e-07
2012 06 15  1719   56093  62340     4.28e-09    6.62e-07
2012 06 15  1720   56093  62400     4.91e-09    6.73e-07
2012 06 15  1721   56093  62460     5.37e-09    6.84e-07
2012 06 15  1722   56093  62520     6.84e-09    6.84e-07
2012 06 15  1723   56093  62580     7.94e-09    6.78e-07
2012 06 15  1724   56093  62640     5.14e-09    6.76e-07
2012 06 15  1725   56093  62700     5.87e-09    6.73e-07
2012 06 15  1726   56093  62760     6.75e-09    6.79e-07
2012 06 15  1727   56093  62820     7.52e-09    6.89e-07
2012 06 15  1728   56093  62880     8.33e-09    6.92e-07
2012 06 15  1729   56093  62940     8.66e-09    7.08e-07
2012 06 15  1730   56093  63000     8.67e-09    7.24e-07
2012 06 15  1731   56093  63060     7.44e-09    7.05e-07
2012 06 15  1732   56093  63120     1.13e-08    7.11e-07
2012 06 15  1733   56093  63180     9.98e-09    7.21e-07
2012 06 15  1734   56093  63240     1.31e-08    7.46e-07
2012 06 15  1735   56093  63300     1.27e-08    7.57e-07
2012 06 15  1736   56093  63360     1.30e-08    7.67e-07
2012 06 15  1737   56093  63420     1.21e-08    7.75e-07
2012 06 15  1738   56093  63480     1.19e-08    7.78e-07
2012 06 15  1739   56093  63540     1.28e-08    7.79e-07
2012 06 15  1740   56093  63600     1.46e-08    7.81e-07
2012 06 15  1741   56093  63660     1.49e-08    7.83e-07
2012 06 15  1742   56093  63720     1.52e-08    7.86e-07
2012 06 15  1743   56093  63780     1.53e-08    8.03e-07
2012 06 15  1744   56093  63840     1.61e-08    8.45e-07
2012 06 15  1745   56093  63900     2.07e-08    9.02e-07
2012 06 15  1746   56093  63960     2.39e-08    9.32e-07
2012 06 15  1747   56093  64020     2.37e-08    9.38e-07
2012 06 15  1748   56093  64080     2.21e-08    9.34e-07
2012 06 15  1749   56093  64140     2.11e-08    9.21e-07
2012 06 15  1750   56093  64200     2.00e-08    9.10e-07
2012 06 15  1751   56093  64260     2.25e-08    9.08e-07
2012 06 15  1752   56093  64320     2.23e-08    9.16e-07
2012 06 15  1753   56093  64380     2.28e-08    9.21e-07
2012 06 15  1754   56093  64440     2.34e-08    9.19e-07
2012 06 15  1755   56093  64500     2.22e-08    9.14e-07
2012 06 15  1756   56093  64560     2.16e-08    9.13e-07
2012 06 15  1757   56093  64620     2.12e-08    9.08e-07
2012 06 15  1758   56093  64680     2.50e-08    9.11e-07
2012 06 15  1759   56093  64740     2.28e-08    9.16e-07
2012 06 15  1800   56093  64800     2.25e-08    9.25e-07
2012 06 15  1801   56093  64860     2.22e-08    9.32e-07
2012 06 15  1802   56093  64920     2.21e-08    9.45e-07
2012 06 15  1803   56093  64980     2.11e-08    9.57e-07
2012 06 15  1804   56093  65040     2.31e-08    9.76e-07
2012 06 15  1805   56093  65100     2.57e-08    1.01e-06
2012 06 15  1806   56093  65160     3.82e-08    1.09e-06
2012 06 15  1807   56093  65220     6.14e-08    1.25e-06
2012 06 15  1808   56093  65280     8.59e-08    1.45e-06
2012 06 15  1809   56093  65340     1.05e-07    1.63e-06
2012 06 15  1810   56093  65400     1.15e-07    1.76e-06
2012 06 15  1811   56093  65460     1.19e-07    1.81e-06
2012 06 15  1812   56093  65520     1.25e-07    1.87e-06
2012 06 15  1813   56093  65580     1.31e-07    1.94e-06
2012 06 15  1814   56093  65640     1.35e-07    2.02e-06
2012 06 15  1815   56093  65700     1.33e-07    2.05e-06
2012 06 15  1816   56093  65760     1.29e-07    2.06e-06
2012 06 15  1817   56093  65820     1.18e-07    2.03e-06
2012 06 15  1818   56093  65880     1.07e-07    1.99e-06
2012 06 15  1819   56093  65940     9.68e-08    1.93e-06
2012 06 15  1820   56093  66000     8.77e-08    1.87e-06
2012 06 15  1821   56093  66060     8.39e-08    1.83e-06
2012 06 15  1822   56093  66120     7.79e-08    1.78e-06
2012 06 15  1823   56093  66180     7.23e-08    1.72e-06
2012 06 15  1824   56093  66240     6.28e-08    1.67e-06
2012 06 15  1825   56093  66300     5.60e-08    1.62e-06
2012 06 15  1826   56093  66360     5.23e-08    1.57e-06
2012 06 15  1827   56093  66420     4.80e-08    1.52e-06
2012 06 15  1828   56093  66480     4.37e-08    1.48e-06
2012 06 15  1829   56093  66540     4.52e-08    1.45e-06
2012 06 15  1830   56093  66600     4.37e-08    1.43e-06
2012 06 15  1831   56093  66660     4.37e-08    1.43e-06
2012 06 15  1832   56093  66720     4.30e-08    1.43e-06
2012 06 15  1833   56093  66780     3.85e-08    1.40e-06
2012 06 15  1834   56093  66840     3.34e-08    1.36e-06
2012 06 15  1835   56093  66900     3.08e-08    1.32e-06
2012 06 15  1836   56093  66960     2.84e-08    1.27e-06
2012 06 15  1837   56093  67020     2.71e-08    1.25e-06
2012 06 15  1838   56093  67080     2.50e-08    1.22e-06
2012 06 15  1839   56093  67140     2.34e-08    1.20e-06
2012 06 15  1840   56093  67200     2.13e-08    1.17e-06
2012 06 15  1841   56093  67260     2.17e-08    1.15e-06
2012 06 15  1842   56093  67320     2.48e-08    1.16e-06
2012 06 15  1843   56093  67380     2.59e-08    1.17e-06
2012 06 15  1844   56093  67440     2.78e-08    1.17e-06
2012 06 15  1845   56093  67500     3.27e-08    1.18e-06
2012 06 15  1846   56093  67560     3.28e-08    1.18e-06
2012 06 15  1847   56093  67620     3.23e-08    1.18e-06
2012 06 15  1848   56093  67680     3.24e-08    1.18e-06
2012 06 15  1849   56093  67740     3.17e-08    1.17e-06
2012 06 15  1850   56093  67800     3.32e-08    1.16e-06
2012 06 15  1851   56093  67860     2.98e-08    1.14e-06
2012 06 15  1852   56093  67920     2.90e-08    1.11e-06
2012 06 15  1853   56093  67980     2.57e-08    1.09e-06
2012 06 15  1854   56093  68040     2.23e-08    1.07e-06
2012 06 15  1855   56093  68100     2.05e-08    1.05e-06
2012 06 15  1856   56093  68160     1.79e-08    1.02e-06
2012 06 15  1857   56093  68220     1.59e-08    9.84e-07
2012 06 15  1858   56093  68280     1.38e-08    9.59e-07
2012 06 15  1859   56093  68340     1.38e-08    9.40e-07
2012 06 15  1900   56093  68400     1.37e-08    9.18e-07
2012 06 15  1901   56093  68460     1.24e-08    8.95e-07
2012 06 15  1902   56093  68520     1.25e-08    8.79e-07
2012 06 15  1903   56093  68580     9.92e-09    8.67e-07
2012 06 15  1904   56093  68640     8.83e-09    8.52e-07
2012 06 15  1905   56093  68700     6.94e-09    8.39e-07
2012 06 15  1906   56093  68760     7.69e-09    8.25e-07
2012 06 15  1907   56093  68820     8.98e-09    8.12e-07
2012 06 15  1908   56093  68880     7.17e-09    7.98e-07
2012 06 15  1909   56093  68940     7.14e-09    7.92e-07
2012 06 15  1910   56093  69000     6.36e-09    7.89e-07
2012 06 15  1911   56093  69060     6.52e-09    7.74e-07
2012 06 15  1912   56093  69120     5.14e-09    7.65e-07
2012 06 15  1913   56093  69180     7.32e-09    7.52e-07
2012 06 15  1914   56093  69240     6.98e-09    7.47e-07
2012 06 15  1915   56093  69300     5.37e-09    7.39e-07
2012 06 15  1916   56093  69360     3.87e-09    7.27e-07
2012 06 15  1917   56093  69420     3.94e-09    7.15e-07
2012 06 15  1918   56093  69480     1.24e-09    7.09e-07
2012 06 15  1919   56093  69540     1.70e-09    6.95e-07
2012 06 15  1920   56093  69600     2.29e-09    6.86e-07
2012 06 15  1921   56093  69660     2.31e-09    6.73e-07
2012 06 15  1922   56093  69720     2.12e-09    6.69e-07
2012 06 15  1923   56093  69780     2.66e-09    6.68e-07
2012 06 15  1924   56093  69840     2.54e-09    6.69e-07
2012 06 15  1925   56093  69900     2.10e-09    6.63e-07
2012 06 15  1926   56093  69960     1.65e-09    6.53e-07
2012 06 15  1927   56093  70020     1.30e-09    6.48e-07
2012 06 15  1928   56093  70080     3.12e-09    6.41e-07
2012 06 15  1929   56093  70140     2.17e-09    6.37e-07
2012 06 15  1930   56093  70200     2.53e-09    6.41e-07
2012 06 15  1931   56093  70260     2.99e-09    6.47e-07
2012 06 15  1932   56093  70320     2.15e-09    6.40e-07
2012 06 15  1933   56093  70380     3.09e-09    6.37e-07
2012 06 15  1934   56093  70440     4.83e-09    6.37e-07
2012 06 15  1935   56093  70500     6.06e-09    6.36e-07
2012 06 15  1936   56093  70560     8.37e-09    6.34e-07
2012 06 15  1937   56093  70620     5.55e-09    6.33e-07
2012 06 15  1938   56093  70680     1.61e-09    6.34e-07
2012 06 15  1939   56093  70740     4.45e-09    6.39e-07
2012 06 15  1940   56093  70800     3.35e-09    6.42e-07
2012 06 15  1941   56093  70860     3.06e-09    6.42e-07
2012 06 15  1942   56093  70920     4.60e-09    6.45e-07
2012 06 15  1943   56093  70980     3.27e-09    6.43e-07
2012 06 15  1944   56093  71040     3.45e-09    6.48e-07
2012 06 15  1945   56093  71100     3.37e-09    6.62e-07
2012 06 15  1946   56093  71160     5.45e-09    6.80e-07
2012 06 15  1947   56093  71220     9.03e-09    7.09e-07
2012 06 15  1948   56093  71280     1.24e-08    7.52e-07
2012 06 15  1949   56093  71340     1.73e-08    8.19e-07
2012 06 15  1950   56093  71400     2.28e-08    8.98e-07
2012 06 15  1951   56093  71460     2.77e-08    9.63e-07
2012 06 15  1952   56093  71520     3.02e-08    1.02e-06
2012 06 15  1953   56093  71580     3.12e-08    1.05e-06
2012 06 15  1954   56093  71640     3.08e-08    1.07e-06
2012 06 15  1955   56093  71700     3.09e-08    1.09e-06
2012 06 15  1956   56093  71760     2.93e-08    1.08e-06
2012 06 15  1957   56093  71820     2.79e-08    1.07e-06
2012 06 15  1958   56093  71880     2.70e-08    1.07e-06
2012 06 15  1959   56093  71940     2.55e-08    1.06e-06
2012 06 15  2000   56093  72000     2.43e-08    1.06e-06
2012 06 15  2001   56093  72060     2.34e-08    1.05e-06
2012 06 15  2002   56093  72120     2.19e-08    1.04e-06
2012 06 15  2003   56093  72180     2.15e-08    1.03e-06
2012 06 15  2004   56093  72240     2.07e-08    1.02e-06
2012 06 15  2005   56093  72300     1.85e-08    1.01e-06
2012 06 15  2006   56093  72360     1.82e-08    1.00e-06
2012 06 15  2007   56093  72420     1.74e-08    9.89e-07
2012 06 15  2008   56093  72480     1.74e-08    9.83e-07
2012 06 15  2009   56093  72540     1.77e-08    9.86e-07
2012 06 15  2010   56093  72600     1.72e-08    9.80e-07
2012 06 15  2011   56093  72660     1.65e-08    9.74e-07
2012 06 15  2012   56093  72720     1.56e-08    9.67e-07
2012 06 15  2013   56093  72780     1.67e-08    9.69e-07
2012 06 15  2014   56093  72840     1.82e-08    9.74e-07
2012 06 15  2015   56093  72900     1.92e-08    9.82e-07
2012 06 15  2016   56093  72960     2.03e-08    9.89e-07
2012 06 15  2017   56093  73020     2.10e-08    9.98e-07
2012 06 15  2018   56093  73080     2.20e-08    1.00e-06
2012 06 15  2019   56093  73140     2.10e-08    9.98e-07
2012 06 15  2020   56093  73200     1.95e-08    9.99e-07
2012 06 15  2021   56093  73260     1.78e-08    9.96e-07
2012 06 15  2022   56093  73320     1.77e-08    9.88e-07
2012 06 15  2023   56093  73380     1.84e-08    9.80e-07
2012 06 15  2024   56093  73440     1.91e-08    9.79e-07
2012 06 15  2025   56093  73500     1.92e-08    9.72e-07
2012 06 15  2026   56093  73560     1.77e-08    9.61e-07
2012 06 15  2027   56093  73620     1.58e-08    9.47e-07
2012 06 15  2028   56093  73680     1.26e-08    9.34e-07
2012 06 15  2029   56093  73740     9.83e-09    9.27e-07
2012 06 15  2030   56093  73800     1.01e-08    9.09e-07
2012 06 15  2031   56093  73860     1.25e-08    8.98e-07
2012 06 15  2032   56093  73920     1.30e-08    9.09e-07
2012 06 15  2033   56093  73980     1.16e-08    9.01e-07
2012 06 15  2034   56093  74040     1.03e-08    8.76e-07
2012 06 15  2035   56093  74100     1.04e-08    8.57e-07
2012 06 15  2036   56093  74160     1.27e-08    8.36e-07
2012 06 15  2037   56093  74220     1.17e-08    8.22e-07
2012 06 15  2038   56093  74280     1.16e-08    8.26e-07
2012 06 15  2039   56093  74340     9.63e-09    8.02e-07
2012 06 15  2040   56093  74400     6.10e-09    7.87e-07
2012 06 15  2041   56093  74460     3.68e-09    7.78e-07
2012 06 15  2042   56093  74520     5.75e-09    7.67e-07
2012 06 15  2043   56093  74580     4.95e-09    7.57e-07
2012 06 15  2044   56093  74640     4.91e-09    7.47e-07
2012 06 15  2045   56093  74700     5.85e-09    7.41e-07
2012 06 15  2046   56093  74760     2.34e-09    7.32e-07
2012 06 15  2047   56093  74820     1.38e-09    7.18e-07
2012 06 15  2048   56093  74880     2.85e-09    7.04e-07
2012 06 15  2049   56093  74940     2.83e-09    6.92e-07
2012 06 15  2050   56093  75000     2.56e-09    6.81e-07
2012 06 15  2051   56093  75060     3.25e-09    6.76e-07
2012 06 15  2052   56093  75120     2.95e-09    6.63e-07
2012 06 15  2053   56093  75180     3.79e-09    6.56e-07
2012 06 15  2054   56093  75240     3.16e-09    6.45e-07
2012 06 15  2055   56093  75300     4.60e-09    6.34e-07
2012 06 15  2056   56093  75360     4.14e-09    6.35e-07
2012 06 15  2057   56093  75420     3.72e-09    6.37e-07
2012 06 15  2058   56093  75480     2.70e-09    6.31e-07
2012 06 15  2059   56093  75540     3.20e-09    6.25e-07
2012 06 15  2100   56093  75600     4.45e-09    6.22e-07
2012 06 15  2101   56093  75660     4.35e-09    6.12e-07
2012 06 15  2102   56093  75720     4.43e-09    6.06e-07
2012 06 15  2103   56093  75780     3.18e-09    5.98e-07
2012 06 15  2104   56093  75840     2.66e-09    5.98e-07
2012 06 15  2105   56093  75900     5.60e-09    6.15e-07
2012 06 15  2106   56093  75960     9.98e-09    6.39e-07
2012 06 15  2107   56093  76020     1.45e-08    6.70e-07
2012 06 15  2108   56093  76080     1.38e-08    6.58e-07
2012 06 15  2109   56093  76140     7.79e-09    6.40e-07
2012 06 15  2110   56093  76200     6.37e-09    6.26e-07
2012 06 15  2111   56093  76260     5.69e-09    6.19e-07
2012 06 15  2112   56093  76320     2.95e-09    6.12e-07
2012 06 15  2113   56093  76380     2.54e-09    5.98e-07
2012 06 15  2114   56093  76440     2.26e-09    5.90e-07
2012 06 15  2115   56093  76500     2.88e-09    5.69e-07
2012 06 15  2116   56093  76560     1.29e-09    5.61e-07
2012 06 15  2117   56093  76620     2.20e-09    5.48e-07
2012 06 15  2118   56093  76680     4.39e-09    5.45e-07
2012 06 15  2119   56093  76740     1.96e-09    5.37e-07
2012 06 15  2120   56093  76800     1.57e-09    5.32e-07
2012 06 15  2121   56093  76860     1.47e-09    5.29e-07
2012 06 15  2122   56093  76920     3.25e-09    5.26e-07
2012 06 15  2123   56093  76980     4.25e-09    5.24e-07
2012 06 15  2124   56093  77040     1.16e-09    5.22e-07
2012 06 15  2125   56093  77100     1.10e-09    5.20e-07
2012 06 15  2126   56093  77160     1.14e-09    5.20e-07
2012 06 15  2127   56093  77220     1.00e-09    5.21e-07
2012 06 15  2128   56093  77280     1.00e-09    5.23e-07
2012 06 15  2129   56093  77340     1.19e-09    5.21e-07
2012 06 15  2130   56093  77400     1.32e-09    5.22e-07
2012 06 15  2131   56093  77460     1.00e-09    5.24e-07
2012 06 15  2132   56093  77520     1.00e-09    5.25e-07
2012 06 15  2133   56093  77580     1.00e-09    5.20e-07
2012 06 15  2134   56093  77640     1.16e-09    5.18e-07
2012 06 15  2135   56093  77700     1.97e-09    5.24e-07
2012 06 15  2136   56093  77760     1.81e-09    5.22e-07
2012 06 15  2137   56093  77820     2.57e-09    5.25e-07
2012 06 15  2138   56093  77880     2.41e-09    5.32e-07
2012 06 15  2139   56093  77940     2.79e-09    5.46e-07
2012 06 15  2140   56093  78000     3.33e-09    5.57e-07
2012 06 15  2141   56093  78060     1.73e-09    5.55e-07
2012 06 15  2142   56093  78120     1.88e-09    5.48e-07
2012 06 15  2143   56093  78180     2.56e-09    5.42e-07
2012 06 15  2144   56093  78240     3.79e-09    5.38e-07
2012 06 15  2145   56093  78300     3.24e-09    5.33e-07
2012 06 15  2146   56093  78360     4.60e-09    5.29e-07
2012 06 15  2147   56093  78420     3.14e-09    5.27e-07
2012 06 15  2148   56093  78480     2.45e-09    5.28e-07
2012 06 15  2149   56093  78540     1.79e-09    5.35e-07
2012 06 15  2150   56093  78600     2.41e-09    5.44e-07
2012 06 15  2151   56093  78660     1.02e-09    5.51e-07
2012 06 15  2152   56093  78720     2.56e-09    5.61e-07
2012 06 15  2153   56093  78780     1.87e-09    5.77e-07
2012 06 15  2154   56093  78840     3.35e-09    5.94e-07
2012 06 15  2155   56093  78900     4.39e-09    6.10e-07
2012 06 15  2156   56093  78960     6.60e-09    6.26e-07
2012 06 15  2157   56093  79020     6.37e-09    6.40e-07
2012 06 15  2158   56093  79080     6.99e-09    6.48e-07
2012 06 15  2159   56093  79140     6.98e-09    6.56e-07
2012 06 15  2200   56093  79200     9.13e-09    6.60e-07
2012 06 15  2201   56093  79260     6.58e-09    6.61e-07
2012 06 15  2202   56093  79320     7.67e-09    6.63e-07
2012 06 15  2203   56093  79380     8.94e-09    6.63e-07
2012 06 15  2204   56093  79440     8.06e-09    6.65e-07
2012 06 15  2205   56093  79500     6.17e-09    6.63e-07
2012 06 15  2206   56093  79560     8.14e-09    6.57e-07
2012 06 15  2207   56093  79620     8.52e-09    6.55e-07
2012 06 15  2208   56093  79680     7.51e-09    6.54e-07
2012 06 15  2209   56093  79740     8.52e-09    6.56e-07
2012 06 15  2210   56093  79800     7.37e-09    6.45e-07
2012 06 15  2211   56093  79860     7.21e-09    6.35e-07
2012 06 15  2212   56093  79920     6.06e-09    6.28e-07
2012 06 15  2213   56093  79980     6.64e-09    6.20e-07
2012 06 15  2214   56093  80040     3.98e-09    6.14e-07
2012 06 15  2215   56093  80100     7.10e-09    6.11e-07
2012 06 15  2216   56093  80160     3.33e-09    6.05e-07
2012 06 15  2217   56093  80220     3.75e-09    5.98e-07
2012 06 15  2218   56093  80280     4.28e-09    5.91e-07
2012 06 15  2219   56093  80340     3.87e-09    5.87e-07
2012 06 15  2220   56093  80400     5.21e-09    5.85e-07
2012 06 15  2221   56093  80460     8.06e-09    5.95e-07
2012 06 15  2222   56093  80520     6.43e-09    6.35e-07
2012 06 15  2223   56093  80580     5.75e-09    6.51e-07
2012 06 15  2224   56093  80640     4.41e-09    6.44e-07
2012 06 15  2225   56093  80700     3.08e-09    6.34e-07
2012 06 15  2226   56093  80760     1.58e-09    6.25e-07
2012 06 15  2227   56093  80820     1.39e-09    6.15e-07
2012 06 15  2228   56093  80880     3.44e-09    6.03e-07
2012 06 15  2229   56093  80940     3.33e-09    5.92e-07
2012 06 15  2230   56093  81000     5.60e-09    5.79e-07
2012 06 15  2231   56093  81060     3.79e-09    5.79e-07
2012 06 15  2232   56093  81120     2.73e-09    5.81e-07
2012 06 15  2233   56093  81180     3.72e-09    5.77e-07
2012 06 15  2234   56093  81240     2.83e-09    5.70e-07
2012 06 15  2235   56093  81300     2.94e-09    5.71e-07
2012 06 15  2236   56093  81360     4.29e-09    5.68e-07
2012 06 15  2237   56093  81420     4.33e-09    5.54e-07
2012 06 15  2238   56093  81480     5.58e-09    5.44e-07
2012 06 15  2239   56093  81540     6.18e-09    5.38e-07
2012 06 15  2240   56093  81600     6.48e-09    5.30e-07
2012 06 15  2241   56093  81660     9.21e-09    5.25e-07
2012 06 15  2242   56093  81720     3.71e-09    5.21e-07
2012 06 15  2243   56093  81780     1.22e-09    5.15e-07
2012 06 15  2244   56093  81840     1.04e-09    5.08e-07
2012 06 15  2245   56093  81900     1.10e-09    5.04e-07
2012 06 15  2246   56093  81960     1.73e-09    5.14e-07
2012 06 15  2247   56093  82020     1.50e-09    5.08e-07
2012 06 15  2248   56093  82080     1.20e-09    5.07e-07
2012 06 15  2249   56093  82140     1.12e-09    4.99e-07
2012 06 15  2250   56093  82200     1.17e-09    4.93e-07
2012 06 15  2251   56093  82260     1.02e-09    4.90e-07
2012 06 15  2252   56093  82320     1.25e-09    4.80e-07
2012 06 15  2253   56093  82380     1.75e-09    4.72e-07
2012 06 15  2254   56093  82440     1.34e-09    4.71e-07
2012 06 15  2255   56093  82500     1.04e-09    4.73e-07
2012 06 15  2256   56093  82560     1.97e-09    4.65e-07
2012 06 15  2257   56093  82620     1.67e-09    4.64e-07
2012 06 15  2258   56093  82680     2.13e-09    4.66e-07
2012 06 15  2259   56093  82740     3.53e-09    4.79e-07
2012 06 15  2300   56093  82800     1.60e-09    4.83e-07
2012 06 15  2301   56093  82860     1.35e-09    4.75e-07
2012 06 15  2302   56093  82920     1.21e-09    4.69e-07
2012 06 15  2303   56093  82980     1.10e-09    4.65e-07
2012 06 15  2304   56093  83040     1.26e-09    4.60e-07
2012 06 15  2305   56093  83100     1.60e-09    4.51e-07
2012 06 15  2306   56093  83160     1.26e-09    4.43e-07
2012 06 15  2307   56093  83220     1.36e-09    4.41e-07
2012 06 15  2308   56093  83280     1.20e-09    4.38e-07
2012 06 15  2309   56093  83340     1.90e-09    4.37e-07
2012 06 15  2310   56093  83400     1.81e-09    4.48e-07
2012 06 15  2311   56093  83460     1.55e-09    4.45e-07
2012 06 15  2312   56093  83520     3.79e-09    4.43e-07
2012 06 15  2313   56093  83580     2.39e-09    4.63e-07
2012 06 15  2314   56093  83640     1.00e-09    4.64e-07
2012 06 15  2315   56093  83700     1.08e-09    4.51e-07
2012 06 15  2316   56093  83760     1.02e-09    4.44e-07
2012 06 15  2317   56093  83820     1.04e-09    4.50e-07
2012 06 15  2318   56093  83880     1.06e-09    4.51e-07
2012 06 15  2319   56093  83940     1.02e-09    4.65e-07
2012 06 15  2320   56093  84000     1.26e-09    4.57e-07
2012 06 15  2321   56093  84060     1.81e-09    4.52e-07
2012 06 15  2322   56093  84120     1.49e-09    4.56e-07
2012 06 15  2323   56093  84180     2.43e-09    4.55e-07
2012 06 15  2324   56093  84240     1.31e-09    4.57e-07
2012 06 15  2325   56093  84300     2.77e-09    4.64e-07
2012 06 15  2326   56093  84360     1.16e-09    4.72e-07
2012 06 15  2327   56093  84420     1.00e-09    4.62e-07
2012 06 15  2328   56093  84480     1.30e-09    4.58e-07
2012 06 15  2329   56093  84540     1.41e-09    4.61e-07
2012 06 15  2330   56093  84600     1.06e-09    4.61e-07
2012 06 15  2331   56093  84660     1.42e-09    4.62e-07
2012 06 15  2332   56093  84720     1.20e-09    4.58e-07
2012 06 15  2333   56093  84780     1.08e-09    4.56e-07
2012 06 15  2334   56093  84840     1.06e-09    4.57e-07
2012 06 15  2335   56093  84900     1.44e-09    4.57e-07
2012 06 15  2336   56093  84960     1.22e-09    4.60e-07
2012 06 15  2337   56093  85020     2.12e-09    4.64e-07
2012 06 15  2338   56093  85080     1.19e-09    4.65e-07
2012 06 15  2339   56093  85140     1.76e-09    4.78e-07
2012 06 15  2340   56093  85200     3.79e-09    4.96e-07
2012 06 15  2341   56093  85260     3.14e-09    5.09e-07
2012 06 15  2342   56093  85320     4.57e-09    5.00e-07
2012 06 15  2343   56093  85380     1.46e-09    4.90e-07
2012 06 15  2344   56093  85440     1.00e-09    4.84e-07
2012 06 15  2345   56093  85500     1.38e-09    4.90e-07
2012 06 15  2346   56093  85560     1.73e-09    4.95e-07
2012 06 15  2347   56093  85620     1.06e-09    4.70e-07
2012 06 15  2348   56093  85680     1.20e-09    4.57e-07
2012 06 15  2349   56093  85740     1.06e-09    4.52e-07
2012 06 15  2350   56093  85800     1.00e-09    4.50e-07
2012 06 15  2351   56093  85860     1.00e-09    4.49e-07
2012 06 15  2352   56093  85920     1.00e-09    4.44e-07
2012 06 15  2353   56093  85980     1.02e-09    4.45e-07
2012 06 15  2354   56093  86040     1.04e-09    4.43e-07
2012 06 15  2355   56093  86100     1.00e-09    4.41e-07
2012 06 15  2356   56093  86160     1.00e-09    4.46e-07
2012 06 15  2357   56093  86220     1.10e-09    4.45e-07
2012 06 15  2358   56093  86280     1.30e-09    4.49e-07
2012 06 15  2359   56093  86340     1.00e-09    4.44e-07
