:Data_list: 20120620_Gp_xr_1m.txt
:Created: 2012 Jun 21 0010 UTC
# Prepared by the U.S. Dept. of Commerce, NOAA, Space Weather Prediction Center
# Please send comments and suggestions to SWPC.Webmaster@noaa.gov 
# 
# Label: Short = 0.05- 0.4 nanometer
# Label: Long  = 0.1 - 0.8 nanometer
# Units: Short = Watts per meter squared
# Units: Long  = Watts per meter squared
# Source: GOES-15
# Location: W135
# Missing data: -1.00e+05
#
#         1-minute GOES-15 Solar X-ray Flux
# 
#                 Modified Seconds
# UTC Date  Time   Julian  of the
# YR MO DA  HHMM    Day     Day       Short       Long
#-------------------------------------------------------
2012 06 20  0000   56098      0     3.83e-09    3.17e-07
2012 06 20  0001   56098     60     4.69e-09    3.15e-07
2012 06 20  0002   56098    120     2.87e-09    3.09e-07
2012 06 20  0003   56098    180     1.76e-09    3.09e-07
2012 06 20  0004   56098    240     1.04e-09    3.10e-07
2012 06 20  0005   56098    300     1.02e-09    3.10e-07
2012 06 20  0006   56098    360     1.00e-09    3.10e-07
2012 06 20  0007   56098    420     1.00e-09    3.12e-07
2012 06 20  0008   56098    480     2.14e-09    3.14e-07
2012 06 20  0009   56098    540     2.87e-09    3.17e-07
2012 06 20  0010   56098    600     2.91e-09    3.19e-07
2012 06 20  0011   56098    660     5.83e-09    3.19e-07
2012 06 20  0012   56098    720     2.79e-09    3.20e-07
2012 06 20  0013   56098    780     3.45e-09    3.15e-07
2012 06 20  0014   56098    840     2.02e-09    3.14e-07
2012 06 20  0015   56098    900     1.63e-09    3.23e-07
2012 06 20  0016   56098    960     3.79e-09    3.25e-07
2012 06 20  0017   56098   1020     3.98e-09    3.29e-07
2012 06 20  0018   56098   1080     3.42e-09    3.40e-07
2012 06 20  0019   56098   1140     5.14e-09    3.58e-07
2012 06 20  0020   56098   1200     4.83e-09    3.76e-07
2012 06 20  0021   56098   1260     5.94e-09    3.89e-07
2012 06 20  0022   56098   1320     4.46e-09    3.90e-07
2012 06 20  0023   56098   1380     5.25e-09    3.90e-07
2012 06 20  0024   56098   1440     5.14e-09    3.86e-07
2012 06 20  0025   56098   1500     5.91e-09    3.77e-07
2012 06 20  0026   56098   1560     6.56e-09    3.74e-07
2012 06 20  0027   56098   1620     4.79e-09    3.75e-07
2012 06 20  0028   56098   1680     4.65e-09    3.71e-07
2012 06 20  0029   56098   1740     5.02e-09    3.68e-07
2012 06 20  0030   56098   1800     2.92e-09    3.62e-07
2012 06 20  0031   56098   1860     3.10e-09    3.60e-07
2012 06 20  0032   56098   1920     3.50e-09    3.57e-07
2012 06 20  0033   56098   1980     3.49e-09    3.52e-07
2012 06 20  0034   56098   2040     3.68e-09    3.50e-07
2012 06 20  0035   56098   2100     4.61e-09    3.45e-07
2012 06 20  0036   56098   2160     3.37e-09    3.43e-07
2012 06 20  0037   56098   2220     4.22e-09    3.38e-07
2012 06 20  0038   56098   2280     2.43e-09    3.37e-07
2012 06 20  0039   56098   2340     1.99e-09    3.38e-07
2012 06 20  0040   56098   2400     3.87e-09    3.33e-07
2012 06 20  0041   56098   2460     1.98e-09    3.28e-07
2012 06 20  0042   56098   2520     1.79e-09    3.25e-07
2012 06 20  0043   56098   2580     1.78e-09    3.22e-07
2012 06 20  0044   56098   2640     3.23e-09    3.20e-07
2012 06 20  0045   56098   2700     1.12e-09    3.19e-07
2012 06 20  0046   56098   2760     1.15e-09    3.14e-07
2012 06 20  0047   56098   2820     1.00e-09    3.16e-07
2012 06 20  0048   56098   2880     1.63e-09    3.18e-07
2012 06 20  0049   56098   2940     2.45e-09    3.16e-07
2012 06 20  0050   56098   3000     4.29e-09    3.24e-07
2012 06 20  0051   56098   3060     2.96e-09    3.34e-07
2012 06 20  0052   56098   3120     2.58e-09    3.34e-07
2012 06 20  0053   56098   3180     2.04e-09    3.30e-07
2012 06 20  0054   56098   3240     1.35e-09    3.23e-07
2012 06 20  0055   56098   3300     1.74e-09    3.23e-07
2012 06 20  0056   56098   3360     1.50e-09    3.18e-07
2012 06 20  0057   56098   3420     1.59e-09    3.19e-07
2012 06 20  0058   56098   3480     1.79e-09    3.14e-07
2012 06 20  0059   56098   3540     1.15e-09    3.10e-07
2012 06 20  0100   56098   3600     1.12e-09    3.11e-07
2012 06 20  0101   56098   3660     1.10e-09    3.15e-07
2012 06 20  0102   56098   3720     1.41e-09    3.15e-07
2012 06 20  0103   56098   3780     1.35e-09    3.16e-07
2012 06 20  0104   56098   3840     1.37e-09    3.16e-07
2012 06 20  0105   56098   3900     1.44e-09    3.22e-07
2012 06 20  0106   56098   3960     2.21e-09    3.26e-07
2012 06 20  0107   56098   4020     5.29e-09    3.43e-07
2012 06 20  0108   56098   4080     7.40e-09    3.68e-07
2012 06 20  0109   56098   4140     9.22e-09    4.03e-07
2012 06 20  0110   56098   4200     8.02e-09    4.31e-07
2012 06 20  0111   56098   4260     2.53e-09    4.01e-07
2012 06 20  0112   56098   4320     1.53e-09    3.68e-07
2012 06 20  0113   56098   4380     1.34e-09    3.49e-07
2012 06 20  0114   56098   4440     2.65e-09    3.49e-07
2012 06 20  0115   56098   4500     1.92e-09    3.50e-07
2012 06 20  0116   56098   4560     1.34e-09    3.42e-07
2012 06 20  0117   56098   4620     2.16e-09    3.37e-07
2012 06 20  0118   56098   4680     1.71e-09    3.34e-07
2012 06 20  0119   56098   4740     2.42e-09    3.39e-07
2012 06 20  0120   56098   4800     2.35e-09    3.44e-07
2012 06 20  0121   56098   4860     2.62e-09    3.43e-07
2012 06 20  0122   56098   4920     2.85e-09    3.47e-07
2012 06 20  0123   56098   4980     3.60e-09    3.50e-07
2012 06 20  0124   56098   5040     3.52e-09    3.49e-07
2012 06 20  0125   56098   5100     3.68e-09    3.44e-07
2012 06 20  0126   56098   5160     1.37e-09    3.36e-07
2012 06 20  0127   56098   5220     2.45e-09    3.40e-07
2012 06 20  0128   56098   5280     2.43e-09    3.41e-07
2012 06 20  0129   56098   5340     2.38e-09    3.33e-07
2012 06 20  0130   56098   5400     1.70e-09    3.30e-07
2012 06 20  0131   56098   5460     2.11e-09    3.26e-07
2012 06 20  0132   56098   5520     1.52e-09    3.24e-07
2012 06 20  0133   56098   5580     1.08e-09    3.24e-07
2012 06 20  0134   56098   5640     2.08e-09    3.21e-07
2012 06 20  0135   56098   5700     3.01e-09    3.21e-07
2012 06 20  0136   56098   5760     2.90e-09    3.20e-07
2012 06 20  0137   56098   5820     2.25e-09    3.20e-07
2012 06 20  0138   56098   5880     4.56e-09    3.23e-07
2012 06 20  0139   56098   5940     2.61e-09    3.28e-07
2012 06 20  0140   56098   6000     2.08e-09    3.35e-07
2012 06 20  0141   56098   6060     1.78e-09    3.41e-07
2012 06 20  0142   56098   6120     1.60e-09    3.41e-07
2012 06 20  0143   56098   6180     2.27e-09    3.45e-07
2012 06 20  0144   56098   6240     3.12e-09    3.49e-07
2012 06 20  0145   56098   6300     2.60e-09    3.54e-07
2012 06 20  0146   56098   6360     3.39e-09    3.63e-07
2012 06 20  0147   56098   6420     4.98e-09    3.88e-07
2012 06 20  0148   56098   6480     1.15e-08    4.68e-07
2012 06 20  0149   56098   6540     2.73e-08    6.12e-07
2012 06 20  0150   56098   6600     4.37e-08    7.77e-07
2012 06 20  0151   56098   6660     4.99e-08    8.73e-07
2012 06 20  0152   56098   6720     5.59e-08    9.24e-07
2012 06 20  0153   56098   6780     5.25e-08    9.49e-07
2012 06 20  0154   56098   6840     4.94e-08    9.58e-07
2012 06 20  0155   56098   6900     4.86e-08    9.77e-07
2012 06 20  0156   56098   6960     4.90e-08    9.91e-07
2012 06 20  0157   56098   7020     5.04e-08    1.02e-06
2012 06 20  0158   56098   7080     5.25e-08    1.07e-06
2012 06 20  0159   56098   7140     5.57e-08    1.10e-06
2012 06 20  0200   56098   7200     6.05e-08    1.14e-06
2012 06 20  0201   56098   7260     6.31e-08    1.17e-06
2012 06 20  0202   56098   7320     6.39e-08    1.20e-06
2012 06 20  0203   56098   7380     6.48e-08    1.20e-06
2012 06 20  0204   56098   7440     6.31e-08    1.20e-06
2012 06 20  0205   56098   7500     5.70e-08    1.18e-06
2012 06 20  0206   56098   7560     5.35e-08    1.15e-06
2012 06 20  0207   56098   7620     5.09e-08    1.13e-06
2012 06 20  0208   56098   7680     4.62e-08    1.10e-06
2012 06 20  0209   56098   7740     4.09e-08    1.07e-06
2012 06 20  0210   56098   7800     3.92e-08    1.03e-06
2012 06 20  0211   56098   7860     3.48e-08    1.00e-06
2012 06 20  0212   56098   7920     3.56e-08    9.67e-07
2012 06 20  0213   56098   7980     2.91e-08    9.38e-07
2012 06 20  0214   56098   8040     2.70e-08    9.08e-07
2012 06 20  0215   56098   8100     2.34e-08    8.80e-07
2012 06 20  0216   56098   8160     2.07e-08    8.47e-07
2012 06 20  0217   56098   8220     1.88e-08    8.18e-07
2012 06 20  0218   56098   8280     1.88e-08    7.99e-07
2012 06 20  0219   56098   8340     1.96e-08    8.05e-07
2012 06 20  0220   56098   8400     2.23e-08    8.27e-07
2012 06 20  0221   56098   8460     1.94e-08    8.11e-07
2012 06 20  0222   56098   8520     1.71e-08    7.84e-07
2012 06 20  0223   56098   8580     1.72e-08    7.63e-07
2012 06 20  0224   56098   8640     1.45e-08    7.46e-07
2012 06 20  0225   56098   8700     1.27e-08    7.14e-07
2012 06 20  0226   56098   8760     1.09e-08    6.81e-07
2012 06 20  0227   56098   8820     8.71e-09    6.40e-07
2012 06 20  0228   56098   8880     8.14e-09    6.09e-07
2012 06 20  0229   56098   8940     8.17e-09    5.89e-07
2012 06 20  0230   56098   9000     8.92e-09    5.67e-07
2012 06 20  0231   56098   9060     6.06e-09    5.40e-07
2012 06 20  0232   56098   9120     5.52e-09    5.22e-07
2012 06 20  0233   56098   9180     5.73e-09    5.11e-07
2012 06 20  0234   56098   9240     4.68e-09    4.93e-07
2012 06 20  0235   56098   9300     5.45e-09    4.82e-07
2012 06 20  0236   56098   9360     5.06e-09    4.69e-07
2012 06 20  0237   56098   9420     4.83e-09    4.56e-07
2012 06 20  0238   56098   9480     2.58e-09    4.47e-07
2012 06 20  0239   56098   9540     3.41e-09    4.41e-07
2012 06 20  0240   56098   9600     4.46e-09    4.27e-07
2012 06 20  0241   56098   9660     2.62e-09    4.23e-07
2012 06 20  0242   56098   9720     3.33e-09    4.16e-07
2012 06 20  0243   56098   9780     6.65e-09    4.19e-07
2012 06 20  0244   56098   9840     2.44e-09    4.18e-07
2012 06 20  0245   56098   9900     1.61e-09    4.14e-07
2012 06 20  0246   56098   9960     1.61e-09    4.04e-07
2012 06 20  0247   56098  10020     1.28e-09    3.93e-07
2012 06 20  0248   56098  10080     1.12e-09    3.92e-07
2012 06 20  0249   56098  10140     1.40e-09    3.83e-07
2012 06 20  0250   56098  10200     2.16e-09    3.77e-07
2012 06 20  0251   56098  10260     3.56e-09    3.77e-07
2012 06 20  0252   56098  10320     5.21e-09    3.93e-07
2012 06 20  0253   56098  10380     5.43e-09    4.08e-07
2012 06 20  0254   56098  10440     5.37e-09    4.17e-07
2012 06 20  0255   56098  10500     5.37e-09    4.12e-07
2012 06 20  0256   56098  10560     3.49e-09    4.00e-07
2012 06 20  0257   56098  10620     1.39e-09    3.94e-07
2012 06 20  0258   56098  10680     1.02e-09    3.88e-07
2012 06 20  0259   56098  10740     1.00e-09    3.76e-07
2012 06 20  0300   56098  10800     1.16e-09    3.75e-07
2012 06 20  0301   56098  10860     1.10e-09    3.71e-07
2012 06 20  0302   56098  10920     1.06e-09    3.68e-07
2012 06 20  0303   56098  10980     1.00e-09    3.64e-07
2012 06 20  0304   56098  11040     1.00e-09    3.62e-07
2012 06 20  0305   56098  11100     1.00e-09    3.61e-07
2012 06 20  0306   56098  11160     2.87e-09    3.62e-07
2012 06 20  0307   56098  11220     4.13e-09    3.67e-07
2012 06 20  0308   56098  11280     2.79e-09    3.64e-07
2012 06 20  0309   56098  11340     1.91e-09    3.66e-07
2012 06 20  0310   56098  11400     1.50e-09    3.69e-07
2012 06 20  0311   56098  11460     1.21e-09    3.75e-07
2012 06 20  0312   56098  11520     1.02e-09    3.83e-07
2012 06 20  0313   56098  11580     1.00e-09    3.84e-07
2012 06 20  0314   56098  11640     1.28e-09    3.86e-07
2012 06 20  0315   56098  11700     2.03e-09    3.95e-07
2012 06 20  0316   56098  11760     3.13e-09    3.98e-07
2012 06 20  0317   56098  11820     4.05e-09    4.03e-07
2012 06 20  0318   56098  11880     3.75e-09    4.09e-07
2012 06 20  0319   56098  11940     4.22e-09    4.04e-07
2012 06 20  0320   56098  12000     3.76e-09    3.96e-07
2012 06 20  0321   56098  12060     4.22e-09    3.97e-07
2012 06 20  0322   56098  12120     5.83e-09    3.99e-07
2012 06 20  0323   56098  12180     6.98e-09    4.03e-07
2012 06 20  0324   56098  12240     6.13e-09    4.13e-07
2012 06 20  0325   56098  12300     6.94e-09    4.21e-07
2012 06 20  0326   56098  12360     1.31e-08    4.79e-07
2012 06 20  0327   56098  12420     9.89e-09    4.78e-07
2012 06 20  0328   56098  12480     6.56e-09    4.44e-07
2012 06 20  0329   56098  12540     4.87e-09    4.23e-07
2012 06 20  0330   56098  12600     4.91e-09    4.02e-07
2012 06 20  0331   56098  12660     2.37e-09    3.85e-07
2012 06 20  0332   56098  12720     2.44e-09    3.77e-07
2012 06 20  0333   56098  12780     1.34e-09    3.72e-07
2012 06 20  0334   56098  12840     1.06e-09    3.69e-07
2012 06 20  0335   56098  12900     1.78e-09    3.65e-07
2012 06 20  0336   56098  12960     3.19e-09    3.65e-07
2012 06 20  0337   56098  13020     1.24e-09    3.70e-07
2012 06 20  0338   56098  13080     1.99e-09    3.78e-07
2012 06 20  0339   56098  13140     2.31e-09    3.76e-07
2012 06 20  0340   56098  13200     5.39e-09    3.93e-07
2012 06 20  0341   56098  13260     5.37e-09    4.07e-07
2012 06 20  0342   56098  13320     6.91e-09    4.21e-07
2012 06 20  0343   56098  13380     6.14e-09    4.20e-07
2012 06 20  0344   56098  13440     5.69e-09    4.07e-07
2012 06 20  0345   56098  13500     4.56e-09    3.97e-07
2012 06 20  0346   56098  13560     4.06e-09    3.88e-07
2012 06 20  0347   56098  13620     4.83e-09    3.80e-07
2012 06 20  0348   56098  13680     5.02e-09    3.73e-07
2012 06 20  0349   56098  13740     2.58e-09    3.72e-07
2012 06 20  0350   56098  13800     2.86e-09    3.79e-07
2012 06 20  0351   56098  13860     2.16e-09    3.73e-07
2012 06 20  0352   56098  13920     1.73e-09    3.64e-07
2012 06 20  0353   56098  13980     1.68e-09    3.51e-07
2012 06 20  0354   56098  14040     2.31e-09    3.43e-07
2012 06 20  0355   56098  14100     1.45e-09    3.34e-07
2012 06 20  0356   56098  14160     1.45e-09    3.30e-07
2012 06 20  0357   56098  14220     1.62e-09    3.27e-07
2012 06 20  0358   56098  14280     1.43e-09    3.24e-07
2012 06 20  0359   56098  14340     3.48e-09    3.22e-07
2012 06 20  0400   56098  14400     4.22e-09    3.22e-07
2012 06 20  0401   56098  14460     3.50e-09    3.24e-07
2012 06 20  0402   56098  14520     5.02e-09    3.28e-07
2012 06 20  0403   56098  14580     7.44e-09    3.29e-07
2012 06 20  0404   56098  14640     6.58e-09    3.32e-07
2012 06 20  0405   56098  14700     4.10e-09    3.37e-07
2012 06 20  0406   56098  14760     3.73e-09    3.40e-07
2012 06 20  0407   56098  14820     2.38e-09    3.42e-07
2012 06 20  0408   56098  14880     1.97e-09    3.41e-07
2012 06 20  0409   56098  14940     3.27e-09    3.42e-07
2012 06 20  0410   56098  15000     3.35e-09    3.45e-07
2012 06 20  0411   56098  15060     3.79e-09    3.60e-07
2012 06 20  0412   56098  15120     7.25e-09    3.80e-07
2012 06 20  0413   56098  15180     1.04e-08    4.06e-07
2012 06 20  0414   56098  15240     1.30e-08    4.32e-07
2012 06 20  0415   56098  15300     1.71e-08    4.68e-07
2012 06 20  0416   56098  15360     2.25e-08    5.37e-07
2012 06 20  0417   56098  15420     2.85e-08    6.00e-07
2012 06 20  0418   56098  15480     3.83e-08    6.86e-07
2012 06 20  0419   56098  15540     4.74e-08    7.57e-07
2012 06 20  0420   56098  15600     7.60e-08    9.08e-07
2012 06 20  0421   56098  15660     8.45e-08    1.02e-06
2012 06 20  0422   56098  15720     7.25e-08    1.00e-06
2012 06 20  0423   56098  15780     5.82e-08    9.62e-07
2012 06 20  0424   56098  15840     4.98e-08    9.21e-07
2012 06 20  0425   56098  15900     4.53e-08    8.95e-07
2012 06 20  0426   56098  15960     3.96e-08    8.70e-07
2012 06 20  0427   56098  16020     3.37e-08    8.41e-07
2012 06 20  0428   56098  16080     2.94e-08    8.04e-07
2012 06 20  0429   56098  16140     2.58e-08    7.66e-07
2012 06 20  0430   56098  16200     2.17e-08    7.29e-07
2012 06 20  0431   56098  16260     2.08e-08    6.99e-07
2012 06 20  0432   56098  16320     1.97e-08    6.81e-07
2012 06 20  0433   56098  16380     2.52e-08    6.89e-07
2012 06 20  0434   56098  16440     3.01e-08    6.98e-07
2012 06 20  0435   56098  16500     3.27e-08    7.01e-07
2012 06 20  0436   56098  16560     2.48e-08    6.76e-07
2012 06 20  0437   56098  16620     2.04e-08    6.50e-07
2012 06 20  0438   56098  16680     1.86e-08    6.32e-07
2012 06 20  0439   56098  16740     1.80e-08    6.13e-07
2012 06 20  0440   56098  16800     1.71e-08    5.99e-07
2012 06 20  0441   56098  16860     1.68e-08    5.83e-07
2012 06 20  0442   56098  16920     1.59e-08    5.74e-07
2012 06 20  0443   56098  16980     1.41e-08    5.50e-07
2012 06 20  0444   56098  17040     1.24e-08    5.29e-07
2012 06 20  0445   56098  17100     1.31e-08    5.15e-07
2012 06 20  0446   56098  17160     1.07e-08    4.99e-07
2012 06 20  0447   56098  17220     8.71e-09    4.77e-07
2012 06 20  0448   56098  17280     8.70e-09    4.63e-07
2012 06 20  0449   56098  17340     8.60e-09    4.48e-07
2012 06 20  0450   56098  17400     3.64e-09    4.35e-07
2012 06 20  0451   56098  17460     4.87e-09    4.28e-07
2012 06 20  0452   56098  17520     6.37e-09    4.17e-07
2012 06 20  0453   56098  17580     6.21e-09    3.98e-07
2012 06 20  0454   56098  17640     5.95e-09    3.83e-07
2012 06 20  0455   56098  17700     1.85e-09    3.68e-07
2012 06 20  0456   56098  17760     1.41e-09    3.56e-07
2012 06 20  0457   56098  17820     2.06e-09    3.46e-07
2012 06 20  0458   56098  17880     1.55e-09    3.38e-07
2012 06 20  0459   56098  17940     1.46e-09    3.29e-07
2012 06 20  0500   56098  18000     1.02e-09    3.24e-07
2012 06 20  0501   56098  18060     1.52e-09    3.17e-07
2012 06 20  0502   56098  18120     1.00e-09    3.20e-07
2012 06 20  0503   56098  18180     1.00e-09    3.13e-07
2012 06 20  0504   56098  18240     1.06e-09    3.11e-07
2012 06 20  0505   56098  18300     1.29e-09    3.08e-07
2012 06 20  0506   56098  18360     2.31e-09    3.11e-07
2012 06 20  0507   56098  18420     4.79e-09    3.19e-07
2012 06 20  0508   56098  18480     4.54e-09    3.22e-07
2012 06 20  0509   56098  18540     2.81e-09    3.21e-07
2012 06 20  0510   56098  18600     2.20e-09    3.18e-07
2012 06 20  0511   56098  18660     3.72e-09    3.13e-07
2012 06 20  0512   56098  18720     3.77e-09    3.12e-07
2012 06 20  0513   56098  18780     1.71e-09    3.11e-07
2012 06 20  0514   56098  18840     4.18e-09    3.07e-07
2012 06 20  0515   56098  18900     2.71e-09    3.09e-07
2012 06 20  0516   56098  18960     2.27e-09    3.12e-07
2012 06 20  0517   56098  19020     2.79e-09    3.07e-07
2012 06 20  0518   56098  19080     1.57e-09    3.01e-07
2012 06 20  0519   56098  19140     1.75e-09    2.98e-07
2012 06 20  0520   56098  19200     1.65e-09    2.99e-07
2012 06 20  0521   56098  19260     2.89e-09    2.94e-07
2012 06 20  0522   56098  19320     2.50e-09    2.93e-07
2012 06 20  0523   56098  19380     1.94e-09    2.92e-07
2012 06 20  0524   56098  19440     1.67e-09    2.88e-07
2012 06 20  0525   56098  19500     2.40e-09    2.89e-07
2012 06 20  0526   56098  19560     2.35e-09    2.94e-07
2012 06 20  0527   56098  19620     3.25e-09    3.11e-07
2012 06 20  0528   56098  19680     2.46e-09    3.13e-07
2012 06 20  0529   56098  19740     2.66e-09    3.05e-07
2012 06 20  0530   56098  19800     4.60e-09    3.03e-07
2012 06 20  0531   56098  19860     4.95e-09    3.03e-07
2012 06 20  0532   56098  19920     4.52e-09    3.03e-07
2012 06 20  0533   56098  19980     1.62e-09    3.02e-07
2012 06 20  0534   56098  20040     1.21e-09    2.98e-07
2012 06 20  0535   56098  20100     2.92e-09    2.98e-07
2012 06 20  0536   56098  20160     4.68e-09    2.94e-07
2012 06 20  0537   56098  20220     4.11e-09    3.00e-07
2012 06 20  0538   56098  20280     3.79e-09    3.02e-07
2012 06 20  0539   56098  20340     3.14e-09    3.14e-07
2012 06 20  0540   56098  20400     3.14e-09    3.28e-07
2012 06 20  0541   56098  20460     3.33e-09    3.30e-07
2012 06 20  0542   56098  20520     3.53e-09    3.33e-07
2012 06 20  0543   56098  20580     7.94e-09    3.64e-07
2012 06 20  0544   56098  20640     1.07e-08    3.92e-07
2012 06 20  0545   56098  20700     1.10e-08    4.05e-07
2012 06 20  0546   56098  20760     8.79e-09    3.94e-07
2012 06 20  0547   56098  20820     6.75e-09    3.83e-07
2012 06 20  0548   56098  20880     1.02e-08    3.74e-07
2012 06 20  0549   56098  20940     8.14e-09    3.72e-07
2012 06 20  0550   56098  21000     1.11e-08    3.90e-07
2012 06 20  0551   56098  21060     1.46e-08    4.24e-07
2012 06 20  0552   56098  21120     2.96e-08    5.26e-07
2012 06 20  0553   56098  21180     3.78e-08    6.03e-07
2012 06 20  0554   56098  21240     3.59e-08    6.10e-07
2012 06 20  0555   56098  21300     4.71e-08    6.58e-07
2012 06 20  0556   56098  21360     1.05e-07    8.98e-07
2012 06 20  0557   56098  21420     1.76e-07    1.22e-06
2012 06 20  0558   56098  21480     1.64e-07    1.31e-06
2012 06 20  0559   56098  21540     1.34e-07    1.28e-06
2012 06 20  0600   56098  21600     1.12e-07    1.22e-06
2012 06 20  0601   56098  21660     9.84e-08    1.18e-06
2012 06 20  0602   56098  21720     1.00e-07    1.18e-06
2012 06 20  0603   56098  21780     9.82e-08    1.21e-06
2012 06 20  0604   56098  21840     8.37e-08    1.16e-06
2012 06 20  0605   56098  21900     6.89e-08    1.08e-06
2012 06 20  0606   56098  21960     5.83e-08    1.01e-06
2012 06 20  0607   56098  22020     4.99e-08    9.48e-07
2012 06 20  0608   56098  22080     4.09e-08    8.84e-07
2012 06 20  0609   56098  22140     3.73e-08    8.42e-07
2012 06 20  0610   56098  22200     3.46e-08    8.10e-07
2012 06 20  0611   56098  22260     3.34e-08    7.76e-07
2012 06 20  0612   56098  22320     3.12e-08    7.57e-07
2012 06 20  0613   56098  22380     3.10e-08    7.49e-07
2012 06 20  0614   56098  22440     2.75e-08    7.23e-07
2012 06 20  0615   56098  22500     2.41e-08    6.87e-07
2012 06 20  0616   56098  22560     2.18e-08    6.59e-07
2012 06 20  0617   56098  22620     1.94e-08    6.35e-07
2012 06 20  0618   56098  22680     1.90e-08    6.22e-07
2012 06 20  0619   56098  22740     1.80e-08    6.04e-07
2012 06 20  0620   56098  22800     1.62e-08    5.91e-07
2012 06 20  0621   56098  22860     1.51e-08    5.73e-07
2012 06 20  0622   56098  22920     1.41e-08    5.50e-07
2012 06 20  0623   56098  22980     1.18e-08    5.26e-07
2012 06 20  0624   56098  23040     9.94e-09    5.02e-07
2012 06 20  0625   56098  23100     1.10e-08    4.77e-07
2012 06 20  0626   56098  23160     9.98e-09    4.59e-07
2012 06 20  0627   56098  23220     8.10e-09    4.48e-07
2012 06 20  0628   56098  23280     6.25e-09    4.37e-07
2012 06 20  0629   56098  23340     4.35e-09    4.33e-07
2012 06 20  0630   56098  23400     3.64e-09    4.21e-07
2012 06 20  0631   56098  23460     4.45e-09    4.14e-07
2012 06 20  0632   56098  23520     4.24e-09    4.01e-07
2012 06 20  0633   56098  23580     4.18e-09    3.95e-07
2012 06 20  0634   56098  23640     5.48e-09    4.02e-07
2012 06 20  0635   56098  23700     1.36e-08    4.40e-07
2012 06 20  0636   56098  23760     3.25e-08    5.32e-07
2012 06 20  0637   56098  23820     3.96e-08    5.94e-07
2012 06 20  0638   56098  23880     4.15e-08    6.43e-07
2012 06 20  0639   56098  23940     3.92e-08    6.67e-07
2012 06 20  0640   56098  24000     3.31e-08    6.71e-07
2012 06 20  0641   56098  24060     2.55e-08    6.25e-07
2012 06 20  0642   56098  24120     1.91e-08    5.86e-07
2012 06 20  0643   56098  24180     1.35e-08    5.55e-07
2012 06 20  0644   56098  24240     1.19e-08    5.38e-07
2012 06 20  0645   56098  24300     9.33e-09    5.21e-07
2012 06 20  0646   56098  24360     8.25e-09    4.95e-07
2012 06 20  0647   56098  24420     7.37e-09    4.79e-07
2012 06 20  0648   56098  24480     8.14e-09    4.66e-07
2012 06 20  0649   56098  24540     7.32e-09    4.53e-07
2012 06 20  0650   56098  24600     5.48e-09    4.36e-07
2012 06 20  0651   56098  24660     4.29e-09    4.26e-07
2012 06 20  0652   56098  24720     3.68e-09    4.15e-07
2012 06 20  0653   56098  24780     3.37e-09    4.04e-07
2012 06 20  0654   56098  24840     3.50e-09    3.93e-07
2012 06 20  0655   56098  24900     4.19e-09    3.86e-07
2012 06 20  0656   56098  24960     2.56e-09    3.80e-07
2012 06 20  0657   56098  25020     1.75e-09    3.73e-07
2012 06 20  0658   56098  25080     3.49e-09    3.70e-07
2012 06 20  0659   56098  25140     3.16e-09    3.69e-07
2012 06 20  0700   56098  25200     3.64e-09    3.66e-07
2012 06 20  0701   56098  25260     2.66e-09    3.60e-07
2012 06 20  0702   56098  25320     3.68e-09    3.50e-07
2012 06 20  0703   56098  25380     4.25e-09    3.44e-07
2012 06 20  0704   56098  25440     4.95e-09    3.63e-07
2012 06 20  0705   56098  25500     4.83e-09    3.56e-07
2012 06 20  0706   56098  25560     4.80e-09    3.36e-07
2012 06 20  0707   56098  25620     3.75e-09    3.33e-07
2012 06 20  0708   56098  25680     4.91e-09    3.23e-07
2012 06 20  0709   56098  25740     2.81e-09    3.21e-07
2012 06 20  0710   56098  25800     1.63e-09    3.18e-07
2012 06 20  0711   56098  25860     1.99e-09    3.08e-07
2012 06 20  0712   56098  25920     3.81e-09    3.24e-07
2012 06 20  0713   56098  25980     6.52e-09    3.47e-07
2012 06 20  0714   56098  26040     8.17e-09    3.50e-07
2012 06 20  0715   56098  26100     3.66e-09    3.34e-07
2012 06 20  0716   56098  26160     2.42e-09    3.27e-07
2012 06 20  0717   56098  26220     1.91e-09    3.22e-07
2012 06 20  0718   56098  26280     2.89e-09    3.24e-07
2012 06 20  0719   56098  26340     3.50e-09    3.23e-07
2012 06 20  0720   56098  26400     2.56e-09    3.18e-07
2012 06 20  0721   56098  26460     2.09e-09    3.13e-07
2012 06 20  0722   56098  26520     2.17e-09    3.10e-07
2012 06 20  0723   56098  26580     2.87e-09    3.06e-07
2012 06 20  0724   56098  26640     2.29e-09    3.01e-07
2012 06 20  0725   56098  26700     6.25e-09    3.03e-07
2012 06 20  0726   56098  26760     3.57e-09    3.09e-07
2012 06 20  0727   56098  26820     5.94e-09    3.11e-07
2012 06 20  0728   56098  26880     4.60e-09    3.13e-07
2012 06 20  0729   56098  26940     3.09e-09    3.12e-07
2012 06 20  0730   56098  27000     1.66e-09    3.14e-07
2012 06 20  0731   56098  27060     2.30e-09    3.15e-07
2012 06 20  0732   56098  27120     1.94e-09    3.13e-07
2012 06 20  0733   56098  27180     2.77e-09    3.08e-07
2012 06 20  0734   56098  27240     2.50e-09    3.08e-07
2012 06 20  0735   56098  27300     1.02e-09    3.08e-07
2012 06 20  0736   56098  27360     1.14e-09    3.08e-07
2012 06 20  0737   56098  27420     2.02e-09    3.13e-07
2012 06 20  0738   56098  27480     1.86e-09    3.17e-07
2012 06 20  0739   56098  27540     2.43e-09    3.21e-07
2012 06 20  0740   56098  27600     2.13e-09    3.16e-07
2012 06 20  0741   56098  27660     1.04e-09    3.16e-07
2012 06 20  0742   56098  27720     1.36e-09    3.16e-07
2012 06 20  0743   56098  27780     2.52e-09    3.16e-07
2012 06 20  0744   56098  27840     2.30e-09    3.15e-07
2012 06 20  0745   56098  27900     2.15e-09    3.11e-07
2012 06 20  0746   56098  27960     1.28e-09    3.03e-07
2012 06 20  0747   56098  28020     2.01e-09    3.04e-07
2012 06 20  0748   56098  28080     1.08e-09    2.99e-07
2012 06 20  0749   56098  28140     2.41e-09    3.00e-07
2012 06 20  0750   56098  28200     3.74e-09    3.01e-07
2012 06 20  0751   56098  28260     2.04e-09    3.01e-07
2012 06 20  0752   56098  28320     3.48e-09    2.99e-07
2012 06 20  0753   56098  28380     2.54e-09    2.98e-07
2012 06 20  0754   56098  28440     1.90e-09    2.98e-07
2012 06 20  0755   56098  28500     4.56e-09    3.01e-07
2012 06 20  0756   56098  28560     4.65e-09    2.95e-07
2012 06 20  0757   56098  28620     1.97e-09    2.94e-07
2012 06 20  0758   56098  28680     1.77e-09    3.01e-07
2012 06 20  0759   56098  28740     1.02e-09    2.98e-07
2012 06 20  0800   56098  28800     1.31e-09    2.94e-07
2012 06 20  0801   56098  28860     1.92e-09    2.95e-07
2012 06 20  0802   56098  28920     1.20e-09    2.99e-07
2012 06 20  0803   56098  28980     1.00e-09    2.99e-07
2012 06 20  0804   56098  29040     1.00e-09    2.96e-07
2012 06 20  0805   56098  29100     1.00e-09    2.97e-07
2012 06 20  0806   56098  29160     1.00e-09    2.99e-07
2012 06 20  0807   56098  29220     1.27e-09    3.03e-07
2012 06 20  0808   56098  29280     3.31e-09    3.03e-07
2012 06 20  0809   56098  29340     1.76e-09    3.03e-07
2012 06 20  0810   56098  29400     1.16e-09    3.02e-07
2012 06 20  0811   56098  29460     3.75e-09    3.03e-07
2012 06 20  0812   56098  29520     4.22e-09    3.04e-07
2012 06 20  0813   56098  29580     4.20e-09    3.08e-07
2012 06 20  0814   56098  29640     3.15e-09    3.02e-07
2012 06 20  0815   56098  29700     1.64e-09    3.00e-07
2012 06 20  0816   56098  29760     4.46e-09    3.02e-07
2012 06 20  0817   56098  29820     1.78e-09    3.05e-07
2012 06 20  0818   56098  29880     1.84e-09    2.99e-07
2012 06 20  0819   56098  29940     2.00e-09    2.94e-07
2012 06 20  0820   56098  30000     2.93e-09    2.93e-07
2012 06 20  0821   56098  30060     1.47e-09    2.93e-07
2012 06 20  0822   56098  30120     1.82e-09    2.91e-07
2012 06 20  0823   56098  30180     1.08e-09    2.91e-07
2012 06 20  0824   56098  30240     1.04e-09    2.89e-07
2012 06 20  0825   56098  30300     1.02e-09    2.91e-07
2012 06 20  0826   56098  30360     2.59e-09    2.94e-07
2012 06 20  0827   56098  30420     3.68e-09    2.97e-07
2012 06 20  0828   56098  30480     2.64e-09    3.03e-07
2012 06 20  0829   56098  30540     2.83e-09    3.06e-07
2012 06 20  0830   56098  30600     1.74e-09    3.04e-07
2012 06 20  0831   56098  30660     2.81e-09    3.02e-07
2012 06 20  0832   56098  30720     1.49e-09    3.03e-07
2012 06 20  0833   56098  30780     1.70e-09    3.02e-07
2012 06 20  0834   56098  30840     2.04e-09    3.02e-07
2012 06 20  0835   56098  30900     2.04e-09    2.99e-07
2012 06 20  0836   56098  30960     2.45e-09    2.95e-07
2012 06 20  0837   56098  31020     2.70e-09    2.89e-07
2012 06 20  0838   56098  31080     1.66e-09    2.85e-07
2012 06 20  0839   56098  31140     2.08e-09    2.85e-07
2012 06 20  0840   56098  31200     3.37e-09    2.90e-07
2012 06 20  0841   56098  31260     3.02e-09    2.91e-07
2012 06 20  0842   56098  31320     3.50e-09    2.87e-07
2012 06 20  0843   56098  31380     5.17e-09    2.93e-07
2012 06 20  0844   56098  31440     5.06e-09    2.95e-07
2012 06 20  0845   56098  31500     6.52e-09    2.95e-07
2012 06 20  0846   56098  31560     5.14e-09    2.95e-07
2012 06 20  0847   56098  31620     3.49e-09    2.91e-07
2012 06 20  0848   56098  31680     1.14e-09    2.87e-07
2012 06 20  0849   56098  31740     1.00e-09    2.90e-07
2012 06 20  0850   56098  31800     1.00e-09    2.92e-07
2012 06 20  0851   56098  31860     1.31e-09    2.92e-07
2012 06 20  0852   56098  31920     1.18e-09    2.91e-07
2012 06 20  0853   56098  31980     1.02e-09    2.93e-07
2012 06 20  0854   56098  32040     2.27e-09    3.06e-07
2012 06 20  0855   56098  32100     7.48e-09    3.20e-07
2012 06 20  0856   56098  32160     5.21e-09    3.24e-07
2012 06 20  0857   56098  32220     4.24e-09    3.24e-07
2012 06 20  0858   56098  32280     5.60e-09    3.26e-07
2012 06 20  0859   56098  32340     5.56e-09    3.35e-07
2012 06 20  0900   56098  32400     4.50e-09    3.51e-07
2012 06 20  0901   56098  32460     3.60e-09    3.51e-07
2012 06 20  0902   56098  32520     3.52e-09    3.48e-07
2012 06 20  0903   56098  32580     1.88e-09    3.54e-07
2012 06 20  0904   56098  32640     1.86e-09    3.59e-07
2012 06 20  0905   56098  32700     1.19e-09    3.50e-07
2012 06 20  0906   56098  32760     1.62e-09    3.44e-07
2012 06 20  0907   56098  32820     1.63e-09    3.42e-07
2012 06 20  0908   56098  32880     3.22e-09    3.32e-07
2012 06 20  0909   56098  32940     6.02e-09    3.26e-07
2012 06 20  0910   56098  33000     3.46e-09    3.24e-07
2012 06 20  0911   56098  33060     2.29e-09    3.22e-07
2012 06 20  0912   56098  33120     2.52e-09    3.18e-07
2012 06 20  0913   56098  33180     2.25e-09    3.14e-07
2012 06 20  0914   56098  33240     3.68e-09    3.11e-07
2012 06 20  0915   56098  33300     4.29e-09    3.07e-07
2012 06 20  0916   56098  33360     2.04e-09    3.05e-07
2012 06 20  0917   56098  33420     2.12e-09    3.07e-07
2012 06 20  0918   56098  33480     2.50e-09    3.17e-07
2012 06 20  0919   56098  33540     4.71e-09    3.51e-07
2012 06 20  0920   56098  33600     5.32e-09    3.65e-07
2012 06 20  0921   56098  33660     4.48e-09    3.64e-07
2012 06 20  0922   56098  33720     4.33e-09    3.52e-07
2012 06 20  0923   56098  33780     1.42e-09    3.35e-07
2012 06 20  0924   56098  33840     1.99e-09    3.29e-07
2012 06 20  0925   56098  33900     2.95e-09    3.29e-07
2012 06 20  0926   56098  33960     4.00e-09    3.22e-07
2012 06 20  0927   56098  34020     2.12e-09    3.20e-07
2012 06 20  0928   56098  34080     2.43e-09    3.12e-07
2012 06 20  0929   56098  34140     2.71e-09    3.10e-07
2012 06 20  0930   56098  34200     2.61e-09    3.08e-07
2012 06 20  0931   56098  34260     2.95e-09    3.07e-07
2012 06 20  0932   56098  34320     1.72e-09    3.11e-07
2012 06 20  0933   56098  34380     3.04e-09    3.27e-07
2012 06 20  0934   56098  34440     4.54e-09    3.39e-07
2012 06 20  0935   56098  34500     4.33e-09    3.39e-07
2012 06 20  0936   56098  34560     3.87e-09    3.41e-07
2012 06 20  0937   56098  34620     3.03e-09    3.38e-07
2012 06 20  0938   56098  34680     4.98e-09    3.32e-07
2012 06 20  0939   56098  34740     4.98e-09    3.31e-07
2012 06 20  0940   56098  34800     2.83e-09    3.33e-07
2012 06 20  0941   56098  34860     2.94e-09    3.32e-07
2012 06 20  0942   56098  34920     2.44e-09    3.27e-07
2012 06 20  0943   56098  34980     4.18e-09    3.24e-07
2012 06 20  0944   56098  35040     3.94e-09    3.21e-07
2012 06 20  0945   56098  35100     2.83e-09    3.20e-07
2012 06 20  0946   56098  35160     3.45e-09    3.19e-07
2012 06 20  0947   56098  35220     1.98e-09    3.22e-07
2012 06 20  0948   56098  35280     1.71e-09    3.20e-07
2012 06 20  0949   56098  35340     1.19e-09    3.11e-07
2012 06 20  0950   56098  35400     1.24e-09    3.08e-07
2012 06 20  0951   56098  35460     1.94e-09    3.08e-07
2012 06 20  0952   56098  35520     2.15e-09    3.10e-07
2012 06 20  0953   56098  35580     2.77e-09    3.07e-07
2012 06 20  0954   56098  35640     4.24e-09    3.04e-07
2012 06 20  0955   56098  35700     5.21e-09    3.03e-07
2012 06 20  0956   56098  35760     6.64e-09    3.07e-07
2012 06 20  0957   56098  35820     6.62e-09    3.01e-07
2012 06 20  0958   56098  35880     7.60e-09    2.98e-07
2012 06 20  0959   56098  35940     6.83e-09    2.98e-07
2012 06 20  1000   56098  36000     4.37e-09    2.98e-07
2012 06 20  1001   56098  36060     4.69e-09    2.98e-07
2012 06 20  1002   56098  36120     5.56e-09    2.99e-07
2012 06 20  1003   56098  36180     4.75e-09    3.01e-07
2012 06 20  1004   56098  36240     6.62e-09    3.00e-07
2012 06 20  1005   56098  36300     3.73e-09    3.00e-07
2012 06 20  1006   56098  36360     2.15e-09    3.04e-07
2012 06 20  1007   56098  36420     1.70e-09    3.04e-07
2012 06 20  1008   56098  36480     2.56e-09    3.11e-07
2012 06 20  1009   56098  36540     2.93e-09    3.24e-07
2012 06 20  1010   56098  36600     2.73e-09    3.38e-07
2012 06 20  1011   56098  36660     3.83e-09    3.44e-07
2012 06 20  1012   56098  36720     4.68e-09    3.53e-07
2012 06 20  1013   56098  36780     4.25e-09    3.53e-07
2012 06 20  1014   56098  36840     4.02e-09    3.52e-07
2012 06 20  1015   56098  36900     4.91e-09    3.51e-07
2012 06 20  1016   56098  36960     6.56e-09    3.51e-07
2012 06 20  1017   56098  37020     4.45e-09    3.47e-07
2012 06 20  1018   56098  37080     5.80e-09    3.47e-07
2012 06 20  1019   56098  37140     3.98e-09    3.38e-07
2012 06 20  1020   56098  37200     2.47e-09    3.31e-07
2012 06 20  1021   56098  37260     1.85e-09    3.25e-07
2012 06 20  1022   56098  37320     1.62e-09    3.22e-07
2012 06 20  1023   56098  37380     2.70e-09    3.27e-07
2012 06 20  1024   56098  37440     4.57e-09    3.31e-07
2012 06 20  1025   56098  37500     2.42e-09    3.33e-07
2012 06 20  1026   56098  37560     3.98e-09    3.37e-07
2012 06 20  1027   56098  37620     3.10e-09    3.52e-07
2012 06 20  1028   56098  37680     4.31e-09    3.53e-07
2012 06 20  1029   56098  37740     4.79e-09    3.56e-07
2012 06 20  1030   56098  37800     4.98e-09    3.63e-07
2012 06 20  1031   56098  37860     5.24e-09    3.82e-07
2012 06 20  1032   56098  37920     5.71e-09    4.00e-07
2012 06 20  1033   56098  37980     9.71e-09    4.18e-07
2012 06 20  1034   56098  38040     1.77e-08    4.75e-07
2012 06 20  1035   56098  38100     1.97e-08    5.09e-07
2012 06 20  1036   56098  38160     1.72e-08    5.11e-07
2012 06 20  1037   56098  38220     1.63e-08    5.12e-07
2012 06 20  1038   56098  38280     1.45e-08    5.09e-07
2012 06 20  1039   56098  38340     1.18e-08    4.95e-07
2012 06 20  1040   56098  38400     1.00e-08    4.84e-07
2012 06 20  1041   56098  38460     1.00e-08    4.79e-07
2012 06 20  1042   56098  38520     1.27e-08    4.72e-07
2012 06 20  1043   56098  38580     1.01e-08    4.76e-07
2012 06 20  1044   56098  38640     1.18e-08    4.87e-07
2012 06 20  1045   56098  38700     1.23e-08    4.93e-07
2012 06 20  1046   56098  38760     1.17e-08    4.89e-07
2012 06 20  1047   56098  38820     1.24e-08    4.87e-07
2012 06 20  1048   56098  38880     1.40e-08    4.87e-07
2012 06 20  1049   56098  38940     1.27e-08    4.84e-07
2012 06 20  1050   56098  39000     1.14e-08    4.85e-07
2012 06 20  1051   56098  39060     1.19e-08    4.89e-07
2012 06 20  1052   56098  39120     1.10e-08    4.87e-07
2012 06 20  1053   56098  39180     1.02e-08    4.88e-07
2012 06 20  1054   56098  39240     1.01e-08    4.85e-07
2012 06 20  1055   56098  39300     8.36e-09    4.84e-07
2012 06 20  1056   56098  39360     9.44e-09    4.89e-07
2012 06 20  1057   56098  39420     1.23e-08    5.09e-07
2012 06 20  1058   56098  39480     1.35e-08    5.30e-07
2012 06 20  1059   56098  39540     1.42e-08    5.45e-07
2012 06 20  1100   56098  39600     1.66e-08    5.74e-07
2012 06 20  1101   56098  39660     2.59e-08    6.48e-07
2012 06 20  1102   56098  39720     5.98e-08    8.60e-07
2012 06 20  1103   56098  39780     1.02e-07    1.16e-06
2012 06 20  1104   56098  39840     1.16e-07    1.37e-06
2012 06 20  1105   56098  39900     1.12e-07    1.46e-06
2012 06 20  1106   56098  39960     1.07e-07    1.52e-06
2012 06 20  1107   56098  40020     9.84e-08    1.53e-06
2012 06 20  1108   56098  40080     9.23e-08    1.53e-06
2012 06 20  1109   56098  40140     8.21e-08    1.49e-06
2012 06 20  1110   56098  40200     7.21e-08    1.44e-06
2012 06 20  1111   56098  40260     6.55e-08    1.40e-06
2012 06 20  1112   56098  40320     5.98e-08    1.35e-06
2012 06 20  1113   56098  40380     5.72e-08    1.31e-06
2012 06 20  1114   56098  40440     5.04e-08    1.27e-06
2012 06 20  1115   56098  40500     4.73e-08    1.22e-06
2012 06 20  1116   56098  40560     4.78e-08    1.17e-06
2012 06 20  1117   56098  40620     4.36e-08    1.13e-06
2012 06 20  1118   56098  40680     4.09e-08    1.10e-06
2012 06 20  1119   56098  40740     4.23e-08    1.09e-06
2012 06 20  1120   56098  40800     4.23e-08    1.10e-06
2012 06 20  1121   56098  40860     4.09e-08    1.10e-06
2012 06 20  1122   56098  40920     4.50e-08    1.10e-06
2012 06 20  1123   56098  40980     4.49e-08    1.08e-06
2012 06 20  1124   56098  41040     4.13e-08    1.05e-06
2012 06 20  1125   56098  41100     3.83e-08    1.02e-06
2012 06 20  1126   56098  41160     3.61e-08    9.87e-07
2012 06 20  1127   56098  41220     3.17e-08    9.45e-07
2012 06 20  1128   56098  41280     2.52e-08    8.96e-07
2012 06 20  1129   56098  41340     2.22e-08    8.49e-07
2012 06 20  1130   56098  41400     1.95e-08    8.05e-07
2012 06 20  1131   56098  41460     1.97e-08    7.76e-07
2012 06 20  1132   56098  41520     1.69e-08    7.44e-07
2012 06 20  1133   56098  41580     1.54e-08    7.11e-07
2012 06 20  1134   56098  41640     1.57e-08    6.85e-07
2012 06 20  1135   56098  41700     1.32e-08    6.62e-07
2012 06 20  1136   56098  41760     1.32e-08    6.48e-07
2012 06 20  1137   56098  41820     1.18e-08    6.31e-07
2012 06 20  1138   56098  41880     1.10e-08    6.08e-07
2012 06 20  1139   56098  41940     9.75e-09    5.83e-07
2012 06 20  1140   56098  42000     9.40e-09    5.70e-07
2012 06 20  1141   56098  42060     1.13e-08    5.50e-07
2012 06 20  1142   56098  42120     1.23e-08    5.28e-07
2012 06 20  1143   56098  42180     1.06e-08    5.16e-07
2012 06 20  1144   56098  42240     8.90e-09    5.04e-07
2012 06 20  1145   56098  42300     6.47e-09    4.89e-07
2012 06 20  1146   56098  42360     6.98e-09    4.74e-07
2012 06 20  1147   56098  42420     9.21e-09    4.62e-07
2012 06 20  1148   56098  42480     9.29e-09    4.54e-07
2012 06 20  1149   56098  42540     7.87e-09    4.47e-07
2012 06 20  1150   56098  42600     6.87e-09    4.43e-07
2012 06 20  1151   56098  42660     8.52e-09    4.42e-07
2012 06 20  1152   56098  42720     1.07e-08    4.39e-07
2012 06 20  1153   56098  42780     7.37e-09    4.35e-07
2012 06 20  1154   56098  42840     7.94e-09    4.36e-07
2012 06 20  1155   56098  42900     1.10e-08    4.33e-07
2012 06 20  1156   56098  42960     1.16e-08    4.27e-07
2012 06 20  1157   56098  43020     1.18e-08    4.26e-07
2012 06 20  1158   56098  43080     1.19e-08    4.26e-07
2012 06 20  1159   56098  43140     1.07e-08    4.25e-07
2012 06 20  1200   56098  43200     8.29e-09    4.20e-07
2012 06 20  1201   56098  43260     5.64e-09    4.13e-07
2012 06 20  1202   56098  43320     5.54e-09    4.07e-07
2012 06 20  1203   56098  43380     6.14e-09    4.03e-07
2012 06 20  1204   56098  43440     6.10e-09    3.92e-07
2012 06 20  1205   56098  43500     5.54e-09    3.86e-07
2012 06 20  1206   56098  43560     5.02e-09    3.85e-07
2012 06 20  1207   56098  43620     4.79e-09    3.77e-07
2012 06 20  1208   56098  43680     5.56e-09    3.66e-07
2012 06 20  1209   56098  43740     5.06e-09    3.63e-07
2012 06 20  1210   56098  43800     3.85e-09    3.52e-07
2012 06 20  1211   56098  43860     5.37e-09    3.46e-07
2012 06 20  1212   56098  43920     3.39e-09    3.41e-07
2012 06 20  1213   56098  43980     2.99e-09    3.36e-07
2012 06 20  1214   56098  44040     4.56e-09    3.31e-07
2012 06 20  1215   56098  44100     3.31e-09    3.30e-07
2012 06 20  1216   56098  44160     1.85e-09    3.25e-07
2012 06 20  1217   56098  44220     2.56e-09    3.18e-07
2012 06 20  1218   56098  44280     3.02e-09    3.15e-07
2012 06 20  1219   56098  44340     3.61e-09    3.11e-07
2012 06 20  1220   56098  44400     5.87e-09    3.11e-07
2012 06 20  1221   56098  44460     5.68e-09    3.12e-07
2012 06 20  1222   56098  44520     5.80e-09    3.10e-07
2012 06 20  1223   56098  44580     7.33e-09    3.09e-07
2012 06 20  1224   56098  44640     6.52e-09    3.07e-07
2012 06 20  1225   56098  44700     3.77e-09    3.08e-07
2012 06 20  1226   56098  44760     5.14e-09    3.06e-07
2012 06 20  1227   56098  44820     3.16e-09    3.06e-07
2012 06 20  1228   56098  44880     5.91e-09    3.06e-07
2012 06 20  1229   56098  44940     4.57e-09    3.07e-07
2012 06 20  1230   56098  45000     3.93e-09    3.04e-07
2012 06 20  1231   56098  45060     2.18e-09    3.06e-07
2012 06 20  1232   56098  45120     1.89e-09    3.08e-07
2012 06 20  1233   56098  45180     2.53e-09    3.03e-07
2012 06 20  1234   56098  45240     1.88e-09    3.04e-07
2012 06 20  1235   56098  45300     1.14e-09    3.00e-07
2012 06 20  1236   56098  45360     1.06e-09    3.03e-07
2012 06 20  1237   56098  45420     1.00e-09    3.02e-07
2012 06 20  1238   56098  45480     1.12e-09    2.99e-07
2012 06 20  1239   56098  45540     1.14e-09    2.96e-07
2012 06 20  1240   56098  45600     1.63e-09    2.99e-07
2012 06 20  1241   56098  45660     3.77e-09    3.00e-07
2012 06 20  1242   56098  45720     2.94e-09    2.99e-07
2012 06 20  1243   56098  45780     3.83e-09    3.00e-07
2012 06 20  1244   56098  45840     2.31e-09    3.03e-07
2012 06 20  1245   56098  45900     2.85e-09    3.01e-07
2012 06 20  1246   56098  45960     4.07e-09    3.00e-07
2012 06 20  1247   56098  46020     3.68e-09    3.00e-07
2012 06 20  1248   56098  46080     3.83e-09    2.98e-07
2012 06 20  1249   56098  46140     3.50e-09    2.96e-07
2012 06 20  1250   56098  46200     3.12e-09    2.95e-07
2012 06 20  1251   56098  46260     2.66e-09    2.94e-07
2012 06 20  1252   56098  46320     2.27e-09    2.93e-07
2012 06 20  1253   56098  46380     3.54e-09    2.92e-07
2012 06 20  1254   56098  46440     3.02e-09    2.94e-07
2012 06 20  1255   56098  46500     3.35e-09    2.97e-07
2012 06 20  1256   56098  46560     5.54e-09    3.02e-07
2012 06 20  1257   56098  46620     5.91e-09    3.07e-07
2012 06 20  1258   56098  46680     5.29e-09    3.12e-07
2012 06 20  1259   56098  46740     8.29e-09    3.17e-07
2012 06 20  1300   56098  46800     8.79e-09    3.12e-07
2012 06 20  1301   56098  46860     7.29e-09    3.09e-07
2012 06 20  1302   56098  46920     5.54e-09    3.13e-07
2012 06 20  1303   56098  46980     5.14e-09    3.13e-07
2012 06 20  1304   56098  47040     6.71e-09    3.13e-07
2012 06 20  1305   56098  47100     6.02e-09    3.07e-07
2012 06 20  1306   56098  47160     5.73e-09    3.06e-07
2012 06 20  1307   56098  47220     3.87e-09    3.11e-07
2012 06 20  1308   56098  47280     3.52e-09    3.13e-07
2012 06 20  1309   56098  47340     4.17e-09    3.09e-07
2012 06 20  1310   56098  47400     3.41e-09    3.14e-07
2012 06 20  1311   56098  47460     4.33e-09    3.17e-07
2012 06 20  1312   56098  47520     5.76e-09    3.38e-07
2012 06 20  1313   56098  47580     5.64e-09    3.36e-07
2012 06 20  1314   56098  47640     6.67e-09    3.39e-07
2012 06 20  1315   56098  47700     6.25e-09    3.36e-07
2012 06 20  1316   56098  47760     5.39e-09    3.33e-07
2012 06 20  1317   56098  47820     5.91e-09    3.27e-07
2012 06 20  1318   56098  47880     5.79e-09    3.25e-07
2012 06 20  1319   56098  47940     5.65e-09    3.18e-07
2012 06 20  1320   56098  48000     6.41e-09    3.13e-07
2012 06 20  1321   56098  48060     5.94e-09    3.14e-07
2012 06 20  1322   56098  48120     5.14e-09    3.13e-07
2012 06 20  1323   56098  48180     5.02e-09    3.05e-07
2012 06 20  1324   56098  48240     5.91e-09    3.03e-07
2012 06 20  1325   56098  48300     3.89e-09    3.01e-07
2012 06 20  1326   56098  48360     2.21e-09    3.01e-07
2012 06 20  1327   56098  48420     2.73e-09    3.05e-07
2012 06 20  1328   56098  48480     4.98e-09    3.01e-07
2012 06 20  1329   56098  48540     3.91e-09    3.01e-07
2012 06 20  1330   56098  48600     3.98e-09    3.01e-07
2012 06 20  1331   56098  48660     7.10e-09    3.04e-07
2012 06 20  1332   56098  48720     5.10e-09    3.09e-07
2012 06 20  1333   56098  48780     4.39e-09    3.09e-07
2012 06 20  1334   56098  48840     4.33e-09    3.08e-07
2012 06 20  1335   56098  48900     3.72e-09    3.08e-07
2012 06 20  1336   56098  48960     3.46e-09    3.04e-07
2012 06 20  1337   56098  49020     4.37e-09    3.08e-07
2012 06 20  1338   56098  49080     6.75e-09    3.10e-07
2012 06 20  1339   56098  49140     4.80e-09    3.13e-07
2012 06 20  1340   56098  49200     3.10e-09    3.11e-07
2012 06 20  1341   56098  49260     3.52e-09    3.06e-07
2012 06 20  1342   56098  49320     3.87e-09    3.03e-07
2012 06 20  1343   56098  49380     6.36e-09    3.02e-07
2012 06 20  1344   56098  49440     5.68e-09    3.02e-07
2012 06 20  1345   56098  49500     5.75e-09    2.99e-07
2012 06 20  1346   56098  49560     5.47e-09    2.98e-07
2012 06 20  1347   56098  49620     6.33e-09    2.98e-07
2012 06 20  1348   56098  49680     8.75e-09    3.03e-07
2012 06 20  1349   56098  49740     7.36e-09    3.03e-07
2012 06 20  1350   56098  49800     5.98e-09    3.05e-07
2012 06 20  1351   56098  49860     5.06e-09    3.05e-07
2012 06 20  1352   56098  49920     8.67e-09    3.03e-07
2012 06 20  1353   56098  49980     3.76e-09    3.02e-07
2012 06 20  1354   56098  50040     6.83e-09    3.00e-07
2012 06 20  1355   56098  50100     5.79e-09    3.04e-07
2012 06 20  1356   56098  50160     3.94e-09    3.10e-07
2012 06 20  1357   56098  50220     2.95e-09    3.19e-07
2012 06 20  1358   56098  50280     4.22e-09    3.27e-07
2012 06 20  1359   56098  50340     4.37e-09    3.25e-07
2012 06 20  1400   56098  50400     5.09e-09    3.23e-07
2012 06 20  1401   56098  50460     3.91e-09    3.22e-07
2012 06 20  1402   56098  50520     2.71e-09    3.22e-07
2012 06 20  1403   56098  50580     1.93e-09    3.29e-07
2012 06 20  1404   56098  50640     2.01e-09    3.30e-07
2012 06 20  1405   56098  50700     1.96e-09    3.33e-07
2012 06 20  1406   56098  50760     2.05e-09    3.29e-07
2012 06 20  1407   56098  50820     3.06e-09    3.25e-07
2012 06 20  1408   56098  50880     1.99e-09    3.20e-07
2012 06 20  1409   56098  50940     2.27e-09    3.15e-07
2012 06 20  1410   56098  51000     3.98e-09    3.14e-07
2012 06 20  1411   56098  51060     4.41e-09    3.14e-07
2012 06 20  1412   56098  51120     3.39e-09    3.12e-07
2012 06 20  1413   56098  51180     5.09e-09    3.11e-07
2012 06 20  1414   56098  51240     3.49e-09    3.09e-07
2012 06 20  1415   56098  51300     2.04e-09    3.06e-07
2012 06 20  1416   56098  51360     1.20e-09    3.06e-07
2012 06 20  1417   56098  51420     1.27e-09    3.07e-07
2012 06 20  1418   56098  51480     3.68e-09    3.11e-07
2012 06 20  1419   56098  51540     3.22e-09    3.20e-07
2012 06 20  1420   56098  51600     4.13e-09    3.27e-07
2012 06 20  1421   56098  51660     4.06e-09    3.32e-07
2012 06 20  1422   56098  51720     3.98e-09    3.32e-07
2012 06 20  1423   56098  51780     3.31e-09    3.35e-07
2012 06 20  1424   56098  51840     3.25e-09    3.34e-07
2012 06 20  1425   56098  51900     3.12e-09    3.34e-07
2012 06 20  1426   56098  51960     3.07e-09    3.30e-07
2012 06 20  1427   56098  52020     1.57e-09    3.30e-07
2012 06 20  1428   56098  52080     2.34e-09    3.28e-07
2012 06 20  1429   56098  52140     1.55e-09    3.28e-07
2012 06 20  1430   56098  52200     2.19e-09    3.27e-07
2012 06 20  1431   56098  52260     2.95e-09    3.20e-07
2012 06 20  1432   56098  52320     3.49e-09    3.18e-07
2012 06 20  1433   56098  52380     2.90e-09    3.16e-07
2012 06 20  1434   56098  52440     4.79e-09    3.14e-07
2012 06 20  1435   56098  52500     2.72e-09    3.13e-07
2012 06 20  1436   56098  52560     1.96e-09    3.15e-07
2012 06 20  1437   56098  52620     1.76e-09    3.16e-07
2012 06 20  1438   56098  52680     2.56e-09    3.14e-07
2012 06 20  1439   56098  52740     2.91e-09    3.20e-07
2012 06 20  1440   56098  52800     3.46e-09    3.21e-07
2012 06 20  1441   56098  52860     2.75e-09    3.19e-07
2012 06 20  1442   56098  52920     5.48e-09    3.17e-07
2012 06 20  1443   56098  52980     3.65e-09    3.15e-07
2012 06 20  1444   56098  53040     2.64e-09    3.13e-07
2012 06 20  1445   56098  53100     3.39e-09    3.14e-07
2012 06 20  1446   56098  53160     1.82e-09    3.12e-07
2012 06 20  1447   56098  53220     1.93e-09    3.11e-07
2012 06 20  1448   56098  53280     1.70e-09    3.12e-07
2012 06 20  1449   56098  53340     2.77e-09    3.11e-07
2012 06 20  1450   56098  53400     3.74e-09    3.16e-07
2012 06 20  1451   56098  53460     2.75e-09    3.19e-07
2012 06 20  1452   56098  53520     4.22e-09    3.15e-07
2012 06 20  1453   56098  53580     2.36e-09    3.16e-07
2012 06 20  1454   56098  53640     1.32e-09    3.14e-07
2012 06 20  1455   56098  53700     2.44e-09    3.20e-07
2012 06 20  1456   56098  53760     2.87e-09    3.24e-07
2012 06 20  1457   56098  53820     1.27e-09    3.24e-07
2012 06 20  1458   56098  53880     3.23e-09    3.25e-07
2012 06 20  1459   56098  53940     3.23e-09    3.25e-07
2012 06 20  1500   56098  54000     6.51e-09    3.25e-07
2012 06 20  1501   56098  54060     5.06e-09    3.24e-07
2012 06 20  1502   56098  54120     4.64e-09    3.28e-07
2012 06 20  1503   56098  54180     3.94e-09    3.38e-07
2012 06 20  1504   56098  54240     4.10e-09    3.40e-07
2012 06 20  1505   56098  54300     4.02e-09    3.40e-07
2012 06 20  1506   56098  54360     4.14e-09    3.43e-07
2012 06 20  1507   56098  54420     5.17e-09    3.46e-07
2012 06 20  1508   56098  54480     4.14e-09    3.44e-07
2012 06 20  1509   56098  54540     2.47e-09    3.45e-07
2012 06 20  1510   56098  54600     2.64e-09    3.37e-07
2012 06 20  1511   56098  54660     3.15e-09    3.35e-07
2012 06 20  1512   56098  54720     6.79e-09    3.36e-07
2012 06 20  1513   56098  54780     4.60e-09    3.38e-07
2012 06 20  1514   56098  54840     4.24e-09    3.38e-07
2012 06 20  1515   56098  54900     5.41e-09    3.39e-07
2012 06 20  1516   56098  54960     4.87e-09    3.43e-07
2012 06 20  1517   56098  55020     3.87e-09    3.44e-07
2012 06 20  1518   56098  55080     3.02e-09    3.43e-07
2012 06 20  1519   56098  55140     1.57e-09    3.38e-07
2012 06 20  1520   56098  55200     3.48e-09    3.39e-07
2012 06 20  1521   56098  55260     3.68e-09    3.34e-07
2012 06 20  1522   56098  55320     3.64e-09    3.32e-07
2012 06 20  1523   56098  55380     4.06e-09    3.30e-07
2012 06 20  1524   56098  55440     4.76e-09    3.30e-07
2012 06 20  1525   56098  55500     4.22e-09    3.26e-07
2012 06 20  1526   56098  55560     4.29e-09    3.29e-07
2012 06 20  1527   56098  55620     3.27e-09    3.32e-07
2012 06 20  1528   56098  55680     3.02e-09    3.43e-07
2012 06 20  1529   56098  55740     3.79e-09    3.49e-07
2012 06 20  1530   56098  55800     3.65e-09    3.44e-07
2012 06 20  1531   56098  55860     2.96e-09    3.37e-07
2012 06 20  1532   56098  55920     2.79e-09    3.28e-07
2012 06 20  1533   56098  55980     4.79e-09    3.24e-07
2012 06 20  1534   56098  56040     6.73e-09    3.22e-07
2012 06 20  1535   56098  56100     3.75e-09    3.27e-07
2012 06 20  1536   56098  56160     3.64e-09    3.28e-07
2012 06 20  1537   56098  56220     4.13e-09    3.23e-07
2012 06 20  1538   56098  56280     2.56e-09    3.23e-07
2012 06 20  1539   56098  56340     1.73e-09    3.23e-07
2012 06 20  1540   56098  56400     2.71e-09    3.27e-07
2012 06 20  1541   56098  56460     3.29e-09    3.32e-07
2012 06 20  1542   56098  56520     3.49e-09    3.37e-07
2012 06 20  1543   56098  56580     5.18e-09    3.44e-07
2012 06 20  1544   56098  56640     4.76e-09    3.53e-07
2012 06 20  1545   56098  56700     5.79e-09    3.70e-07
2012 06 20  1546   56098  56760     6.75e-09    3.99e-07
2012 06 20  1547   56098  56820     1.70e-08    4.64e-07
2012 06 20  1548   56098  56880     2.93e-08    5.63e-07
2012 06 20  1549   56098  56940     3.45e-08    6.42e-07
2012 06 20  1550   56098  57000     3.33e-08    6.63e-07
2012 06 20  1551   56098  57060     2.73e-08    6.68e-07
2012 06 20  1552   56098  57120     2.92e-08    7.20e-07
2012 06 20  1553   56098  57180     3.22e-08    7.83e-07
2012 06 20  1554   56098  57240     2.68e-08    7.44e-07
2012 06 20  1555   56098  57300     2.41e-08    7.18e-07
2012 06 20  1556   56098  57360     1.97e-08    6.81e-07
2012 06 20  1557   56098  57420     1.96e-08    6.76e-07
2012 06 20  1558   56098  57480     1.58e-08    6.35e-07
2012 06 20  1559   56098  57540     1.34e-08    5.86e-07
2012 06 20  1600   56098  57600     1.20e-08    5.57e-07
2012 06 20  1601   56098  57660     1.32e-08    5.39e-07
2012 06 20  1602   56098  57720     1.37e-08    5.35e-07
2012 06 20  1603   56098  57780     1.32e-08    5.27e-07
2012 06 20  1604   56098  57840     1.37e-08    5.18e-07
2012 06 20  1605   56098  57900     1.21e-08    5.16e-07
2012 06 20  1606   56098  57960     1.02e-08    5.14e-07
2012 06 20  1607   56098  58020     1.03e-08    5.12e-07
2012 06 20  1608   56098  58080     1.02e-08    5.14e-07
2012 06 20  1609   56098  58140     1.02e-08    5.12e-07
2012 06 20  1610   56098  58200     1.09e-08    5.13e-07
2012 06 20  1611   56098  58260     1.18e-08    5.18e-07
2012 06 20  1612   56098  58320     1.04e-08    5.23e-07
2012 06 20  1613   56098  58380     1.02e-08    5.36e-07
2012 06 20  1614   56098  58440     1.45e-08    5.61e-07
2012 06 20  1615   56098  58500     1.88e-08    6.18e-07
2012 06 20  1616   56098  58560     3.15e-08    7.18e-07
2012 06 20  1617   56098  58620     4.94e-08    8.72e-07
2012 06 20  1618   56098  58680     7.09e-08    1.05e-06
2012 06 20  1619   56098  58740     9.55e-08    1.24e-06
2012 06 20  1620   56098  58800     1.37e-07    1.54e-06
2012 06 20  1621   56098  58860     2.03e-07    1.99e-06
2012 06 20  1622   56098  58920     2.29e-07    2.28e-06
2012 06 20  1623   56098  58980     2.30e-07    2.44e-06
2012 06 20  1624   56098  59040     2.60e-07    2.66e-06
2012 06 20  1625   56098  59100     2.80e-07    2.84e-06
2012 06 20  1626   56098  59160     2.93e-07    2.98e-06
2012 06 20  1627   56098  59220     3.01e-07    3.10e-06
2012 06 20  1628   56098  59280     2.88e-07    3.14e-06
2012 06 20  1629   56098  59340     2.54e-07    3.06e-06
2012 06 20  1630   56098  59400     2.12e-07    2.89e-06
2012 06 20  1631   56098  59460     1.80e-07    2.68e-06
2012 06 20  1632   56098  59520     1.50e-07    2.46e-06
2012 06 20  1633   56098  59580     1.31e-07    2.26e-06
2012 06 20  1634   56098  59640     1.16e-07    2.10e-06
2012 06 20  1635   56098  59700     1.05e-07    1.97e-06
2012 06 20  1636   56098  59760     9.57e-08    1.86e-06
2012 06 20  1637   56098  59820     8.87e-08    1.78e-06
2012 06 20  1638   56098  59880     8.29e-08    1.71e-06
2012 06 20  1639   56098  59940     7.63e-08    1.65e-06
2012 06 20  1640   56098  60000     7.16e-08    1.59e-06
2012 06 20  1641   56098  60060     6.71e-08    1.52e-06
2012 06 20  1642   56098  60120     6.17e-08    1.46e-06
2012 06 20  1643   56098  60180     5.70e-08    1.40e-06
2012 06 20  1644   56098  60240     5.23e-08    1.34e-06
2012 06 20  1645   56098  60300     4.79e-08    1.29e-06
2012 06 20  1646   56098  60360     4.16e-08    1.24e-06
2012 06 20  1647   56098  60420     3.71e-08    1.18e-06
2012 06 20  1648   56098  60480     3.51e-08    1.13e-06
2012 06 20  1649   56098  60540     3.42e-08    1.08e-06
2012 06 20  1650   56098  60600     3.08e-08    1.04e-06
2012 06 20  1651   56098  60660     2.86e-08    1.00e-06
2012 06 20  1652   56098  60720     2.65e-08    9.56e-07
2012 06 20  1653   56098  60780     2.37e-08    9.18e-07
2012 06 20  1654   56098  60840     2.23e-08    8.86e-07
2012 06 20  1655   56098  60900     2.04e-08    8.55e-07
2012 06 20  1656   56098  60960     2.01e-08    8.29e-07
2012 06 20  1657   56098  61020     1.95e-08    8.03e-07
2012 06 20  1658   56098  61080     1.95e-08    7.81e-07
2012 06 20  1659   56098  61140     1.61e-08    7.65e-07
2012 06 20  1700   56098  61200     1.60e-08    7.41e-07
2012 06 20  1701   56098  61260     1.66e-08    7.21e-07
2012 06 20  1702   56098  61320     1.36e-08    7.02e-07
2012 06 20  1703   56098  61380     1.46e-08    6.86e-07
2012 06 20  1704   56098  61440     1.40e-08    6.75e-07
2012 06 20  1705   56098  61500     1.33e-08    6.53e-07
2012 06 20  1706   56098  61560     1.23e-08    6.34e-07
2012 06 20  1707   56098  61620     1.19e-08    6.10e-07
2012 06 20  1708   56098  61680     1.15e-08    5.96e-07
2012 06 20  1709   56098  61740     1.12e-08    5.82e-07
2012 06 20  1710   56098  61800     1.03e-08    5.66e-07
2012 06 20  1711   56098  61860     8.99e-09    5.46e-07
2012 06 20  1712   56098  61920     9.52e-09    5.29e-07
2012 06 20  1713   56098  61980     9.90e-09    5.17e-07
2012 06 20  1714   56098  62040     1.10e-08    5.03e-07
2012 06 20  1715   56098  62100     9.29e-09    4.96e-07
2012 06 20  1716   56098  62160     7.21e-09    4.82e-07
2012 06 20  1717   56098  62220     7.64e-09    4.71e-07
2012 06 20  1718   56098  62280     6.28e-09    4.69e-07
2012 06 20  1719   56098  62340     6.52e-09    4.59e-07
2012 06 20  1720   56098  62400     2.70e-09    4.43e-07
2012 06 20  1721   56098  62460     5.65e-09    4.39e-07
2012 06 20  1722   56098  62520     5.29e-09    4.32e-07
2012 06 20  1723   56098  62580     6.79e-09    4.26e-07
2012 06 20  1724   56098  62640     4.60e-09    4.16e-07
2012 06 20  1725   56098  62700     4.31e-09    4.17e-07
2012 06 20  1726   56098  62760     5.06e-09    4.11e-07
2012 06 20  1727   56098  62820     3.98e-09    4.02e-07
2012 06 20  1728   56098  62880     3.34e-09    3.92e-07
2012 06 20  1729   56098  62940     2.71e-09    3.82e-07
2012 06 20  1730   56098  63000     3.75e-09    3.78e-07
2012 06 20  1731   56098  63060     5.35e-09    3.74e-07
2012 06 20  1732   56098  63120     4.52e-09    3.70e-07
2012 06 20  1733   56098  63180     6.64e-09    3.66e-07
2012 06 20  1734   56098  63240     4.22e-09    3.65e-07
2012 06 20  1735   56098  63300     3.72e-09    3.60e-07
2012 06 20  1736   56098  63360     3.10e-09    3.56e-07
2012 06 20  1737   56098  63420     8.25e-09    3.52e-07
2012 06 20  1738   56098  63480     5.95e-09    3.48e-07
2012 06 20  1739   56098  63540     5.83e-09    3.40e-07
2012 06 20  1740   56098  63600     3.75e-09    3.36e-07
2012 06 20  1741   56098  63660     2.23e-09    3.34e-07
2012 06 20  1742   56098  63720     4.17e-09    3.31e-07
2012 06 20  1743   56098  63780     3.10e-09    3.30e-07
2012 06 20  1744   56098  63840     3.29e-09    3.22e-07
2012 06 20  1745   56098  63900     2.98e-09    3.18e-07
2012 06 20  1746   56098  63960     2.54e-09    3.17e-07
2012 06 20  1747   56098  64020     4.83e-09    3.17e-07
2012 06 20  1748   56098  64080     5.09e-09    3.14e-07
2012 06 20  1749   56098  64140     6.10e-09    3.10e-07
2012 06 20  1750   56098  64200     5.79e-09    3.09e-07
2012 06 20  1751   56098  64260     6.48e-09    3.07e-07
2012 06 20  1752   56098  64320     5.06e-09    3.09e-07
2012 06 20  1753   56098  64380     5.37e-09    3.07e-07
2012 06 20  1754   56098  64440     3.18e-09    3.06e-07
2012 06 20  1755   56098  64500     2.15e-09    3.05e-07
2012 06 20  1756   56098  64560     2.96e-09    3.07e-07
2012 06 20  1757   56098  64620     3.87e-09    3.03e-07
2012 06 20  1758   56098  64680     4.09e-09    3.00e-07
2012 06 20  1759   56098  64740     4.33e-09    2.96e-07
2012 06 20  1800   56098  64800     2.23e-09    2.98e-07
2012 06 20  1801   56098  64860     2.91e-09    2.99e-07
2012 06 20  1802   56098  64920     3.98e-09    2.97e-07
2012 06 20  1803   56098  64980     2.40e-09    2.95e-07
2012 06 20  1804   56098  65040     1.98e-09    2.95e-07
2012 06 20  1805   56098  65100     2.54e-09    2.93e-07
2012 06 20  1806   56098  65160     2.14e-09    2.92e-07
2012 06 20  1807   56098  65220     2.14e-09    2.98e-07
2012 06 20  1808   56098  65280     1.82e-09    2.96e-07
2012 06 20  1809   56098  65340     2.13e-09    2.94e-07
2012 06 20  1810   56098  65400     3.06e-09    2.96e-07
2012 06 20  1811   56098  65460     9.52e-09    2.98e-07
2012 06 20  1812   56098  65520     7.84e-09    3.00e-07
2012 06 20  1813   56098  65580     3.90e-09    3.00e-07
2012 06 20  1814   56098  65640     2.96e-09    3.07e-07
2012 06 20  1815   56098  65700     2.37e-09    3.07e-07
2012 06 20  1816   56098  65760     6.02e-09    3.08e-07
2012 06 20  1817   56098  65820     7.75e-09    3.08e-07
2012 06 20  1818   56098  65880     5.29e-09    3.08e-07
2012 06 20  1819   56098  65940     2.58e-09    3.08e-07
2012 06 20  1820   56098  66000     2.37e-09    3.11e-07
2012 06 20  1821   56098  66060     3.41e-09    3.11e-07
2012 06 20  1822   56098  66120     4.13e-09    3.09e-07
2012 06 20  1823   56098  66180     3.72e-09    3.04e-07
2012 06 20  1824   56098  66240     3.14e-09    3.07e-07
2012 06 20  1825   56098  66300     2.34e-09    3.11e-07
2012 06 20  1826   56098  66360     3.02e-09    3.11e-07
2012 06 20  1827   56098  66420     6.44e-09    3.08e-07
2012 06 20  1828   56098  66480     7.56e-09    3.09e-07
2012 06 20  1829   56098  66540     2.82e-09    3.11e-07
2012 06 20  1830   56098  66600     2.09e-09    3.13e-07
2012 06 20  1831   56098  66660     2.26e-09    3.11e-07
2012 06 20  1832   56098  66720     1.94e-09    3.13e-07
2012 06 20  1833   56098  66780     2.42e-09    3.16e-07
2012 06 20  1834   56098  66840     2.96e-09    3.17e-07
2012 06 20  1835   56098  66900     3.05e-09    3.13e-07
2012 06 20  1836   56098  66960     2.66e-09    3.12e-07
2012 06 20  1837   56098  67020     2.58e-09    3.12e-07
2012 06 20  1838   56098  67080     1.87e-09    3.12e-07
2012 06 20  1839   56098  67140     2.46e-09    3.13e-07
2012 06 20  1840   56098  67200     4.10e-09    3.13e-07
2012 06 20  1841   56098  67260     2.42e-09    3.19e-07
2012 06 20  1842   56098  67320     2.32e-09    3.19e-07
2012 06 20  1843   56098  67380     2.54e-09    3.17e-07
2012 06 20  1844   56098  67440     4.02e-09    3.16e-07
2012 06 20  1845   56098  67500     5.13e-09    3.14e-07
2012 06 20  1846   56098  67560     1.59e-09    3.11e-07
2012 06 20  1847   56098  67620     1.92e-09    3.11e-07
2012 06 20  1848   56098  67680     2.33e-09    3.12e-07
2012 06 20  1849   56098  67740     2.75e-09    3.14e-07
2012 06 20  1850   56098  67800     3.18e-09    3.14e-07
2012 06 20  1851   56098  67860     3.45e-09    3.15e-07
2012 06 20  1852   56098  67920     3.27e-09    3.17e-07
2012 06 20  1853   56098  67980     3.18e-09    3.20e-07
2012 06 20  1854   56098  68040     2.64e-09    3.17e-07
2012 06 20  1855   56098  68100     2.56e-09    3.19e-07
2012 06 20  1856   56098  68160     2.04e-09    3.15e-07
2012 06 20  1857   56098  68220     2.27e-09    3.12e-07
2012 06 20  1858   56098  68280     1.53e-09    3.11e-07
2012 06 20  1859   56098  68340     1.74e-09    3.10e-07
2012 06 20  1900   56098  68400     3.04e-09    3.11e-07
2012 06 20  1901   56098  68460     2.13e-09    3.13e-07
2012 06 20  1902   56098  68520     1.40e-09    3.13e-07
2012 06 20  1903   56098  68580     2.55e-09    3.14e-07
2012 06 20  1904   56098  68640     1.98e-09    3.09e-07
2012 06 20  1905   56098  68700     3.85e-09    3.10e-07
2012 06 20  1906   56098  68760     4.13e-09    3.12e-07
2012 06 20  1907   56098  68820     1.88e-09    3.10e-07
2012 06 20  1908   56098  68880     1.67e-09    3.10e-07
2012 06 20  1909   56098  68940     2.41e-09    3.08e-07
2012 06 20  1910   56098  69000     4.19e-09    3.07e-07
2012 06 20  1911   56098  69060     2.06e-09    3.07e-07
2012 06 20  1912   56098  69120     2.61e-09    3.06e-07
2012 06 20  1913   56098  69180     3.06e-09    3.04e-07
2012 06 20  1914   56098  69240     2.68e-09    3.02e-07
2012 06 20  1915   56098  69300     3.95e-09    3.08e-07
2012 06 20  1916   56098  69360     3.98e-09    3.08e-07
2012 06 20  1917   56098  69420     2.41e-09    3.10e-07
2012 06 20  1918   56098  69480     2.87e-09    3.12e-07
2012 06 20  1919   56098  69540     5.07e-09    3.24e-07
2012 06 20  1920   56098  69600     3.19e-09    3.37e-07
2012 06 20  1921   56098  69660     1.48e-09    3.45e-07
2012 06 20  1922   56098  69720     1.96e-09    3.37e-07
2012 06 20  1923   56098  69780     1.45e-09    3.27e-07
2012 06 20  1924   56098  69840     2.19e-09    3.27e-07
2012 06 20  1925   56098  69900     3.14e-09    3.21e-07
2012 06 20  1926   56098  69960     3.13e-09    3.11e-07
2012 06 20  1927   56098  70020     3.44e-09    3.04e-07
2012 06 20  1928   56098  70080     6.14e-09    3.04e-07
2012 06 20  1929   56098  70140     4.76e-09    2.99e-07
2012 06 20  1930   56098  70200     3.41e-09    2.96e-07
2012 06 20  1931   56098  70260     5.06e-09    2.97e-07
2012 06 20  1932   56098  70320     9.60e-09    2.96e-07
2012 06 20  1933   56098  70380     5.21e-09    2.93e-07
2012 06 20  1934   56098  70440     6.18e-09    2.91e-07
2012 06 20  1935   56098  70500     3.68e-09    2.93e-07
2012 06 20  1936   56098  70560     4.28e-09    2.90e-07
2012 06 20  1937   56098  70620     5.27e-09    2.92e-07
2012 06 20  1938   56098  70680     1.45e-09    2.91e-07
2012 06 20  1939   56098  70740     1.96e-09    2.89e-07
2012 06 20  1940   56098  70800     1.91e-09    2.88e-07
2012 06 20  1941   56098  70860     3.52e-09    2.87e-07
2012 06 20  1942   56098  70920     3.38e-09    2.86e-07
2012 06 20  1943   56098  70980     2.99e-09    2.87e-07
2012 06 20  1944   56098  71040     4.68e-09    2.86e-07
2012 06 20  1945   56098  71100     3.66e-09    2.85e-07
2012 06 20  1946   56098  71160     1.36e-09    2.83e-07
2012 06 20  1947   56098  71220     1.55e-09    2.82e-07
2012 06 20  1948   56098  71280     1.35e-09    2.83e-07
2012 06 20  1949   56098  71340     1.81e-09    2.88e-07
2012 06 20  1950   56098  71400     3.31e-09    2.87e-07
2012 06 20  1951   56098  71460     1.63e-09    2.90e-07
2012 06 20  1952   56098  71520     2.25e-09    2.91e-07
2012 06 20  1953   56098  71580     2.04e-09    2.90e-07
2012 06 20  1954   56098  71640     2.56e-09    2.91e-07
2012 06 20  1955   56098  71700     3.98e-09    2.90e-07
2012 06 20  1956   56098  71760     2.83e-09    2.92e-07
2012 06 20  1957   56098  71820     4.56e-09    2.89e-07
2012 06 20  1958   56098  71880     5.52e-09    2.90e-07
2012 06 20  1959   56098  71940     4.75e-09    2.93e-07
2012 06 20  2000   56098  72000     5.95e-09    2.95e-07
2012 06 20  2001   56098  72060     3.56e-09    2.93e-07
2012 06 20  2002   56098  72120     4.83e-09    2.92e-07
2012 06 20  2003   56098  72180     5.09e-09    2.89e-07
2012 06 20  2004   56098  72240     4.41e-09    2.88e-07
2012 06 20  2005   56098  72300     4.22e-09    2.86e-07
2012 06 20  2006   56098  72360     5.13e-09    2.86e-07
2012 06 20  2007   56098  72420     4.22e-09    2.85e-07
2012 06 20  2008   56098  72480     2.83e-09    2.85e-07
2012 06 20  2009   56098  72540     2.18e-09    2.84e-07
2012 06 20  2010   56098  72600     1.69e-09    2.82e-07
2012 06 20  2011   56098  72660     1.78e-09    2.83e-07
2012 06 20  2012   56098  72720     1.59e-09    2.83e-07
2012 06 20  2013   56098  72780     1.70e-09    2.85e-07
2012 06 20  2014   56098  72840     1.57e-09    2.85e-07
2012 06 20  2015   56098  72900     1.92e-09    2.86e-07
2012 06 20  2016   56098  72960     3.07e-09    2.86e-07
2012 06 20  2017   56098  73020     2.94e-09    2.86e-07
2012 06 20  2018   56098  73080     2.27e-09    2.84e-07
2012 06 20  2019   56098  73140     1.66e-09    2.84e-07
2012 06 20  2020   56098  73200     3.61e-09    2.82e-07
2012 06 20  2021   56098  73260     8.06e-09    2.83e-07
2012 06 20  2022   56098  73320     6.33e-09    2.87e-07
2012 06 20  2023   56098  73380     4.35e-09    2.87e-07
2012 06 20  2024   56098  73440     4.02e-09    2.85e-07
2012 06 20  2025   56098  73500     2.95e-09    2.86e-07
2012 06 20  2026   56098  73560     2.01e-09    2.84e-07
2012 06 20  2027   56098  73620     2.57e-09    2.83e-07
2012 06 20  2028   56098  73680     2.70e-09    2.83e-07
2012 06 20  2029   56098  73740     1.97e-09    2.82e-07
2012 06 20  2030   56098  73800     1.77e-09    2.85e-07
2012 06 20  2031   56098  73860     3.11e-09    2.84e-07
2012 06 20  2032   56098  73920     2.08e-09    2.81e-07
2012 06 20  2033   56098  73980     4.65e-09    2.76e-07
2012 06 20  2034   56098  74040     3.89e-09    2.79e-07
2012 06 20  2035   56098  74100     5.18e-09    2.74e-07
2012 06 20  2036   56098  74160     5.87e-09    2.75e-07
2012 06 20  2037   56098  74220     5.47e-09    2.74e-07
2012 06 20  2038   56098  74280     5.02e-09    2.75e-07
2012 06 20  2039   56098  74340     5.79e-09    2.75e-07
2012 06 20  2040   56098  74400     4.80e-09    2.74e-07
2012 06 20  2041   56098  74460     2.79e-09    2.76e-07
2012 06 20  2042   56098  74520     4.60e-09    2.71e-07
2012 06 20  2043   56098  74580     5.54e-09    2.70e-07
2012 06 20  2044   56098  74640     4.41e-09    2.67e-07
2012 06 20  2045   56098  74700     4.87e-09    2.64e-07
2012 06 20  2046   56098  74760     4.60e-09    2.59e-07
2012 06 20  2047   56098  74820     7.58e-09    2.65e-07
2012 06 20  2048   56098  74880     4.52e-09    2.66e-07
2012 06 20  2049   56098  74940     3.79e-09    2.62e-07
2012 06 20  2050   56098  75000     3.13e-09    2.61e-07
2012 06 20  2051   56098  75060     3.00e-09    2.61e-07
2012 06 20  2052   56098  75120     1.71e-09    2.60e-07
2012 06 20  2053   56098  75180     1.85e-09    2.61e-07
2012 06 20  2054   56098  75240     1.45e-09    2.61e-07
2012 06 20  2055   56098  75300     2.55e-09    2.64e-07
2012 06 20  2056   56098  75360     3.09e-09    2.66e-07
2012 06 20  2057   56098  75420     1.17e-09    2.61e-07
2012 06 20  2058   56098  75480     1.83e-09    2.65e-07
2012 06 20  2059   56098  75540     2.79e-09    2.70e-07
2012 06 20  2100   56098  75600     2.20e-09    2.74e-07
2012 06 20  2101   56098  75660     1.60e-09    2.76e-07
2012 06 20  2102   56098  75720     1.56e-09    2.73e-07
2012 06 20  2103   56098  75780     1.12e-09    2.71e-07
2012 06 20  2104   56098  75840     3.52e-09    2.74e-07
2012 06 20  2105   56098  75900     3.25e-09    2.74e-07
2012 06 20  2106   56098  75960     3.52e-09    2.70e-07
2012 06 20  2107   56098  76020     3.87e-09    2.70e-07
2012 06 20  2108   56098  76080     2.75e-09    2.67e-07
2012 06 20  2109   56098  76140     2.49e-09    2.70e-07
2012 06 20  2110   56098  76200     3.05e-09    2.68e-07
2012 06 20  2111   56098  76260     5.18e-09    2.68e-07
2012 06 20  2112   56098  76320     3.62e-09    2.71e-07
2012 06 20  2113   56098  76380     3.22e-09    2.68e-07
2012 06 20  2114   56098  76440     5.61e-09    2.66e-07
2012 06 20  2115   56098  76500     1.31e-09    2.66e-07
2012 06 20  2116   56098  76560     1.10e-09    2.64e-07
2012 06 20  2117   56098  76620     1.55e-09    2.67e-07
2012 06 20  2118   56098  76680     3.27e-09    2.67e-07
2012 06 20  2119   56098  76740     3.88e-09    2.73e-07
2012 06 20  2120   56098  76800     4.39e-09    2.80e-07
2012 06 20  2121   56098  76860     4.22e-09    2.82e-07
2012 06 20  2122   56098  76920     5.08e-09    2.79e-07
2012 06 20  2123   56098  76980     6.44e-09    2.77e-07
2012 06 20  2124   56098  77040     6.06e-09    2.77e-07
2012 06 20  2125   56098  77100     6.06e-09    2.77e-07
2012 06 20  2126   56098  77160     2.93e-09    2.77e-07
2012 06 20  2127   56098  77220     3.76e-09    2.73e-07
2012 06 20  2128   56098  77280     4.50e-09    2.71e-07
2012 06 20  2129   56098  77340     4.14e-09    2.75e-07
2012 06 20  2130   56098  77400     2.55e-09    2.71e-07
2012 06 20  2131   56098  77460     4.75e-09    2.70e-07
2012 06 20  2132   56098  77520     4.02e-09    2.70e-07
2012 06 20  2133   56098  77580     3.87e-09    2.68e-07
2012 06 20  2134   56098  77640     4.65e-09    2.68e-07
2012 06 20  2135   56098  77700     3.45e-09    2.67e-07
2012 06 20  2136   56098  77760     2.40e-09    2.67e-07
2012 06 20  2137   56098  77820     3.53e-09    2.64e-07
2012 06 20  2138   56098  77880     3.50e-09    2.65e-07
2012 06 20  2139   56098  77940     1.57e-09    2.68e-07
2012 06 20  2140   56098  78000     2.82e-09    2.67e-07
2012 06 20  2141   56098  78060     3.50e-09    2.66e-07
2012 06 20  2142   56098  78120     4.37e-09    2.64e-07
2012 06 20  2143   56098  78180     4.56e-09    2.66e-07
2012 06 20  2144   56098  78240     5.73e-09    2.68e-07
2012 06 20  2145   56098  78300     6.71e-09    2.68e-07
2012 06 20  2146   56098  78360     6.25e-09    2.81e-07
2012 06 20  2147   56098  78420     5.21e-09    2.85e-07
2012 06 20  2148   56098  78480     3.83e-09    2.85e-07
2012 06 20  2149   56098  78540     3.91e-09    2.82e-07
2012 06 20  2150   56098  78600     4.22e-09    2.81e-07
2012 06 20  2151   56098  78660     4.46e-09    2.78e-07
2012 06 20  2152   56098  78720     3.49e-09    2.76e-07
2012 06 20  2153   56098  78780     3.00e-09    2.75e-07
2012 06 20  2154   56098  78840     2.64e-09    2.79e-07
2012 06 20  2155   56098  78900     3.06e-09    2.83e-07
2012 06 20  2156   56098  78960     2.88e-09    2.84e-07
2012 06 20  2157   56098  79020     3.07e-09    2.83e-07
2012 06 20  2158   56098  79080     6.64e-09    2.77e-07
2012 06 20  2159   56098  79140     7.21e-09    2.81e-07
2012 06 20  2200   56098  79200     4.18e-09    2.84e-07
2012 06 20  2201   56098  79260     4.39e-09    2.86e-07
2012 06 20  2202   56098  79320     4.37e-09    2.85e-07
2012 06 20  2203   56098  79380     4.18e-09    2.81e-07
2012 06 20  2204   56098  79440     4.50e-09    2.79e-07
2012 06 20  2205   56098  79500     4.60e-09    2.81e-07
2012 06 20  2206   56098  79560     5.06e-09    2.78e-07
2012 06 20  2207   56098  79620     6.36e-09    2.76e-07
2012 06 20  2208   56098  79680     6.14e-09    2.75e-07
2012 06 20  2209   56098  79740     4.18e-09    2.77e-07
2012 06 20  2210   56098  79800     6.10e-09    2.76e-07
2012 06 20  2211   56098  79860     7.03e-09    2.74e-07
2012 06 20  2212   56098  79920     6.56e-09    2.71e-07
2012 06 20  2213   56098  79980     3.98e-09    2.71e-07
2012 06 20  2214   56098  80040     3.79e-09    2.71e-07
2012 06 20  2215   56098  80100     3.41e-09    2.82e-07
2012 06 20  2216   56098  80160     1.57e-09    2.79e-07
2012 06 20  2217   56098  80220     3.95e-09    2.71e-07
2012 06 20  2218   56098  80280     3.50e-09    2.75e-07
2012 06 20  2219   56098  80340     4.71e-09    2.78e-07
2012 06 20  2220   56098  80400     4.22e-09    2.82e-07
2012 06 20  2221   56098  80460     3.53e-09    2.86e-07
2012 06 20  2222   56098  80520     2.27e-09    2.75e-07
2012 06 20  2223   56098  80580     2.44e-09    2.72e-07
2012 06 20  2224   56098  80640     1.54e-09    2.79e-07
2012 06 20  2225   56098  80700     3.10e-09    2.85e-07
2012 06 20  2226   56098  80760     3.25e-09    2.86e-07
2012 06 20  2227   56098  80820     4.52e-09    2.93e-07
2012 06 20  2228   56098  80880     3.16e-09    2.93e-07
2012 06 20  2229   56098  80940     5.21e-09    2.90e-07
2012 06 20  2230   56098  81000     6.75e-09    2.86e-07
2012 06 20  2231   56098  81060     4.50e-09    2.91e-07
2012 06 20  2232   56098  81120     4.75e-09    3.00e-07
2012 06 20  2233   56098  81180     4.60e-09    3.10e-07
2012 06 20  2234   56098  81240     6.21e-09    3.19e-07
2012 06 20  2235   56098  81300     8.10e-09    3.24e-07
2012 06 20  2236   56098  81360     8.56e-09    3.29e-07
2012 06 20  2237   56098  81420     8.10e-09    3.30e-07
2012 06 20  2238   56098  81480     6.65e-09    3.33e-07
2012 06 20  2239   56098  81540     5.94e-09    3.26e-07
2012 06 20  2240   56098  81600     5.33e-09    3.22e-07
2012 06 20  2241   56098  81660     7.73e-09    3.24e-07
2012 06 20  2242   56098  81720     6.10e-09    3.24e-07
2012 06 20  2243   56098  81780     5.91e-09    3.32e-07
2012 06 20  2244   56098  81840     6.28e-09    3.28e-07
2012 06 20  2245   56098  81900     4.71e-09    3.25e-07
2012 06 20  2246   56098  81960     5.91e-09    3.25e-07
2012 06 20  2247   56098  82020     6.06e-09    3.26e-07
2012 06 20  2248   56098  82080     5.21e-09    3.18e-07
2012 06 20  2249   56098  82140     4.64e-09    3.13e-07
2012 06 20  2250   56098  82200     4.22e-09    3.17e-07
2012 06 20  2251   56098  82260     6.54e-09    3.18e-07
2012 06 20  2252   56098  82320     5.02e-09    3.12e-07
2012 06 20  2253   56098  82380     3.49e-09    3.05e-07
2012 06 20  2254   56098  82440     3.16e-09    3.02e-07
2012 06 20  2255   56098  82500     3.42e-09    3.00e-07
2012 06 20  2256   56098  82560     2.46e-09    2.98e-07
2012 06 20  2257   56098  82620     2.14e-09    2.93e-07
2012 06 20  2258   56098  82680     1.69e-09    2.93e-07
2012 06 20  2259   56098  82740     2.00e-09    2.95e-07
2012 06 20  2300   56098  82800     1.34e-09    2.91e-07
2012 06 20  2301   56098  82860     1.04e-09    2.86e-07
2012 06 20  2302   56098  82920     1.10e-09    2.85e-07
2012 06 20  2303   56098  82980     2.52e-09    2.86e-07
2012 06 20  2304   56098  83040     3.22e-09    2.88e-07
2012 06 20  2305   56098  83100     2.77e-09    2.82e-07
2012 06 20  2306   56098  83160     1.84e-09    2.80e-07
2012 06 20  2307   56098  83220     1.48e-09    2.83e-07
2012 06 20  2308   56098  83280     1.77e-09    2.84e-07
2012 06 20  2309   56098  83340     1.33e-09    2.81e-07
2012 06 20  2310   56098  83400     2.53e-09    2.84e-07
2012 06 20  2311   56098  83460     1.59e-09    2.86e-07
2012 06 20  2312   56098  83520     2.68e-09    2.89e-07
2012 06 20  2313   56098  83580     3.49e-09    2.85e-07
2012 06 20  2314   56098  83640     3.56e-09    2.81e-07
2012 06 20  2315   56098  83700     3.76e-09    2.81e-07
2012 06 20  2316   56098  83760     5.98e-09    2.77e-07
2012 06 20  2317   56098  83820     6.33e-09    2.72e-07
2012 06 20  2318   56098  83880     5.73e-09    2.78e-07
2012 06 20  2319   56098  83940     3.98e-09    2.74e-07
2012 06 20  2320   56098  84000     3.49e-09    2.69e-07
2012 06 20  2321   56098  84060     1.84e-09    2.68e-07
2012 06 20  2322   56098  84120     2.72e-09    2.68e-07
2012 06 20  2323   56098  84180     4.16e-09    2.71e-07
2012 06 20  2324   56098  84240     5.02e-09    2.72e-07
2012 06 20  2325   56098  84300     4.91e-09    2.69e-07
2012 06 20  2326   56098  84360     4.48e-09    2.71e-07
2012 06 20  2327   56098  84420     5.06e-09    2.70e-07
2012 06 20  2328   56098  84480     6.47e-09    2.69e-07
2012 06 20  2329   56098  84540     6.14e-09    2.72e-07
2012 06 20  2330   56098  84600     3.12e-09    2.67e-07
2012 06 20  2331   56098  84660     1.67e-09    2.67e-07
2012 06 20  2332   56098  84720     1.23e-09    2.69e-07
2012 06 20  2333   56098  84780     1.62e-09    2.76e-07
2012 06 20  2334   56098  84840     2.63e-09    2.74e-07
2012 06 20  2335   56098  84900     3.72e-09    2.76e-07
2012 06 20  2336   56098  84960     2.87e-09    2.67e-07
2012 06 20  2337   56098  85020     2.45e-09    2.69e-07
2012 06 20  2338   56098  85080     1.14e-09    2.68e-07
2012 06 20  2339   56098  85140     1.20e-09    2.67e-07
2012 06 20  2340   56098  85200     1.20e-09    2.66e-07
2012 06 20  2341   56098  85260     1.23e-09    2.59e-07
2012 06 20  2342   56098  85320     1.16e-09    2.61e-07
2012 06 20  2343   56098  85380     3.88e-09    2.63e-07
2012 06 20  2344   56098  85440     4.83e-09    2.61e-07
2012 06 20  2345   56098  85500     1.73e-09    2.59e-07
2012 06 20  2346   56098  85560     1.17e-09    2.63e-07
2012 06 20  2347   56098  85620     1.06e-09    2.66e-07
2012 06 20  2348   56098  85680     1.15e-09    2.69e-07
2012 06 20  2349   56098  85740     1.53e-09    2.68e-07
2012 06 20  2350   56098  85800     1.25e-09    2.69e-07
2012 06 20  2351   56098  85860     3.13e-09    2.71e-07
2012 06 20  2352   56098  85920     3.50e-09    2.79e-07
2012 06 20  2353   56098  85980     4.79e-09    2.89e-07
2012 06 20  2354   56098  86040     5.25e-09    2.98e-07
2012 06 20  2355   56098  86100     5.61e-09    3.03e-07
2012 06 20  2356   56098  86160     5.48e-09    3.08e-07
2012 06 20  2357   56098  86220     5.45e-09    3.03e-07
2012 06 20  2358   56098  86280     6.37e-09    3.00e-07
2012 06 20  2359   56098  86340     8.33e-09    2.98e-07
