:Data_list: 20120617_Gp_xr_1m.txt
:Created: 2012 Jun 18 0010 UTC
# Prepared by the U.S. Dept. of Commerce, NOAA, Space Weather Prediction Center
# Please send comments and suggestions to SWPC.Webmaster@noaa.gov 
# 
# Label: Short = 0.05- 0.4 nanometer
# Label: Long  = 0.1 - 0.8 nanometer
# Units: Short = Watts per meter squared
# Units: Long  = Watts per meter squared
# Source: GOES-15
# Location: W135
# Missing data: -1.00e+05
#
#         1-minute GOES-15 Solar X-ray Flux
# 
#                 Modified Seconds
# UTC Date  Time   Julian  of the
# YR MO DA  HHMM    Day     Day       Short       Long
#-------------------------------------------------------
2012 06 17  0000   56095      0     9.81e-09    7.82e-07
2012 06 17  0001   56095     60     1.26e-08    7.94e-07
2012 06 17  0002   56095    120     1.36e-08    7.99e-07
2012 06 17  0003   56095    180     1.35e-08    8.02e-07
2012 06 17  0004   56095    240     1.01e-08    8.11e-07
2012 06 17  0005   56095    300     9.94e-09    8.22e-07
2012 06 17  0006   56095    360     1.04e-08    8.31e-07
2012 06 17  0007   56095    420     1.12e-08    8.19e-07
2012 06 17  0008   56095    480     1.09e-08    8.15e-07
2012 06 17  0009   56095    540     1.30e-08    8.20e-07
2012 06 17  0010   56095    600     1.33e-08    8.18e-07
2012 06 17  0011   56095    660     1.39e-08    8.17e-07
2012 06 17  0012   56095    720     1.61e-08    8.14e-07
2012 06 17  0013   56095    780     1.46e-08    8.11e-07
2012 06 17  0014   56095    840     1.21e-08    8.09e-07
2012 06 17  0015   56095    900     1.15e-08    8.07e-07
2012 06 17  0016   56095    960     1.33e-08    8.12e-07
2012 06 17  0017   56095   1020     1.36e-08    8.18e-07
2012 06 17  0018   56095   1080     1.58e-08    8.27e-07
2012 06 17  0019   56095   1140     1.58e-08    8.39e-07
2012 06 17  0020   56095   1200     1.69e-08    8.53e-07
2012 06 17  0021   56095   1260     1.72e-08    8.57e-07
2012 06 17  0022   56095   1320     1.45e-08    8.62e-07
2012 06 17  0023   56095   1380     1.52e-08    8.63e-07
2012 06 17  0024   56095   1440     1.39e-08    8.62e-07
2012 06 17  0025   56095   1500     1.34e-08    8.57e-07
2012 06 17  0026   56095   1560     1.57e-08    8.62e-07
2012 06 17  0027   56095   1620     1.57e-08    8.67e-07
2012 06 17  0028   56095   1680     1.43e-08    8.73e-07
2012 06 17  0029   56095   1740     1.37e-08    8.74e-07
2012 06 17  0030   56095   1800     1.17e-08    8.74e-07
2012 06 17  0031   56095   1860     1.22e-08    8.72e-07
2012 06 17  0032   56095   1920     1.07e-08    8.68e-07
2012 06 17  0033   56095   1980     9.59e-09    8.66e-07
2012 06 17  0034   56095   2040     8.83e-09    8.76e-07
2012 06 17  0035   56095   2100     8.25e-09    8.78e-07
2012 06 17  0036   56095   2160     8.52e-09    8.75e-07
2012 06 17  0037   56095   2220     1.05e-08    8.73e-07
2012 06 17  0038   56095   2280     1.04e-08    8.66e-07
2012 06 17  0039   56095   2340     1.09e-08    8.65e-07
2012 06 17  0040   56095   2400     1.32e-08    8.79e-07
2012 06 17  0041   56095   2460     1.60e-08    9.04e-07
2012 06 17  0042   56095   2520     1.49e-08    9.15e-07
2012 06 17  0043   56095   2580     1.53e-08    9.15e-07
2012 06 17  0044   56095   2640     1.44e-08    9.07e-07
2012 06 17  0045   56095   2700     1.52e-08    9.03e-07
2012 06 17  0046   56095   2760     1.35e-08    9.00e-07
2012 06 17  0047   56095   2820     1.32e-08    8.98e-07
2012 06 17  0048   56095   2880     9.71e-09    8.93e-07
2012 06 17  0049   56095   2940     1.12e-08    8.91e-07
2012 06 17  0050   56095   3000     1.12e-08    8.94e-07
2012 06 17  0051   56095   3060     1.25e-08    8.87e-07
2012 06 17  0052   56095   3120     1.44e-08    8.90e-07
2012 06 17  0053   56095   3180     1.49e-08    8.93e-07
2012 06 17  0054   56095   3240     1.49e-08    8.97e-07
2012 06 17  0055   56095   3300     1.42e-08    8.97e-07
2012 06 17  0056   56095   3360     1.34e-08    8.88e-07
2012 06 17  0057   56095   3420     1.56e-08    8.86e-07
2012 06 17  0058   56095   3480     1.56e-08    8.86e-07
2012 06 17  0059   56095   3540     1.44e-08    8.80e-07
2012 06 17  0100   56095   3600     1.42e-08    8.81e-07
2012 06 17  0101   56095   3660     1.37e-08    8.89e-07
2012 06 17  0102   56095   3720     1.39e-08    8.89e-07
2012 06 17  0103   56095   3780     1.38e-08    8.84e-07
2012 06 17  0104   56095   3840     1.25e-08    8.81e-07
2012 06 17  0105   56095   3900     1.25e-08    8.79e-07
2012 06 17  0106   56095   3960     1.19e-08    8.83e-07
2012 06 17  0107   56095   4020     1.43e-08    8.91e-07
2012 06 17  0108   56095   4080     1.26e-08    8.91e-07
2012 06 17  0109   56095   4140     1.36e-08    8.87e-07
2012 06 17  0110   56095   4200     1.22e-08    8.95e-07
2012 06 17  0111   56095   4260     1.27e-08    9.05e-07
2012 06 17  0112   56095   4320     1.31e-08    9.05e-07
2012 06 17  0113   56095   4380     1.32e-08    9.07e-07
2012 06 17  0114   56095   4440     1.30e-08    9.10e-07
2012 06 17  0115   56095   4500     1.37e-08    9.13e-07
2012 06 17  0116   56095   4560     1.34e-08    9.09e-07
2012 06 17  0117   56095   4620     1.46e-08    9.06e-07
2012 06 17  0118   56095   4680     1.24e-08    8.94e-07
2012 06 17  0119   56095   4740     1.24e-08    8.94e-07
2012 06 17  0120   56095   4800     1.31e-08    9.00e-07
2012 06 17  0121   56095   4860     1.04e-08    8.98e-07
2012 06 17  0122   56095   4920     9.36e-09    8.95e-07
2012 06 17  0123   56095   4980     9.25e-09    8.95e-07
2012 06 17  0124   56095   5040     1.23e-08    8.89e-07
2012 06 17  0125   56095   5100     1.30e-08    8.89e-07
2012 06 17  0126   56095   5160     1.29e-08    8.91e-07
2012 06 17  0127   56095   5220     1.29e-08    8.96e-07
2012 06 17  0128   56095   5280     1.26e-08    9.00e-07
2012 06 17  0129   56095   5340     1.39e-08    9.02e-07
2012 06 17  0130   56095   5400     1.67e-08    9.00e-07
2012 06 17  0131   56095   5460     1.43e-08    8.97e-07
2012 06 17  0132   56095   5520     1.52e-08    9.06e-07
2012 06 17  0133   56095   5580     1.85e-08    9.51e-07
2012 06 17  0134   56095   5640     1.87e-08    9.57e-07
2012 06 17  0135   56095   5700     1.59e-08    9.30e-07
2012 06 17  0136   56095   5760     1.49e-08    9.09e-07
2012 06 17  0137   56095   5820     1.47e-08    8.96e-07
2012 06 17  0138   56095   5880     1.36e-08    8.83e-07
2012 06 17  0139   56095   5940     1.19e-08    8.72e-07
2012 06 17  0140   56095   6000     9.67e-09    8.63e-07
2012 06 17  0141   56095   6060     9.59e-09    8.54e-07
2012 06 17  0142   56095   6120     1.10e-08    8.48e-07
2012 06 17  0143   56095   6180     1.19e-08    8.53e-07
2012 06 17  0144   56095   6240     9.70e-09    8.48e-07
2012 06 17  0145   56095   6300     9.36e-09    8.39e-07
2012 06 17  0146   56095   6360     6.64e-09    8.36e-07
2012 06 17  0147   56095   6420     5.48e-09    8.34e-07
2012 06 17  0148   56095   6480     5.87e-09    8.35e-07
2012 06 17  0149   56095   6540     6.10e-09    8.46e-07
2012 06 17  0150   56095   6600     9.75e-09    8.90e-07
2012 06 17  0151   56095   6660     1.46e-08    9.45e-07
2012 06 17  0152   56095   6720     1.57e-08    9.66e-07
2012 06 17  0153   56095   6780     1.69e-08    9.69e-07
2012 06 17  0154   56095   6840     1.67e-08    9.83e-07
2012 06 17  0155   56095   6900     2.07e-08    1.03e-06
2012 06 17  0156   56095   6960     2.90e-08    1.10e-06
2012 06 17  0157   56095   7020     3.33e-08    1.16e-06
2012 06 17  0158   56095   7080     2.52e-08    1.11e-06
2012 06 17  0159   56095   7140     2.05e-08    1.05e-06
2012 06 17  0200   56095   7200     1.74e-08    1.00e-06
2012 06 17  0201   56095   7260     1.74e-08    9.71e-07
2012 06 17  0202   56095   7320     1.34e-08    9.44e-07
2012 06 17  0203   56095   7380     1.10e-08    9.22e-07
2012 06 17  0204   56095   7440     1.08e-08    9.00e-07
2012 06 17  0205   56095   7500     1.05e-08    8.85e-07
2012 06 17  0206   56095   7560     9.98e-09    8.74e-07
2012 06 17  0207   56095   7620     8.79e-09    8.62e-07
2012 06 17  0208   56095   7680     9.22e-09    8.52e-07
2012 06 17  0209   56095   7740     9.40e-09    8.45e-07
2012 06 17  0210   56095   7800     1.19e-08    8.37e-07
2012 06 17  0211   56095   7860     9.66e-09    8.28e-07
2012 06 17  0212   56095   7920     9.40e-09    8.25e-07
2012 06 17  0213   56095   7980     8.44e-09    8.25e-07
2012 06 17  0214   56095   8040     7.77e-09    8.22e-07
2012 06 17  0215   56095   8100     9.36e-09    8.16e-07
2012 06 17  0216   56095   8160     7.48e-09    8.09e-07
2012 06 17  0217   56095   8220     8.63e-09    8.11e-07
2012 06 17  0218   56095   8280     9.70e-09    8.05e-07
2012 06 17  0219   56095   8340     9.02e-09    8.03e-07
2012 06 17  0220   56095   8400     7.67e-09    7.97e-07
2012 06 17  0221   56095   8460     6.32e-09    7.95e-07
2012 06 17  0222   56095   8520     7.83e-09    7.95e-07
2012 06 17  0223   56095   8580     8.17e-09    7.99e-07
2012 06 17  0224   56095   8640     8.67e-09    8.06e-07
2012 06 17  0225   56095   8700     1.04e-08    8.23e-07
2012 06 17  0226   56095   8760     1.06e-08    8.23e-07
2012 06 17  0227   56095   8820     8.52e-09    8.19e-07
2012 06 17  0228   56095   8880     9.22e-09    8.16e-07
2012 06 17  0229   56095   8940     8.63e-09    8.16e-07
2012 06 17  0230   56095   9000     7.83e-09    8.21e-07
2012 06 17  0231   56095   9060     9.14e-09    8.10e-07
2012 06 17  0232   56095   9120     6.91e-09    8.10e-07
2012 06 17  0233   56095   9180     7.87e-09    8.09e-07
2012 06 17  0234   56095   9240     7.14e-09    8.10e-07
2012 06 17  0235   56095   9300     9.29e-09    8.16e-07
2012 06 17  0236   56095   9360     7.87e-09    8.14e-07
2012 06 17  0237   56095   9420     7.29e-09    8.03e-07
2012 06 17  0238   56095   9480     8.88e-09    7.90e-07
2012 06 17  0239   56095   9540     8.10e-09    7.77e-07
2012 06 17  0240   56095   9600     8.06e-09    7.68e-07
2012 06 17  0241   56095   9660     6.77e-09    7.58e-07
2012 06 17  0242   56095   9720     6.06e-09    7.51e-07
2012 06 17  0243   56095   9780     7.79e-09    7.50e-07
2012 06 17  0244   56095   9840     6.10e-09    7.42e-07
2012 06 17  0245   56095   9900     7.10e-09    7.39e-07
2012 06 17  0246   56095   9960     6.91e-09    7.38e-07
2012 06 17  0247   56095  10020     4.33e-09    7.33e-07
2012 06 17  0248   56095  10080     4.22e-09    7.38e-07
2012 06 17  0249   56095  10140     2.15e-09    7.32e-07
2012 06 17  0250   56095  10200     2.14e-09    7.24e-07
2012 06 17  0251   56095  10260     6.21e-09    7.26e-07
2012 06 17  0252   56095  10320     5.18e-09    7.28e-07
2012 06 17  0253   56095  10380     5.24e-09    7.25e-07
2012 06 17  0254   56095  10440     4.48e-09    7.18e-07
2012 06 17  0255   56095  10500     4.24e-09    7.07e-07
2012 06 17  0256   56095  10560     4.14e-09    7.04e-07
2012 06 17  0257   56095  10620     5.02e-09    7.09e-07
2012 06 17  0258   56095  10680     3.72e-09    7.06e-07
2012 06 17  0259   56095  10740     4.00e-09    7.06e-07
2012 06 17  0300   56095  10800     3.37e-09    7.16e-07
2012 06 17  0301   56095  10860     4.95e-09    7.18e-07
2012 06 17  0302   56095  10920     6.10e-09    7.23e-07
2012 06 17  0303   56095  10980     7.75e-09    7.33e-07
2012 06 17  0304   56095  11040     6.71e-09    7.27e-07
2012 06 17  0305   56095  11100     6.65e-09    7.28e-07
2012 06 17  0306   56095  11160     6.06e-09    7.30e-07
2012 06 17  0307   56095  11220     5.41e-09    7.26e-07
2012 06 17  0308   56095  11280     5.24e-09    7.22e-07
2012 06 17  0309   56095  11340     5.33e-09    7.20e-07
2012 06 17  0310   56095  11400     5.25e-09    7.22e-07
2012 06 17  0311   56095  11460     7.29e-09    7.21e-07
2012 06 17  0312   56095  11520     6.32e-09    7.17e-07
2012 06 17  0313   56095  11580     3.49e-09    7.17e-07
2012 06 17  0314   56095  11640     5.94e-09    7.19e-07
2012 06 17  0315   56095  11700     5.50e-09    7.21e-07
2012 06 17  0316   56095  11760     5.37e-09    7.29e-07
2012 06 17  0317   56095  11820     4.71e-09    7.32e-07
2012 06 17  0318   56095  11880     4.80e-09    7.24e-07
2012 06 17  0319   56095  11940     5.06e-09    7.14e-07
2012 06 17  0320   56095  12000     5.41e-09    7.13e-07
2012 06 17  0321   56095  12060     5.83e-09    7.10e-07
2012 06 17  0322   56095  12120     7.51e-09    7.03e-07
2012 06 17  0323   56095  12180     5.29e-09    6.99e-07
2012 06 17  0324   56095  12240     7.21e-09    6.98e-07
2012 06 17  0325   56095  12300     4.54e-09    7.07e-07
2012 06 17  0326   56095  12360     8.33e-09    7.42e-07
2012 06 17  0327   56095  12420     1.04e-08    7.55e-07
2012 06 17  0328   56095  12480     7.21e-09    7.27e-07
2012 06 17  0329   56095  12540     4.05e-09    7.10e-07
2012 06 17  0330   56095  12600     3.75e-09    7.03e-07
2012 06 17  0331   56095  12660     2.33e-09    6.99e-07
2012 06 17  0332   56095  12720     3.76e-09    7.13e-07
2012 06 17  0333   56095  12780     1.09e-08    7.61e-07
2012 06 17  0334   56095  12840     1.28e-08    7.98e-07
2012 06 17  0335   56095  12900     1.47e-08    8.34e-07
2012 06 17  0336   56095  12960     1.06e-08    8.13e-07
2012 06 17  0337   56095  13020     8.06e-09    7.67e-07
2012 06 17  0338   56095  13080     8.48e-09    7.34e-07
2012 06 17  0339   56095  13140     4.24e-09    7.14e-07
2012 06 17  0340   56095  13200     4.45e-09    7.00e-07
2012 06 17  0341   56095  13260     5.41e-09    6.90e-07
2012 06 17  0342   56095  13320     5.84e-09    6.92e-07
2012 06 17  0343   56095  13380     7.67e-09    7.12e-07
2012 06 17  0344   56095  13440     9.75e-09    7.16e-07
2012 06 17  0345   56095  13500     4.91e-09    7.23e-07
2012 06 17  0346   56095  13560     4.18e-09    7.31e-07
2012 06 17  0347   56095  13620     6.21e-09    7.31e-07
2012 06 17  0348   56095  13680     6.02e-09    7.36e-07
2012 06 17  0349   56095  13740     8.10e-09    7.85e-07
2012 06 17  0350   56095  13800     1.51e-08    8.38e-07
2012 06 17  0351   56095  13860     1.67e-08    8.48e-07
2012 06 17  0352   56095  13920     1.32e-08    8.51e-07
2012 06 17  0353   56095  13980     8.52e-09    8.25e-07
2012 06 17  0354   56095  14040     7.29e-09    8.01e-07
2012 06 17  0355   56095  14100     5.45e-09    7.75e-07
2012 06 17  0356   56095  14160     5.84e-09    7.55e-07
2012 06 17  0357   56095  14220     7.60e-09    7.40e-07
2012 06 17  0358   56095  14280     6.75e-09    7.28e-07
2012 06 17  0359   56095  14340     5.87e-09    7.24e-07
2012 06 17  0400   56095  14400     4.83e-09    7.16e-07
2012 06 17  0401   56095  14460     4.45e-09    7.07e-07
2012 06 17  0402   56095  14520     3.61e-09    6.90e-07
2012 06 17  0403   56095  14580     2.77e-09    6.75e-07
2012 06 17  0404   56095  14640     2.47e-09    6.68e-07
2012 06 17  0405   56095  14700     2.73e-09    6.60e-07
2012 06 17  0406   56095  14760     4.35e-09    6.60e-07
2012 06 17  0407   56095  14820     1.42e-09    6.58e-07
2012 06 17  0408   56095  14880     2.25e-09    6.54e-07
2012 06 17  0409   56095  14940     1.24e-09    6.48e-07
2012 06 17  0410   56095  15000     2.44e-09    6.44e-07
2012 06 17  0411   56095  15060     2.09e-09    6.43e-07
2012 06 17  0412   56095  15120     4.61e-09    6.40e-07
2012 06 17  0413   56095  15180     3.56e-09    6.42e-07
2012 06 17  0414   56095  15240     3.35e-09    6.46e-07
2012 06 17  0415   56095  15300     3.49e-09    6.46e-07
2012 06 17  0416   56095  15360     3.68e-09    6.40e-07
2012 06 17  0417   56095  15420     4.71e-09    6.38e-07
2012 06 17  0418   56095  15480     4.52e-09    6.53e-07
2012 06 17  0419   56095  15540     4.35e-09    6.62e-07
2012 06 17  0420   56095  15600     4.75e-09    6.56e-07
2012 06 17  0421   56095  15660     4.41e-09    6.48e-07
2012 06 17  0422   56095  15720     3.72e-09    6.44e-07
2012 06 17  0423   56095  15780     5.14e-09    6.44e-07
2012 06 17  0424   56095  15840     5.83e-09    6.49e-07
2012 06 17  0425   56095  15900     5.60e-09    6.52e-07
2012 06 17  0426   56095  15960     5.54e-09    6.44e-07
2012 06 17  0427   56095  16020     6.10e-09    6.35e-07
2012 06 17  0428   56095  16080     3.72e-09    6.28e-07
2012 06 17  0429   56095  16140     2.88e-09    6.33e-07
2012 06 17  0430   56095  16200     1.22e-09    6.32e-07
2012 06 17  0431   56095  16260     3.30e-09    6.35e-07
2012 06 17  0432   56095  16320     1.14e-09    6.27e-07
2012 06 17  0433   56095  16380     1.12e-09    6.23e-07
2012 06 17  0434   56095  16440     1.22e-09    6.31e-07
2012 06 17  0435   56095  16500     3.45e-09    6.32e-07
2012 06 17  0436   56095  16560     3.16e-09    6.35e-07
2012 06 17  0437   56095  16620     3.06e-09    6.62e-07
2012 06 17  0438   56095  16680     4.10e-09    6.68e-07
2012 06 17  0439   56095  16740     5.09e-09    6.56e-07
2012 06 17  0440   56095  16800     3.91e-09    6.43e-07
2012 06 17  0441   56095  16860     4.75e-09    6.31e-07
2012 06 17  0442   56095  16920     3.79e-09    6.24e-07
2012 06 17  0443   56095  16980     3.03e-09    6.27e-07
2012 06 17  0444   56095  17040     3.72e-09    6.26e-07
2012 06 17  0445   56095  17100     2.83e-09    6.13e-07
2012 06 17  0446   56095  17160     1.66e-09    6.02e-07
2012 06 17  0447   56095  17220     3.10e-09    5.96e-07
2012 06 17  0448   56095  17280     3.06e-09    5.91e-07
2012 06 17  0449   56095  17340     4.85e-09    5.82e-07
2012 06 17  0450   56095  17400     1.70e-09    5.76e-07
2012 06 17  0451   56095  17460     3.08e-09    5.71e-07
2012 06 17  0452   56095  17520     3.34e-09    5.71e-07
2012 06 17  0453   56095  17580     1.00e-09    5.68e-07
2012 06 17  0454   56095  17640     1.02e-09    5.65e-07
2012 06 17  0455   56095  17700     1.30e-09    5.63e-07
2012 06 17  0456   56095  17760     1.73e-09    5.60e-07
2012 06 17  0457   56095  17820     1.35e-09    5.60e-07
2012 06 17  0458   56095  17880     2.19e-09    5.62e-07
2012 06 17  0459   56095  17940     1.90e-09    5.61e-07
2012 06 17  0500   56095  18000     2.13e-09    5.62e-07
2012 06 17  0501   56095  18060     2.37e-09    5.58e-07
2012 06 17  0502   56095  18120     2.27e-09    5.63e-07
2012 06 17  0503   56095  18180     1.88e-09    5.64e-07
2012 06 17  0504   56095  18240     2.96e-09    5.65e-07
2012 06 17  0505   56095  18300     4.37e-09    5.65e-07
2012 06 17  0506   56095  18360     3.27e-09    5.52e-07
2012 06 17  0507   56095  18420     3.49e-09    5.46e-07
2012 06 17  0508   56095  18480     3.79e-09    5.44e-07
2012 06 17  0509   56095  18540     3.91e-09    5.49e-07
2012 06 17  0510   56095  18600     3.42e-09    5.53e-07
2012 06 17  0511   56095  18660     4.25e-09    5.51e-07
2012 06 17  0512   56095  18720     4.45e-09    5.51e-07
2012 06 17  0513   56095  18780     3.53e-09    5.55e-07
2012 06 17  0514   56095  18840     3.95e-09    5.57e-07
2012 06 17  0515   56095  18900     4.33e-09    5.55e-07
2012 06 17  0516   56095  18960     4.57e-09    5.55e-07
2012 06 17  0517   56095  19020     2.87e-09    5.70e-07
2012 06 17  0518   56095  19080     1.20e-08    6.49e-07
2012 06 17  0519   56095  19140     9.06e-09    6.27e-07
2012 06 17  0520   56095  19200     5.61e-09    5.91e-07
2012 06 17  0521   56095  19260     4.45e-09    5.73e-07
2012 06 17  0522   56095  19320     5.06e-09    5.62e-07
2012 06 17  0523   56095  19380     5.65e-09    5.58e-07
2012 06 17  0524   56095  19440     5.56e-09    5.54e-07
2012 06 17  0525   56095  19500     3.45e-09    5.53e-07
2012 06 17  0526   56095  19560     3.50e-09    5.47e-07
2012 06 17  0527   56095  19620     3.79e-09    5.49e-07
2012 06 17  0528   56095  19680     5.48e-09    5.49e-07
2012 06 17  0529   56095  19740     4.14e-09    5.49e-07
2012 06 17  0530   56095  19800     6.80e-09    5.52e-07
2012 06 17  0531   56095  19860     8.75e-09    5.53e-07
2012 06 17  0532   56095  19920     6.87e-09    5.56e-07
2012 06 17  0533   56095  19980     5.76e-09    5.53e-07
2012 06 17  0534   56095  20040     5.64e-09    5.58e-07
2012 06 17  0535   56095  20100     5.52e-09    5.62e-07
2012 06 17  0536   56095  20160     5.60e-09    5.68e-07
2012 06 17  0537   56095  20220     3.31e-09    5.71e-07
2012 06 17  0538   56095  20280     4.06e-09    5.74e-07
2012 06 17  0539   56095  20340     3.35e-09    5.78e-07
2012 06 17  0540   56095  20400     5.69e-09    5.80e-07
2012 06 17  0541   56095  20460     6.25e-09    5.83e-07
2012 06 17  0542   56095  20520     4.14e-09    5.78e-07
2012 06 17  0543   56095  20580     4.65e-09    5.78e-07
2012 06 17  0544   56095  20640     4.06e-09    5.75e-07
2012 06 17  0545   56095  20700     6.52e-09    5.79e-07
2012 06 17  0546   56095  20760     4.52e-09    5.80e-07
2012 06 17  0547   56095  20820     4.20e-09    5.83e-07
2012 06 17  0548   56095  20880     5.98e-09    5.96e-07
2012 06 17  0549   56095  20940     6.87e-09    6.19e-07
2012 06 17  0550   56095  21000     6.99e-09    6.23e-07
2012 06 17  0551   56095  21060     6.21e-09    6.29e-07
2012 06 17  0552   56095  21120     6.33e-09    6.51e-07
2012 06 17  0553   56095  21180     7.21e-09    6.57e-07
2012 06 17  0554   56095  21240     8.06e-09    6.61e-07
2012 06 17  0555   56095  21300     8.60e-09    6.71e-07
2012 06 17  0556   56095  21360     1.23e-08    6.98e-07
2012 06 17  0557   56095  21420     1.59e-08    7.28e-07
2012 06 17  0558   56095  21480     1.21e-08    7.54e-07
2012 06 17  0559   56095  21540     1.34e-08    7.66e-07
2012 06 17  0600   56095  21600     1.52e-08    7.99e-07
2012 06 17  0601   56095  21660     2.19e-08    8.47e-07
2012 06 17  0602   56095  21720     2.64e-08    9.07e-07
2012 06 17  0603   56095  21780     2.42e-08    9.25e-07
2012 06 17  0604   56095  21840     2.52e-08    9.32e-07
2012 06 17  0605   56095  21900     2.64e-08    9.51e-07
2012 06 17  0606   56095  21960     2.93e-08    9.73e-07
2012 06 17  0607   56095  22020     3.01e-08    9.94e-07
2012 06 17  0608   56095  22080     3.06e-08    1.02e-06
2012 06 17  0609   56095  22140     3.25e-08    1.03e-06
2012 06 17  0610   56095  22200     3.20e-08    1.02e-06
2012 06 17  0611   56095  22260     3.07e-08    1.02e-06
2012 06 17  0612   56095  22320     2.76e-08    1.01e-06
2012 06 17  0613   56095  22380     2.46e-08    9.96e-07
2012 06 17  0614   56095  22440     2.39e-08    9.83e-07
2012 06 17  0615   56095  22500     2.14e-08    9.71e-07
2012 06 17  0616   56095  22560     1.87e-08    9.61e-07
2012 06 17  0617   56095  22620     1.98e-08    9.49e-07
2012 06 17  0618   56095  22680     1.86e-08    9.35e-07
2012 06 17  0619   56095  22740     1.89e-08    9.22e-07
2012 06 17  0620   56095  22800     1.68e-08    9.12e-07
2012 06 17  0621   56095  22860     1.68e-08    9.02e-07
2012 06 17  0622   56095  22920     1.60e-08    8.90e-07
2012 06 17  0623   56095  22980     1.50e-08    8.76e-07
2012 06 17  0624   56095  23040     1.44e-08    8.65e-07
2012 06 17  0625   56095  23100     1.36e-08    8.58e-07
2012 06 17  0626   56095  23160     1.35e-08    8.50e-07
2012 06 17  0627   56095  23220     1.06e-08    8.39e-07
2012 06 17  0628   56095  23280     9.90e-09    8.34e-07
2012 06 17  0629   56095  23340     8.52e-09    8.26e-07
2012 06 17  0630   56095  23400     1.06e-08    8.12e-07
2012 06 17  0631   56095  23460     9.25e-09    8.05e-07
2012 06 17  0632   56095  23520     8.94e-09    7.98e-07
2012 06 17  0633   56095  23580     1.01e-08    7.92e-07
2012 06 17  0634   56095  23640     9.74e-09    7.83e-07
2012 06 17  0635   56095  23700     1.08e-08    7.79e-07
2012 06 17  0636   56095  23760     1.17e-08    7.77e-07
2012 06 17  0637   56095  23820     9.29e-09    7.71e-07
2012 06 17  0638   56095  23880     1.05e-08    7.71e-07
2012 06 17  0639   56095  23940     8.21e-09    7.63e-07
2012 06 17  0640   56095  24000     8.33e-09    7.58e-07
2012 06 17  0641   56095  24060     5.80e-09    7.50e-07
2012 06 17  0642   56095  24120     6.64e-09    7.48e-07
2012 06 17  0643   56095  24180     6.29e-09    7.48e-07
2012 06 17  0644   56095  24240     7.55e-09    7.37e-07
2012 06 17  0645   56095  24300     6.14e-09    7.31e-07
2012 06 17  0646   56095  24360     5.48e-09    7.23e-07
2012 06 17  0647   56095  24420     6.43e-09    7.20e-07
2012 06 17  0648   56095  24480     6.60e-09    7.17e-07
2012 06 17  0649   56095  24540     4.71e-09    7.20e-07
2012 06 17  0650   56095  24600     5.68e-09    7.25e-07
2012 06 17  0651   56095  24660     5.35e-09    7.15e-07
2012 06 17  0652   56095  24720     6.21e-09    7.10e-07
2012 06 17  0653   56095  24780     5.56e-09    7.06e-07
2012 06 17  0654   56095  24840     4.54e-09    7.07e-07
2012 06 17  0655   56095  24900     4.48e-09    7.02e-07
2012 06 17  0656   56095  24960     4.87e-09    6.98e-07
2012 06 17  0657   56095  25020     5.09e-09    6.94e-07
2012 06 17  0658   56095  25080     5.75e-09    6.86e-07
2012 06 17  0659   56095  25140     5.45e-09    6.83e-07
2012 06 17  0700   56095  25200     4.64e-09    6.85e-07
2012 06 17  0701   56095  25260     5.32e-09    6.83e-07
2012 06 17  0702   56095  25320     5.79e-09    6.81e-07
2012 06 17  0703   56095  25380     5.94e-09    6.97e-07
2012 06 17  0704   56095  25440     6.13e-09    6.97e-07
2012 06 17  0705   56095  25500     6.79e-09    7.05e-07
2012 06 17  0706   56095  25560     9.71e-09    7.11e-07
2012 06 17  0707   56095  25620     8.81e-09    7.15e-07
2012 06 17  0708   56095  25680     8.79e-09    7.16e-07
2012 06 17  0709   56095  25740     8.33e-09    7.12e-07
2012 06 17  0710   56095  25800     6.29e-09    6.99e-07
2012 06 17  0711   56095  25860     4.72e-09    6.98e-07
2012 06 17  0712   56095  25920     5.14e-09    6.99e-07
2012 06 17  0713   56095  25980     1.28e-08    7.14e-07
2012 06 17  0714   56095  26040     1.20e-08    7.32e-07
2012 06 17  0715   56095  26100     1.59e-08    7.39e-07
2012 06 17  0716   56095  26160     2.22e-08    7.44e-07
2012 06 17  0717   56095  26220     1.97e-08    7.37e-07
2012 06 17  0718   56095  26280     2.13e-08    7.47e-07
2012 06 17  0719   56095  26340     2.12e-08    7.54e-07
2012 06 17  0720   56095  26400     1.85e-08    7.44e-07
2012 06 17  0721   56095  26460     1.50e-08    7.32e-07
2012 06 17  0722   56095  26520     1.01e-08    7.16e-07
2012 06 17  0723   56095  26580     8.94e-09    7.01e-07
2012 06 17  0724   56095  26640     8.25e-09    6.92e-07
2012 06 17  0725   56095  26700     1.05e-08    6.87e-07
2012 06 17  0726   56095  26760     1.57e-08    6.83e-07
2012 06 17  0727   56095  26820     1.64e-08    6.80e-07
2012 06 17  0728   56095  26880     1.76e-08    6.79e-07
2012 06 17  0729   56095  26940     1.74e-08    6.93e-07
2012 06 17  0730   56095  27000     1.73e-08    6.98e-07
2012 06 17  0731   56095  27060     1.58e-08    6.93e-07
2012 06 17  0732   56095  27120     1.36e-08    6.81e-07
2012 06 17  0733   56095  27180     1.21e-08    6.72e-07
2012 06 17  0734   56095  27240     1.46e-08    6.64e-07
2012 06 17  0735   56095  27300     1.58e-08    6.63e-07
2012 06 17  0736   56095  27360     1.66e-08    6.62e-07
2012 06 17  0737   56095  27420     1.57e-08    6.53e-07
2012 06 17  0738   56095  27480     1.30e-08    6.47e-07
2012 06 17  0739   56095  27540     1.14e-08    6.44e-07
2012 06 17  0740   56095  27600     1.21e-08    6.41e-07
2012 06 17  0741   56095  27660     1.44e-08    6.32e-07
2012 06 17  0742   56095  27720     1.30e-08    6.25e-07
2012 06 17  0743   56095  27780     1.26e-08    6.30e-07
2012 06 17  0744   56095  27840     1.75e-08    6.30e-07
2012 06 17  0745   56095  27900     1.77e-08    6.30e-07
2012 06 17  0746   56095  27960     1.46e-08    6.27e-07
2012 06 17  0747   56095  28020     1.06e-08    6.23e-07
2012 06 17  0748   56095  28080     1.18e-08    6.18e-07
2012 06 17  0749   56095  28140     1.31e-08    6.14e-07
2012 06 17  0750   56095  28200     1.21e-08    6.13e-07
2012 06 17  0751   56095  28260     1.18e-08    6.12e-07
2012 06 17  0752   56095  28320     1.22e-08    6.03e-07
2012 06 17  0753   56095  28380     1.20e-08    6.04e-07
2012 06 17  0754   56095  28440     1.42e-08    5.99e-07
2012 06 17  0755   56095  28500     1.52e-08    6.01e-07
2012 06 17  0756   56095  28560     1.75e-08    6.03e-07
2012 06 17  0757   56095  28620     1.65e-08    6.02e-07
2012 06 17  0758   56095  28680     1.35e-08    5.96e-07
2012 06 17  0759   56095  28740     1.44e-08    5.93e-07
2012 06 17  0800   56095  28800     1.48e-08    6.01e-07
2012 06 17  0801   56095  28860     1.36e-08    6.02e-07
2012 06 17  0802   56095  28920     1.43e-08    6.04e-07
2012 06 17  0803   56095  28980     1.83e-08    6.39e-07
2012 06 17  0804   56095  29040     1.54e-08    6.23e-07
2012 06 17  0805   56095  29100     1.56e-08    6.17e-07
2012 06 17  0806   56095  29160     1.26e-08    6.10e-07
2012 06 17  0807   56095  29220     1.06e-08    6.03e-07
2012 06 17  0808   56095  29280     2.83e-08    7.37e-07
2012 06 17  0809   56095  29340     2.73e-08    7.56e-07
2012 06 17  0810   56095  29400     2.21e-08    7.25e-07
2012 06 17  0811   56095  29460     1.62e-08    6.63e-07
2012 06 17  0812   56095  29520     1.43e-08    6.35e-07
2012 06 17  0813   56095  29580     1.22e-08    6.28e-07
2012 06 17  0814   56095  29640     1.17e-08    6.18e-07
2012 06 17  0815   56095  29700     1.35e-08    6.03e-07
2012 06 17  0816   56095  29760     1.26e-08    5.91e-07
2012 06 17  0817   56095  29820     1.13e-08    5.86e-07
2012 06 17  0818   56095  29880     1.15e-08    5.82e-07
2012 06 17  0819   56095  29940     1.09e-08    5.83e-07
2012 06 17  0820   56095  30000     1.04e-08    5.78e-07
2012 06 17  0821   56095  30060     8.87e-09    5.81e-07
2012 06 17  0822   56095  30120     9.03e-09    5.74e-07
2012 06 17  0823   56095  30180     8.48e-09    5.77e-07
2012 06 17  0824   56095  30240     8.94e-09    5.80e-07
2012 06 17  0825   56095  30300     8.73e-09    5.83e-07
2012 06 17  0826   56095  30360     8.90e-09    5.90e-07
2012 06 17  0827   56095  30420     9.52e-09    5.89e-07
2012 06 17  0828   56095  30480     1.06e-08    5.89e-07
2012 06 17  0829   56095  30540     1.00e-08    5.88e-07
2012 06 17  0830   56095  30600     1.27e-08    5.84e-07
2012 06 17  0831   56095  30660     1.17e-08    5.90e-07
2012 06 17  0832   56095  30720     1.29e-08    5.88e-07
2012 06 17  0833   56095  30780     1.29e-08    5.85e-07
2012 06 17  0834   56095  30840     1.29e-08    5.89e-07
2012 06 17  0835   56095  30900     1.20e-08    5.94e-07
2012 06 17  0836   56095  30960     1.23e-08    5.91e-07
2012 06 17  0837   56095  31020     1.13e-08    5.89e-07
2012 06 17  0838   56095  31080     1.09e-08    5.92e-07
2012 06 17  0839   56095  31140     1.02e-08    5.96e-07
2012 06 17  0840   56095  31200     8.44e-09    5.96e-07
2012 06 17  0841   56095  31260     9.79e-09    5.99e-07
2012 06 17  0842   56095  31320     1.01e-08    5.98e-07
2012 06 17  0843   56095  31380     1.14e-08    5.98e-07
2012 06 17  0844   56095  31440     1.01e-08    5.96e-07
2012 06 17  0845   56095  31500     9.37e-09    6.02e-07
2012 06 17  0846   56095  31560     1.04e-08    6.02e-07
2012 06 17  0847   56095  31620     1.04e-08    5.99e-07
2012 06 17  0848   56095  31680     9.33e-09    5.95e-07
2012 06 17  0849   56095  31740     9.29e-09    5.98e-07
2012 06 17  0850   56095  31800     8.98e-09    6.03e-07
2012 06 17  0851   56095  31860     1.07e-08    6.05e-07
2012 06 17  0852   56095  31920     1.04e-08    6.07e-07
2012 06 17  0853   56095  31980     9.90e-09    6.03e-07
2012 06 17  0854   56095  32040     9.25e-09    5.97e-07
2012 06 17  0855   56095  32100     9.14e-09    5.97e-07
2012 06 17  0856   56095  32160     9.75e-09    5.92e-07
2012 06 17  0857   56095  32220     8.40e-09    5.87e-07
2012 06 17  0858   56095  32280     9.40e-09    5.83e-07
2012 06 17  0859   56095  32340     9.70e-09    5.84e-07
2012 06 17  0900   56095  32400     1.07e-08    5.83e-07
2012 06 17  0901   56095  32460     1.30e-08    5.80e-07
2012 06 17  0902   56095  32520     1.19e-08    5.76e-07
2012 06 17  0903   56095  32580     1.09e-08    5.81e-07
2012 06 17  0904   56095  32640     1.27e-08    5.80e-07
2012 06 17  0905   56095  32700     1.20e-08    5.78e-07
2012 06 17  0906   56095  32760     1.08e-08    5.80e-07
2012 06 17  0907   56095  32820     1.17e-08    5.86e-07
2012 06 17  0908   56095  32880     9.21e-09    5.88e-07
2012 06 17  0909   56095  32940     1.08e-08    5.87e-07
2012 06 17  0910   56095  33000     7.79e-09    5.83e-07
2012 06 17  0911   56095  33060     7.98e-09    5.79e-07
2012 06 17  0912   56095  33120     9.59e-09    5.78e-07
2012 06 17  0913   56095  33180     6.91e-09    5.76e-07
2012 06 17  0914   56095  33240     8.25e-09    5.74e-07
2012 06 17  0915   56095  33300     6.17e-09    5.71e-07
2012 06 17  0916   56095  33360     1.02e-08    5.73e-07
2012 06 17  0917   56095  33420     6.21e-09    5.77e-07
2012 06 17  0918   56095  33480     6.37e-09    5.77e-07
2012 06 17  0919   56095  33540     7.17e-09    5.68e-07
2012 06 17  0920   56095  33600     6.44e-09    5.65e-07
2012 06 17  0921   56095  33660     5.56e-09    5.56e-07
2012 06 17  0922   56095  33720     4.46e-09    5.55e-07
2012 06 17  0923   56095  33780     4.83e-09    5.53e-07
2012 06 17  0924   56095  33840     3.12e-09    5.50e-07
2012 06 17  0925   56095  33900     5.02e-09    5.44e-07
2012 06 17  0926   56095  33960     5.33e-09    5.47e-07
2012 06 17  0927   56095  34020     5.87e-09    5.48e-07
2012 06 17  0928   56095  34080     8.52e-09    5.49e-07
2012 06 17  0929   56095  34140     8.10e-09    5.51e-07
2012 06 17  0930   56095  34200     7.71e-09    5.53e-07
2012 06 17  0931   56095  34260     9.56e-09    5.53e-07
2012 06 17  0932   56095  34320     5.61e-09    5.51e-07
2012 06 17  0933   56095  34380     3.25e-09    5.55e-07
2012 06 17  0934   56095  34440     3.22e-09    5.62e-07
2012 06 17  0935   56095  34500     3.00e-09    5.65e-07
2012 06 17  0936   56095  34560     4.24e-09    5.64e-07
2012 06 17  0937   56095  34620     5.33e-09    5.79e-07
2012 06 17  0938   56095  34680     9.48e-09    6.05e-07
2012 06 17  0939   56095  34740     1.13e-08    6.32e-07
2012 06 17  0940   56095  34800     9.98e-09    6.47e-07
2012 06 17  0941   56095  34860     7.87e-09    6.48e-07
2012 06 17  0942   56095  34920     6.32e-09    6.41e-07
2012 06 17  0943   56095  34980     6.41e-09    6.34e-07
2012 06 17  0944   56095  35040     5.29e-09    6.31e-07
2012 06 17  0945   56095  35100     4.75e-09    6.26e-07
2012 06 17  0946   56095  35160     4.39e-09    6.23e-07
2012 06 17  0947   56095  35220     4.02e-09    6.30e-07
2012 06 17  0948   56095  35280     3.50e-09    6.30e-07
2012 06 17  0949   56095  35340     1.42e-09    6.25e-07
2012 06 17  0950   56095  35400     3.38e-09    6.24e-07
2012 06 17  0951   56095  35460     4.37e-09    6.25e-07
2012 06 17  0952   56095  35520     4.57e-09    6.22e-07
2012 06 17  0953   56095  35580     3.58e-09    6.20e-07
2012 06 17  0954   56095  35640     2.33e-09    6.17e-07
2012 06 17  0955   56095  35700     3.45e-09    6.20e-07
2012 06 17  0956   56095  35760     2.98e-09    6.25e-07
2012 06 17  0957   56095  35820     3.00e-09    6.29e-07
2012 06 17  0958   56095  35880     4.98e-09    6.53e-07
2012 06 17  0959   56095  35940     4.31e-09    6.62e-07
2012 06 17  1000   56095  36000     3.49e-09    6.61e-07
2012 06 17  1001   56095  36060     3.49e-09    6.65e-07
2012 06 17  1002   56095  36120     5.28e-09    6.59e-07
2012 06 17  1003   56095  36180     5.29e-09    6.56e-07
2012 06 17  1004   56095  36240     4.18e-09    6.48e-07
2012 06 17  1005   56095  36300     4.56e-09    6.42e-07
2012 06 17  1006   56095  36360     4.09e-09    6.35e-07
2012 06 17  1007   56095  36420     5.71e-09    6.27e-07
2012 06 17  1008   56095  36480     4.69e-09    6.30e-07
2012 06 17  1009   56095  36540     3.51e-09    6.46e-07
2012 06 17  1010   56095  36600     4.02e-09    6.33e-07
2012 06 17  1011   56095  36660     3.56e-09    6.26e-07
2012 06 17  1012   56095  36720     6.25e-09    6.40e-07
2012 06 17  1013   56095  36780     1.58e-08    6.89e-07
2012 06 17  1014   56095  36840     2.08e-08    7.21e-07
2012 06 17  1015   56095  36900     1.20e-08    6.84e-07
2012 06 17  1016   56095  36960     9.22e-09    6.49e-07
2012 06 17  1017   56095  37020     7.71e-09    6.39e-07
2012 06 17  1018   56095  37080     5.68e-09    6.23e-07
2012 06 17  1019   56095  37140     5.95e-09    6.11e-07
2012 06 17  1020   56095  37200     5.41e-09    5.99e-07
2012 06 17  1021   56095  37260     5.02e-09    5.91e-07
2012 06 17  1022   56095  37320     4.45e-09    5.85e-07
2012 06 17  1023   56095  37380     3.98e-09    5.75e-07
2012 06 17  1024   56095  37440     3.95e-09    5.67e-07
2012 06 17  1025   56095  37500     3.18e-09    5.61e-07
2012 06 17  1026   56095  37560     1.47e-09    5.56e-07
2012 06 17  1027   56095  37620     1.49e-09    5.54e-07
2012 06 17  1028   56095  37680     2.41e-09    5.55e-07
2012 06 17  1029   56095  37740     3.39e-09    5.47e-07
2012 06 17  1030   56095  37800     3.52e-09    5.46e-07
2012 06 17  1031   56095  37860     4.75e-09    5.41e-07
2012 06 17  1032   56095  37920     3.29e-09    5.34e-07
2012 06 17  1033   56095  37980     2.21e-09    5.31e-07
2012 06 17  1034   56095  38040     3.56e-09    5.29e-07
2012 06 17  1035   56095  38100     1.72e-09    5.25e-07
2012 06 17  1036   56095  38160     1.51e-09    5.25e-07
2012 06 17  1037   56095  38220     2.13e-09    5.26e-07
2012 06 17  1038   56095  38280     2.84e-09    5.30e-07
2012 06 17  1039   56095  38340     1.50e-09    5.29e-07
2012 06 17  1040   56095  38400     1.68e-09    5.23e-07
2012 06 17  1041   56095  38460     1.00e-09    5.22e-07
2012 06 17  1042   56095  38520     1.38e-09    5.20e-07
2012 06 17  1043   56095  38580     1.00e-09    5.24e-07
2012 06 17  1044   56095  38640     1.57e-09    5.29e-07
2012 06 17  1045   56095  38700     1.12e-09    5.37e-07
2012 06 17  1046   56095  38760     2.61e-09    5.41e-07
2012 06 17  1047   56095  38820     2.56e-09    5.36e-07
2012 06 17  1048   56095  38880     2.65e-09    5.35e-07
2012 06 17  1049   56095  38940     1.00e-09    5.31e-07
2012 06 17  1050   56095  39000     1.06e-09    5.30e-07
2012 06 17  1051   56095  39060     1.23e-09    5.25e-07
2012 06 17  1052   56095  39120     1.76e-09    5.21e-07
2012 06 17  1053   56095  39180     1.06e-09    5.22e-07
2012 06 17  1054   56095  39240     1.00e-09    5.24e-07
2012 06 17  1055   56095  39300     1.00e-09    5.18e-07
2012 06 17  1056   56095  39360     1.00e-09    5.19e-07
2012 06 17  1057   56095  39420     1.06e-09    5.15e-07
2012 06 17  1058   56095  39480     4.11e-09    5.14e-07
2012 06 17  1059   56095  39540     1.77e-09    5.19e-07
2012 06 17  1100   56095  39600     1.32e-09    5.16e-07
2012 06 17  1101   56095  39660     1.27e-09    5.14e-07
2012 06 17  1102   56095  39720     1.79e-09    5.09e-07
2012 06 17  1103   56095  39780     1.68e-09    5.05e-07
2012 06 17  1104   56095  39840     1.76e-09    5.01e-07
2012 06 17  1105   56095  39900     1.55e-09    4.99e-07
2012 06 17  1106   56095  39960     3.16e-09    4.96e-07
2012 06 17  1107   56095  40020     1.48e-09    4.95e-07
2012 06 17  1108   56095  40080     1.91e-09    4.93e-07
2012 06 17  1109   56095  40140     1.93e-09    4.90e-07
2012 06 17  1110   56095  40200     2.90e-09    4.84e-07
2012 06 17  1111   56095  40260     2.43e-09    4.85e-07
2012 06 17  1112   56095  40320     3.16e-09    4.75e-07
2012 06 17  1113   56095  40380     2.27e-09    4.72e-07
2012 06 17  1114   56095  40440     1.47e-09    4.74e-07
2012 06 17  1115   56095  40500     1.14e-09    4.75e-07
2012 06 17  1116   56095  40560     1.33e-09    4.75e-07
2012 06 17  1117   56095  40620     1.00e-09    4.68e-07
2012 06 17  1118   56095  40680     1.02e-09    4.64e-07
2012 06 17  1119   56095  40740     1.62e-09    4.67e-07
2012 06 17  1120   56095  40800     1.56e-09    4.67e-07
2012 06 17  1121   56095  40860     1.17e-09    4.67e-07
2012 06 17  1122   56095  40920     1.44e-09    4.65e-07
2012 06 17  1123   56095  40980     1.79e-09    4.65e-07
2012 06 17  1124   56095  41040     1.63e-09    4.67e-07
2012 06 17  1125   56095  41100     1.88e-09    4.76e-07
2012 06 17  1126   56095  41160     4.29e-09    4.80e-07
2012 06 17  1127   56095  41220     4.55e-09    4.81e-07
2012 06 17  1128   56095  41280     4.91e-09    4.83e-07
2012 06 17  1129   56095  41340     4.95e-09    4.77e-07
2012 06 17  1130   56095  41400     4.39e-09    4.74e-07
2012 06 17  1131   56095  41460     2.24e-09    4.72e-07
2012 06 17  1132   56095  41520     5.14e-09    4.74e-07
2012 06 17  1133   56095  41580     3.18e-09    4.72e-07
2012 06 17  1134   56095  41640     4.54e-09    4.74e-07
2012 06 17  1135   56095  41700     5.52e-09    4.82e-07
2012 06 17  1136   56095  41760     5.52e-09    4.85e-07
2012 06 17  1137   56095  41820     4.02e-09    4.87e-07
2012 06 17  1138   56095  41880     6.18e-09    4.91e-07
2012 06 17  1139   56095  41940     4.04e-09    4.90e-07
2012 06 17  1140   56095  42000     5.50e-09    4.93e-07
2012 06 17  1141   56095  42060     6.83e-09    5.01e-07
2012 06 17  1142   56095  42120     7.40e-09    5.09e-07
2012 06 17  1143   56095  42180     5.06e-09    5.04e-07
2012 06 17  1144   56095  42240     4.02e-09    4.98e-07
2012 06 17  1145   56095  42300     4.25e-09    4.98e-07
2012 06 17  1146   56095  42360     4.22e-09    4.94e-07
2012 06 17  1147   56095  42420     4.46e-09    4.95e-07
2012 06 17  1148   56095  42480     2.67e-09    4.92e-07
2012 06 17  1149   56095  42540     4.29e-09    4.90e-07
2012 06 17  1150   56095  42600     7.77e-09    4.86e-07
2012 06 17  1151   56095  42660     8.63e-09    4.86e-07
2012 06 17  1152   56095  42720     1.09e-08    4.85e-07
2012 06 17  1153   56095  42780     1.06e-08    4.82e-07
2012 06 17  1154   56095  42840     7.90e-09    4.77e-07
2012 06 17  1155   56095  42900     8.94e-09    4.76e-07
2012 06 17  1156   56095  42960     1.10e-08    4.77e-07
2012 06 17  1157   56095  43020     9.89e-09    4.79e-07
2012 06 17  1158   56095  43080     8.06e-09    4.87e-07
2012 06 17  1159   56095  43140     7.10e-09    4.97e-07
2012 06 17  1200   56095  43200     1.28e-08    5.07e-07
2012 06 17  1201   56095  43260     1.28e-08    5.08e-07
2012 06 17  1202   56095  43320     1.19e-08    5.04e-07
2012 06 17  1203   56095  43380     1.27e-08    4.92e-07
2012 06 17  1204   56095  43440     1.42e-08    4.88e-07
2012 06 17  1205   56095  43500     1.46e-08    4.87e-07
2012 06 17  1206   56095  43560     1.34e-08    4.85e-07
2012 06 17  1207   56095  43620     1.27e-08    4.85e-07
2012 06 17  1208   56095  43680     1.11e-08    4.88e-07
2012 06 17  1209   56095  43740     9.86e-09    4.92e-07
2012 06 17  1210   56095  43800     7.92e-09    4.89e-07
2012 06 17  1211   56095  43860     3.11e-09    4.88e-07
2012 06 17  1212   56095  43920     1.84e-09    4.81e-07
2012 06 17  1213   56095  43980     1.06e-09    4.70e-07
2012 06 17  1214   56095  44040     1.44e-09    4.67e-07
2012 06 17  1215   56095  44100     5.05e-09    4.65e-07
2012 06 17  1216   56095  44160     8.83e-09    4.63e-07
2012 06 17  1217   56095  44220     9.70e-09    4.61e-07
2012 06 17  1218   56095  44280     9.75e-09    4.61e-07
2012 06 17  1219   56095  44340     1.01e-08    4.61e-07
2012 06 17  1220   56095  44400     9.66e-09    4.58e-07
2012 06 17  1221   56095  44460     8.79e-09    4.56e-07
2012 06 17  1222   56095  44520     9.63e-09    4.54e-07
2012 06 17  1223   56095  44580     8.56e-09    4.54e-07
2012 06 17  1224   56095  44640     6.62e-09    4.55e-07
2012 06 17  1225   56095  44700     7.25e-09    4.59e-07
2012 06 17  1226   56095  44760     8.98e-09    4.59e-07
2012 06 17  1227   56095  44820     7.51e-09    4.61e-07
2012 06 17  1228   56095  44880     9.13e-09    4.79e-07
2012 06 17  1229   56095  44940     8.25e-09    4.82e-07
2012 06 17  1230   56095  45000     6.95e-09    4.78e-07
2012 06 17  1231   56095  45060     8.56e-09    4.68e-07
2012 06 17  1232   56095  45120     9.25e-09    4.62e-07
2012 06 17  1233   56095  45180     7.75e-09    4.57e-07
2012 06 17  1234   56095  45240     5.73e-09    4.53e-07
2012 06 17  1235   56095  45300     9.13e-09    4.51e-07
2012 06 17  1236   56095  45360     8.94e-09    4.53e-07
2012 06 17  1237   56095  45420     6.39e-09    4.51e-07
2012 06 17  1238   56095  45480     8.21e-09    4.48e-07
2012 06 17  1239   56095  45540     5.37e-09    4.42e-07
2012 06 17  1240   56095  45600     4.45e-09    4.38e-07
2012 06 17  1241   56095  45660     4.02e-09    4.38e-07
2012 06 17  1242   56095  45720     3.08e-09    4.36e-07
2012 06 17  1243   56095  45780     4.06e-09    4.36e-07
2012 06 17  1244   56095  45840     3.39e-09    4.33e-07
2012 06 17  1245   56095  45900     4.68e-09    4.37e-07
2012 06 17  1246   56095  45960     4.64e-09    4.38e-07
2012 06 17  1247   56095  46020     5.84e-09    4.37e-07
2012 06 17  1248   56095  46080     1.88e-09    4.35e-07
2012 06 17  1249   56095  46140     1.97e-09    4.36e-07
2012 06 17  1250   56095  46200     1.10e-09    4.26e-07
2012 06 17  1251   56095  46260     2.31e-09    4.32e-07
2012 06 17  1252   56095  46320     4.45e-09    4.35e-07
2012 06 17  1253   56095  46380     7.37e-09    4.42e-07
2012 06 17  1254   56095  46440     1.06e-08    4.76e-07
2012 06 17  1255   56095  46500     7.60e-09    4.81e-07
2012 06 17  1256   56095  46560     5.14e-09    4.81e-07
2012 06 17  1257   56095  46620     3.61e-09    4.80e-07
2012 06 17  1258   56095  46680     3.37e-09    4.72e-07
2012 06 17  1259   56095  46740     3.56e-09    4.67e-07
2012 06 17  1300   56095  46800     2.25e-09    4.57e-07
2012 06 17  1301   56095  46860     2.09e-09    4.52e-07
2012 06 17  1302   56095  46920     1.96e-09    4.48e-07
2012 06 17  1303   56095  46980     2.63e-09    4.49e-07
2012 06 17  1304   56095  47040     2.67e-09    4.48e-07
2012 06 17  1305   56095  47100     1.18e-09    4.45e-07
2012 06 17  1306   56095  47160     1.61e-09    4.42e-07
2012 06 17  1307   56095  47220     2.12e-09    4.38e-07
2012 06 17  1308   56095  47280     2.12e-09    4.38e-07
2012 06 17  1309   56095  47340     3.40e-09    4.44e-07
2012 06 17  1310   56095  47400     5.87e-09    4.46e-07
2012 06 17  1311   56095  47460     8.81e-09    4.47e-07
2012 06 17  1312   56095  47520     1.01e-08    4.45e-07
2012 06 17  1313   56095  47580     6.79e-09    4.45e-07
2012 06 17  1314   56095  47640     3.18e-09    4.47e-07
2012 06 17  1315   56095  47700     1.00e-09    4.56e-07
2012 06 17  1316   56095  47760     2.14e-09    4.56e-07
2012 06 17  1317   56095  47820     1.04e-09    4.59e-07
2012 06 17  1318   56095  47880     1.27e-09    4.64e-07
2012 06 17  1319   56095  47940     1.02e-09    4.61e-07
2012 06 17  1320   56095  48000     1.00e-09    4.62e-07
2012 06 17  1321   56095  48060     2.38e-09    4.66e-07
2012 06 17  1322   56095  48120     7.06e-09    4.70e-07
2012 06 17  1323   56095  48180     1.02e-08    4.69e-07
2012 06 17  1324   56095  48240     1.09e-08    4.67e-07
2012 06 17  1325   56095  48300     1.13e-08    4.70e-07
2012 06 17  1326   56095  48360     1.26e-08    4.71e-07
2012 06 17  1327   56095  48420     1.27e-08    4.78e-07
2012 06 17  1328   56095  48480     1.19e-08    4.81e-07
2012 06 17  1329   56095  48540     1.14e-08    4.89e-07
2012 06 17  1330   56095  48600     1.09e-08    4.96e-07
2012 06 17  1331   56095  48660     1.37e-08    5.06e-07
2012 06 17  1332   56095  48720     1.49e-08    5.12e-07
2012 06 17  1333   56095  48780     1.60e-08    5.22e-07
2012 06 17  1334   56095  48840     1.45e-08    5.22e-07
2012 06 17  1335   56095  48900     1.26e-08    5.14e-07
2012 06 17  1336   56095  48960     3.60e-09    5.14e-07
2012 06 17  1337   56095  49020     4.27e-09    5.23e-07
2012 06 17  1338   56095  49080     4.80e-09    5.29e-07
2012 06 17  1339   56095  49140     9.98e-09    5.45e-07
2012 06 17  1340   56095  49200     1.04e-08    5.45e-07
2012 06 17  1341   56095  49260     1.16e-08    5.43e-07
2012 06 17  1342   56095  49320     1.52e-08    5.46e-07
2012 06 17  1343   56095  49380     1.67e-08    5.54e-07
2012 06 17  1344   56095  49440     1.57e-08    5.56e-07
2012 06 17  1345   56095  49500     1.41e-08    5.54e-07
2012 06 17  1346   56095  49560     1.50e-08    5.52e-07
2012 06 17  1347   56095  49620     1.53e-08    5.57e-07
2012 06 17  1348   56095  49680     1.44e-08    5.57e-07
2012 06 17  1349   56095  49740     1.54e-08    5.56e-07
2012 06 17  1350   56095  49800     1.51e-08    5.58e-07
2012 06 17  1351   56095  49860     1.42e-08    5.59e-07
2012 06 17  1352   56095  49920     1.39e-08    5.59e-07
2012 06 17  1353   56095  49980     1.52e-08    5.58e-07
2012 06 17  1354   56095  50040     1.51e-08    5.54e-07
2012 06 17  1355   56095  50100     1.50e-08    5.51e-07
2012 06 17  1356   56095  50160     1.51e-08    5.49e-07
2012 06 17  1357   56095  50220     1.51e-08    5.50e-07
2012 06 17  1358   56095  50280     1.93e-08    5.49e-07
2012 06 17  1359   56095  50340     1.80e-08    5.50e-07
2012 06 17  1400   56095  50400     1.66e-08    5.53e-07
2012 06 17  1401   56095  50460     1.44e-08    5.56e-07
2012 06 17  1402   56095  50520     1.47e-08    5.58e-07
2012 06 17  1403   56095  50580     1.39e-08    5.59e-07
2012 06 17  1404   56095  50640     1.18e-08    5.56e-07
2012 06 17  1405   56095  50700     1.08e-08    5.57e-07
2012 06 17  1406   56095  50760     1.27e-08    5.64e-07
2012 06 17  1407   56095  50820     1.19e-08    5.68e-07
2012 06 17  1408   56095  50880     1.23e-08    5.64e-07
2012 06 17  1409   56095  50940     1.12e-08    5.67e-07
2012 06 17  1410   56095  51000     1.21e-08    5.67e-07
2012 06 17  1411   56095  51060     1.61e-08    5.69e-07
2012 06 17  1412   56095  51120     1.31e-08    5.74e-07
2012 06 17  1413   56095  51180     1.16e-08    5.72e-07
2012 06 17  1414   56095  51240     1.27e-08    5.76e-07
2012 06 17  1415   56095  51300     1.18e-08    5.75e-07
2012 06 17  1416   56095  51360     1.10e-08    5.70e-07
2012 06 17  1417   56095  51420     1.07e-08    5.72e-07
2012 06 17  1418   56095  51480     1.26e-08    5.75e-07
2012 06 17  1419   56095  51540     9.98e-09    5.77e-07
2012 06 17  1420   56095  51600     1.15e-08    5.76e-07
2012 06 17  1421   56095  51660     1.28e-08    5.78e-07
2012 06 17  1422   56095  51720     1.16e-08    5.83e-07
2012 06 17  1423   56095  51780     1.33e-08    5.96e-07
2012 06 17  1424   56095  51840     1.37e-08    6.11e-07
2012 06 17  1425   56095  51900     1.48e-08    6.13e-07
2012 06 17  1426   56095  51960     1.48e-08    6.11e-07
2012 06 17  1427   56095  52020     1.39e-08    6.20e-07
2012 06 17  1428   56095  52080     1.33e-08    6.26e-07
2012 06 17  1429   56095  52140     1.28e-08    6.17e-07
2012 06 17  1430   56095  52200     1.54e-08    6.11e-07
2012 06 17  1431   56095  52260     1.34e-08    6.08e-07
2012 06 17  1432   56095  52320     1.47e-08    6.09e-07
2012 06 17  1433   56095  52380     1.32e-08    6.04e-07
2012 06 17  1434   56095  52440     1.29e-08    6.05e-07
2012 06 17  1435   56095  52500     1.25e-08    5.97e-07
2012 06 17  1436   56095  52560     1.47e-08    5.94e-07
2012 06 17  1437   56095  52620     1.24e-08    5.96e-07
2012 06 17  1438   56095  52680     1.18e-08    5.89e-07
2012 06 17  1439   56095  52740     1.31e-08    5.84e-07
2012 06 17  1440   56095  52800     1.37e-08    5.80e-07
2012 06 17  1441   56095  52860     1.34e-08    5.77e-07
2012 06 17  1442   56095  52920     1.30e-08    5.72e-07
2012 06 17  1443   56095  52980     1.34e-08    5.69e-07
2012 06 17  1444   56095  53040     9.94e-09    5.64e-07
2012 06 17  1445   56095  53100     9.55e-09    5.58e-07
2012 06 17  1446   56095  53160     7.87e-09    5.54e-07
2012 06 17  1447   56095  53220     8.60e-09    5.53e-07
2012 06 17  1448   56095  53280     9.89e-09    5.46e-07
2012 06 17  1449   56095  53340     8.75e-09    5.42e-07
2012 06 17  1450   56095  53400     8.06e-09    5.41e-07
2012 06 17  1451   56095  53460     7.87e-09    5.43e-07
2012 06 17  1452   56095  53520     8.62e-09    5.39e-07
2012 06 17  1453   56095  53580     8.98e-09    5.37e-07
2012 06 17  1454   56095  53640     1.06e-08    5.39e-07
2012 06 17  1455   56095  53700     1.02e-08    5.35e-07
2012 06 17  1456   56095  53760     1.07e-08    5.27e-07
2012 06 17  1457   56095  53820     1.02e-08    5.20e-07
2012 06 17  1458   56095  53880     8.66e-09    5.15e-07
2012 06 17  1459   56095  53940     1.06e-08    5.10e-07
2012 06 17  1500   56095  54000     9.67e-09    5.02e-07
2012 06 17  1501   56095  54060     1.08e-08    5.02e-07
2012 06 17  1502   56095  54120     1.15e-08    4.96e-07
2012 06 17  1503   56095  54180     1.06e-08    4.94e-07
2012 06 17  1504   56095  54240     1.02e-08    4.91e-07
2012 06 17  1505   56095  54300     8.47e-09    4.93e-07
2012 06 17  1506   56095  54360     7.75e-09    4.95e-07
2012 06 17  1507   56095  54420     7.67e-09    4.90e-07
2012 06 17  1508   56095  54480     8.60e-09    4.82e-07
2012 06 17  1509   56095  54540     9.18e-09    4.79e-07
2012 06 17  1510   56095  54600     8.44e-09    4.78e-07
2012 06 17  1511   56095  54660     7.44e-09    4.75e-07
2012 06 17  1512   56095  54720     5.39e-09    4.69e-07
2012 06 17  1513   56095  54780     6.33e-09    4.66e-07
2012 06 17  1514   56095  54840     5.87e-09    4.65e-07
2012 06 17  1515   56095  54900     5.17e-09    4.63e-07
2012 06 17  1516   56095  54960     5.29e-09    4.67e-07
2012 06 17  1517   56095  55020     5.33e-09    4.62e-07
2012 06 17  1518   56095  55080     5.29e-09    4.61e-07
2012 06 17  1519   56095  55140     5.17e-09    4.57e-07
2012 06 17  1520   56095  55200     5.56e-09    4.59e-07
2012 06 17  1521   56095  55260     7.67e-09    4.55e-07
2012 06 17  1522   56095  55320     5.39e-09    4.51e-07
2012 06 17  1523   56095  55380     6.33e-09    4.49e-07
2012 06 17  1524   56095  55440     5.10e-09    4.44e-07
2012 06 17  1525   56095  55500     5.32e-09    4.41e-07
2012 06 17  1526   56095  55560     6.21e-09    4.43e-07
2012 06 17  1527   56095  55620     6.06e-09    4.40e-07
2012 06 17  1528   56095  55680     5.91e-09    4.41e-07
2012 06 17  1529   56095  55740     6.95e-09    4.47e-07
2012 06 17  1530   56095  55800     6.33e-09    4.43e-07
2012 06 17  1531   56095  55860     8.44e-09    4.46e-07
2012 06 17  1532   56095  55920     5.95e-09    4.51e-07
2012 06 17  1533   56095  55980     4.79e-09    4.53e-07
2012 06 17  1534   56095  56040     4.37e-09    4.56e-07
2012 06 17  1535   56095  56100     5.73e-09    4.78e-07
2012 06 17  1536   56095  56160     7.10e-09    5.01e-07
2012 06 17  1537   56095  56220     9.33e-09    5.19e-07
2012 06 17  1538   56095  56280     1.01e-08    5.09e-07
2012 06 17  1539   56095  56340     8.51e-09    5.05e-07
2012 06 17  1540   56095  56400     8.63e-09    5.09e-07
2012 06 17  1541   56095  56460     9.75e-09    5.22e-07
2012 06 17  1542   56095  56520     1.13e-08    5.45e-07
2012 06 17  1543   56095  56580     2.63e-08    6.77e-07
2012 06 17  1544   56095  56640     1.89e-08    6.26e-07
2012 06 17  1545   56095  56700     1.36e-08    5.79e-07
2012 06 17  1546   56095  56760     1.26e-08    5.54e-07
2012 06 17  1547   56095  56820     1.24e-08    5.39e-07
2012 06 17  1548   56095  56880     9.06e-09    5.25e-07
2012 06 17  1549   56095  56940     7.92e-09    5.13e-07
2012 06 17  1550   56095  57000     9.17e-09    5.08e-07
2012 06 17  1551   56095  57060     6.29e-09    5.08e-07
2012 06 17  1552   56095  57120     7.29e-09    5.12e-07
2012 06 17  1553   56095  57180     7.79e-09    5.19e-07
2012 06 17  1554   56095  57240     8.02e-09    5.22e-07
2012 06 17  1555   56095  57300     7.14e-09    5.25e-07
2012 06 17  1556   56095  57360     7.55e-09    5.19e-07
2012 06 17  1557   56095  57420     6.60e-09    5.11e-07
2012 06 17  1558   56095  57480     6.71e-09    5.07e-07
2012 06 17  1559   56095  57540     6.39e-09    5.03e-07
2012 06 17  1600   56095  57600     7.40e-09    5.01e-07
2012 06 17  1601   56095  57660     7.29e-09    4.98e-07
2012 06 17  1602   56095  57720     5.61e-09    4.99e-07
2012 06 17  1603   56095  57780     7.67e-09    5.06e-07
2012 06 17  1604   56095  57840     7.44e-09    5.09e-07
2012 06 17  1605   56095  57900     6.37e-09    5.10e-07
2012 06 17  1606   56095  57960     6.13e-09    5.07e-07
2012 06 17  1607   56095  58020     7.48e-09    5.08e-07
2012 06 17  1608   56095  58080     7.52e-09    5.13e-07
2012 06 17  1609   56095  58140     7.66e-09    5.20e-07
2012 06 17  1610   56095  58200     6.67e-09    5.16e-07
2012 06 17  1611   56095  58260     6.18e-09    5.21e-07
2012 06 17  1612   56095  58320     4.95e-09    5.13e-07
2012 06 17  1613   56095  58380     4.71e-09    5.06e-07
2012 06 17  1614   56095  58440     6.48e-09    5.02e-07
2012 06 17  1615   56095  58500     6.41e-09    4.94e-07
2012 06 17  1616   56095  58560     7.06e-09    5.00e-07
2012 06 17  1617   56095  58620     7.44e-09    4.97e-07
2012 06 17  1618   56095  58680     5.48e-09    4.98e-07
2012 06 17  1619   56095  58740     3.50e-09    4.93e-07
2012 06 17  1620   56095  58800     3.83e-09    4.92e-07
2012 06 17  1621   56095  58860     5.83e-09    4.94e-07
2012 06 17  1622   56095  58920     4.98e-09    4.88e-07
2012 06 17  1623   56095  58980     4.02e-09    4.81e-07
2012 06 17  1624   56095  59040     4.18e-09    4.79e-07
2012 06 17  1625   56095  59100     6.48e-09    4.73e-07
2012 06 17  1626   56095  59160     7.36e-09    4.63e-07
2012 06 17  1627   56095  59220     5.91e-09    4.60e-07
2012 06 17  1628   56095  59280     5.52e-09    4.56e-07
2012 06 17  1629   56095  59340     4.70e-09    4.52e-07
2012 06 17  1630   56095  59400     2.11e-09    4.49e-07
2012 06 17  1631   56095  59460     1.06e-09    4.43e-07
2012 06 17  1632   56095  59520     1.47e-09    4.42e-07
2012 06 17  1633   56095  59580     1.00e-09    4.38e-07
2012 06 17  1634   56095  59640     1.52e-09    4.39e-07
2012 06 17  1635   56095  59700     2.41e-09    4.35e-07
2012 06 17  1636   56095  59760     2.79e-09    4.29e-07
2012 06 17  1637   56095  59820     3.22e-09    4.25e-07
2012 06 17  1638   56095  59880     3.60e-09    4.23e-07
2012 06 17  1639   56095  59940     6.67e-09    4.23e-07
2012 06 17  1640   56095  60000     1.08e-09    4.27e-07
2012 06 17  1641   56095  60060     1.80e-09    4.32e-07
2012 06 17  1642   56095  60120     1.28e-09    4.37e-07
2012 06 17  1643   56095  60180     1.69e-09    4.37e-07
2012 06 17  1644   56095  60240     2.73e-09    4.32e-07
2012 06 17  1645   56095  60300     3.87e-09    4.30e-07
2012 06 17  1646   56095  60360     4.28e-09    4.29e-07
2012 06 17  1647   56095  60420     4.71e-09    4.39e-07
2012 06 17  1648   56095  60480     5.71e-09    4.39e-07
2012 06 17  1649   56095  60540     5.80e-09    4.36e-07
2012 06 17  1650   56095  60600     6.29e-09    4.34e-07
2012 06 17  1651   56095  60660     4.87e-09    4.31e-07
2012 06 17  1652   56095  60720     5.79e-09    4.24e-07
2012 06 17  1653   56095  60780     5.61e-09    4.27e-07
2012 06 17  1654   56095  60840     4.64e-09    4.23e-07
2012 06 17  1655   56095  60900     3.98e-09    4.12e-07
2012 06 17  1656   56095  60960     3.83e-09    4.10e-07
2012 06 17  1657   56095  61020     6.52e-09    4.05e-07
2012 06 17  1658   56095  61080     2.40e-09    4.01e-07
2012 06 17  1659   56095  61140     1.04e-09    3.99e-07
2012 06 17  1700   56095  61200     1.10e-09    3.95e-07
2012 06 17  1701   56095  61260     1.22e-09    3.93e-07
2012 06 17  1702   56095  61320     1.62e-09    3.87e-07
2012 06 17  1703   56095  61380     1.28e-09    3.84e-07
2012 06 17  1704   56095  61440     1.16e-09    3.93e-07
2012 06 17  1705   56095  61500     2.58e-09    4.03e-07
2012 06 17  1706   56095  61560     2.41e-09    4.10e-07
2012 06 17  1707   56095  61620     1.98e-09    3.97e-07
2012 06 17  1708   56095  61680     2.63e-09    3.91e-07
2012 06 17  1709   56095  61740     2.86e-09    3.89e-07
2012 06 17  1710   56095  61800     2.62e-09    3.91e-07
2012 06 17  1711   56095  61860     1.55e-09    3.95e-07
2012 06 17  1712   56095  61920     1.58e-09    3.95e-07
2012 06 17  1713   56095  61980     1.82e-09    3.92e-07
2012 06 17  1714   56095  62040     1.33e-09    3.87e-07
2012 06 17  1715   56095  62100     1.00e-09    3.88e-07
2012 06 17  1716   56095  62160     1.00e-09    3.87e-07
2012 06 17  1717   56095  62220     1.02e-09    3.85e-07
2012 06 17  1718   56095  62280     1.14e-09    3.85e-07
2012 06 17  1719   56095  62340     3.54e-09    3.91e-07
2012 06 17  1720   56095  62400     4.24e-09    3.97e-07
2012 06 17  1721   56095  62460     6.52e-09    4.10e-07
2012 06 17  1722   56095  62520     4.68e-09    4.03e-07
2012 06 17  1723   56095  62580     4.54e-09    3.91e-07
2012 06 17  1724   56095  62640     6.14e-09    3.87e-07
2012 06 17  1725   56095  62700     3.91e-09    3.86e-07
2012 06 17  1726   56095  62760     6.77e-09    4.21e-07
2012 06 17  1727   56095  62820     6.02e-08    8.01e-07
2012 06 17  1728   56095  62880     1.02e-07    1.07e-06
2012 06 17  1729   56095  62940     6.61e-08    9.03e-07
2012 06 17  1730   56095  63000     4.21e-08    7.78e-07
2012 06 17  1731   56095  63060     3.40e-08    7.13e-07
2012 06 17  1732   56095  63120     3.30e-08    7.04e-07
2012 06 17  1733   56095  63180     2.80e-08    6.80e-07
2012 06 17  1734   56095  63240     2.65e-08    6.55e-07
2012 06 17  1735   56095  63300     2.28e-08    6.28e-07
2012 06 17  1736   56095  63360     2.17e-08    6.26e-07
2012 06 17  1737   56095  63420     3.56e-08    7.07e-07
2012 06 17  1738   56095  63480     2.62e-07    1.52e-06
2012 06 17  1739   56095  63540     8.17e-07    3.36e-06
2012 06 17  1740   56095  63600     8.93e-07    3.94e-06
2012 06 17  1741   56095  63660     7.53e-07    3.80e-06
2012 06 17  1742   56095  63720     5.83e-07    3.48e-06
2012 06 17  1743   56095  63780     4.42e-07    3.16e-06
2012 06 17  1744   56095  63840     3.34e-07    2.84e-06
2012 06 17  1745   56095  63900     2.54e-07    2.54e-06
2012 06 17  1746   56095  63960     1.98e-07    2.27e-06
2012 06 17  1747   56095  64020     1.53e-07    2.03e-06
2012 06 17  1748   56095  64080     1.19e-07    1.83e-06
2012 06 17  1749   56095  64140     9.38e-08    1.64e-06
2012 06 17  1750   56095  64200     7.16e-08    1.46e-06
2012 06 17  1751   56095  64260     5.73e-08    1.30e-06
2012 06 17  1752   56095  64320     4.71e-08    1.18e-06
2012 06 17  1753   56095  64380     3.77e-08    1.06e-06
2012 06 17  1754   56095  64440     3.12e-08    9.68e-07
2012 06 17  1755   56095  64500     2.68e-08    8.83e-07
2012 06 17  1756   56095  64560     2.23e-08    8.10e-07
2012 06 17  1757   56095  64620     1.80e-08    7.42e-07
2012 06 17  1758   56095  64680     1.71e-08    7.00e-07
2012 06 17  1759   56095  64740     2.00e-08    6.78e-07
2012 06 17  1800   56095  64800     1.85e-08    6.43e-07
2012 06 17  1801   56095  64860     2.12e-08    6.13e-07
2012 06 17  1802   56095  64920     1.90e-08    5.81e-07
2012 06 17  1803   56095  64980     1.53e-08    5.54e-07
2012 06 17  1804   56095  65040     1.24e-08    5.29e-07
2012 06 17  1805   56095  65100     1.30e-08    5.04e-07
2012 06 17  1806   56095  65160     1.18e-08    4.83e-07
2012 06 17  1807   56095  65220     1.31e-08    4.67e-07
2012 06 17  1808   56095  65280     1.26e-08    4.58e-07
2012 06 17  1809   56095  65340     9.29e-09    4.45e-07
2012 06 17  1810   56095  65400     7.92e-09    4.37e-07
2012 06 17  1811   56095  65460     9.44e-09    4.33e-07
2012 06 17  1812   56095  65520     6.98e-09    4.33e-07
2012 06 17  1813   56095  65580     5.79e-09    4.34e-07
2012 06 17  1814   56095  65640     6.80e-09    4.38e-07
2012 06 17  1815   56095  65700     4.81e-09    4.35e-07
2012 06 17  1816   56095  65760     3.66e-09    4.28e-07
2012 06 17  1817   56095  65820     6.28e-09    4.24e-07
2012 06 17  1818   56095  65880     5.33e-09    4.24e-07
2012 06 17  1819   56095  65940     4.83e-09    4.22e-07
2012 06 17  1820   56095  66000     4.69e-09    4.24e-07
2012 06 17  1821   56095  66060     3.52e-09    4.20e-07
2012 06 17  1822   56095  66120     4.41e-09    4.20e-07
2012 06 17  1823   56095  66180     8.33e-09    4.26e-07
2012 06 17  1824   56095  66240     4.98e-09    4.21e-07
2012 06 17  1825   56095  66300     7.87e-09    4.28e-07
2012 06 17  1826   56095  66360     1.06e-08    4.45e-07
2012 06 17  1827   56095  66420     1.21e-08    4.55e-07
2012 06 17  1828   56095  66480     8.90e-09    4.56e-07
2012 06 17  1829   56095  66540     1.02e-08    4.52e-07
2012 06 17  1830   56095  66600     1.05e-08    4.42e-07
2012 06 17  1831   56095  66660     1.14e-08    4.33e-07
2012 06 17  1832   56095  66720     9.86e-09    4.16e-07
2012 06 17  1833   56095  66780     8.21e-09    4.05e-07
2012 06 17  1834   56095  66840     8.10e-09    4.02e-07
2012 06 17  1835   56095  66900     9.83e-09    4.16e-07
2012 06 17  1836   56095  66960     1.11e-08    4.29e-07
2012 06 17  1837   56095  67020     6.91e-09    4.17e-07
2012 06 17  1838   56095  67080     4.83e-09    3.99e-07
2012 06 17  1839   56095  67140     5.25e-09    3.94e-07
2012 06 17  1840   56095  67200     4.54e-09    3.95e-07
2012 06 17  1841   56095  67260     5.64e-09    3.98e-07
2012 06 17  1842   56095  67320     5.10e-09    4.06e-07
2012 06 17  1843   56095  67380     5.21e-09    4.07e-07
2012 06 17  1844   56095  67440     7.66e-09    3.94e-07
2012 06 17  1845   56095  67500     4.98e-09    3.88e-07
2012 06 17  1846   56095  67560     3.45e-09    3.88e-07
2012 06 17  1847   56095  67620     2.41e-09    3.93e-07
2012 06 17  1848   56095  67680     3.56e-09    4.07e-07
2012 06 17  1849   56095  67740     5.64e-09    4.18e-07
2012 06 17  1850   56095  67800     7.33e-09    4.37e-07
2012 06 17  1851   56095  67860     9.81e-09    4.55e-07
2012 06 17  1852   56095  67920     9.79e-09    4.62e-07
2012 06 17  1853   56095  67980     7.14e-09    4.65e-07
2012 06 17  1854   56095  68040     6.36e-09    4.69e-07
2012 06 17  1855   56095  68100     6.83e-09    4.74e-07
2012 06 17  1856   56095  68160     5.75e-09    4.73e-07
2012 06 17  1857   56095  68220     4.65e-09    4.69e-07
2012 06 17  1858   56095  68280     3.25e-09    4.65e-07
2012 06 17  1859   56095  68340     6.64e-09    4.62e-07
2012 06 17  1900   56095  68400     4.06e-09    4.59e-07
2012 06 17  1901   56095  68460     3.13e-09    4.58e-07
2012 06 17  1902   56095  68520     4.75e-09    4.78e-07
2012 06 17  1903   56095  68580     1.05e-08    5.22e-07
2012 06 17  1904   56095  68640     7.43e-09    5.03e-07
2012 06 17  1905   56095  68700     7.71e-09    5.03e-07
2012 06 17  1906   56095  68760     6.48e-09    5.03e-07
2012 06 17  1907   56095  68820     5.58e-09    5.01e-07
2012 06 17  1908   56095  68880     7.06e-09    5.04e-07
2012 06 17  1909   56095  68940     5.33e-09    5.04e-07
2012 06 17  1910   56095  69000     5.37e-09    4.90e-07
2012 06 17  1911   56095  69060     4.35e-09    4.78e-07
2012 06 17  1912   56095  69120     3.91e-09    4.74e-07
2012 06 17  1913   56095  69180     4.52e-09    4.70e-07
2012 06 17  1914   56095  69240     5.50e-09    4.74e-07
2012 06 17  1915   56095  69300     3.64e-09    4.72e-07
2012 06 17  1916   56095  69360     5.52e-09    4.81e-07
2012 06 17  1917   56095  69420     6.33e-09    4.96e-07
2012 06 17  1918   56095  69480     1.26e-08    5.38e-07
2012 06 17  1919   56095  69540     1.90e-08    5.88e-07
2012 06 17  1920   56095  69600     1.80e-08    6.16e-07
2012 06 17  1921   56095  69660     1.85e-08    6.33e-07
2012 06 17  1922   56095  69720     1.74e-08    6.40e-07
2012 06 17  1923   56095  69780     1.49e-08    6.19e-07
2012 06 17  1924   56095  69840     1.17e-08    5.89e-07
2012 06 17  1925   56095  69900     9.60e-09    5.64e-07
2012 06 17  1926   56095  69960     9.44e-09    5.52e-07
2012 06 17  1927   56095  70020     9.06e-09    5.51e-07
2012 06 17  1928   56095  70080     8.62e-09    5.57e-07
2012 06 17  1929   56095  70140     4.98e-09    5.58e-07
2012 06 17  1930   56095  70200     6.44e-09    5.53e-07
2012 06 17  1931   56095  70260     1.04e-08    5.54e-07
2012 06 17  1932   56095  70320     1.19e-08    5.53e-07
2012 06 17  1933   56095  70380     1.18e-08    5.46e-07
2012 06 17  1934   56095  70440     9.40e-09    5.41e-07
2012 06 17  1935   56095  70500     7.37e-09    5.28e-07
2012 06 17  1936   56095  70560     6.37e-09    5.23e-07
2012 06 17  1937   56095  70620     5.68e-09    5.06e-07
2012 06 17  1938   56095  70680     6.39e-09    4.97e-07
2012 06 17  1939   56095  70740     6.06e-09    4.86e-07
2012 06 17  1940   56095  70800     6.18e-09    4.76e-07
2012 06 17  1941   56095  70860     5.84e-09    4.76e-07
2012 06 17  1942   56095  70920     4.68e-09    4.79e-07
2012 06 17  1943   56095  70980     3.52e-09    4.74e-07
2012 06 17  1944   56095  71040     2.12e-09    4.70e-07
2012 06 17  1945   56095  71100     3.43e-09    4.69e-07
2012 06 17  1946   56095  71160     3.49e-09    4.65e-07
2012 06 17  1947   56095  71220     3.18e-09    4.66e-07
2012 06 17  1948   56095  71280     4.13e-09    4.68e-07
2012 06 17  1949   56095  71340     2.66e-09    4.67e-07
2012 06 17  1950   56095  71400     2.79e-09    4.69e-07
2012 06 17  1951   56095  71460     3.96e-09    4.70e-07
2012 06 17  1952   56095  71520     4.06e-09    4.72e-07
2012 06 17  1953   56095  71580     6.87e-09    4.92e-07
2012 06 17  1954   56095  71640     3.55e-08    6.79e-07
2012 06 17  1955   56095  71700     5.21e-08    8.28e-07
2012 06 17  1956   56095  71760     7.13e-08    9.75e-07
2012 06 17  1957   56095  71820     6.14e-08    1.01e-06
2012 06 17  1958   56095  71880     4.83e-08    9.79e-07
2012 06 17  1959   56095  71940     3.58e-08    9.22e-07
2012 06 17  2000   56095  72000     2.75e-08    8.52e-07
2012 06 17  2001   56095  72060     1.99e-08    7.78e-07
2012 06 17  2002   56095  72120     1.71e-08    7.16e-07
2012 06 17  2003   56095  72180     1.27e-08    6.73e-07
2012 06 17  2004   56095  72240     1.37e-08    6.71e-07
2012 06 17  2005   56095  72300     1.45e-08    6.65e-07
2012 06 17  2006   56095  72360     1.46e-08    6.40e-07
2012 06 17  2007   56095  72420     1.16e-08    6.14e-07
2012 06 17  2008   56095  72480     1.02e-08    5.86e-07
2012 06 17  2009   56095  72540     8.75e-09    5.61e-07
2012 06 17  2010   56095  72600     7.71e-09    5.39e-07
2012 06 17  2011   56095  72660     6.06e-09    5.16e-07
2012 06 17  2012   56095  72720     5.18e-09    5.17e-07
2012 06 17  2013   56095  72780     8.37e-09    5.36e-07
2012 06 17  2014   56095  72840     7.79e-09    5.36e-07
2012 06 17  2015   56095  72900     1.02e-08    5.61e-07
2012 06 17  2016   56095  72960     1.68e-08    5.99e-07
2012 06 17  2017   56095  73020     1.93e-08    6.26e-07
2012 06 17  2018   56095  73080     1.77e-08    6.23e-07
2012 06 17  2019   56095  73140     1.52e-08    6.22e-07
2012 06 17  2020   56095  73200     1.23e-08    6.14e-07
2012 06 17  2021   56095  73260     1.07e-08    5.97e-07
2012 06 17  2022   56095  73320     9.63e-09    5.94e-07
2012 06 17  2023   56095  73380     8.67e-09    5.85e-07
2012 06 17  2024   56095  73440     7.98e-09    5.69e-07
2012 06 17  2025   56095  73500     7.55e-09    5.60e-07
2012 06 17  2026   56095  73560     8.02e-09    5.67e-07
2012 06 17  2027   56095  73620     1.22e-08    6.08e-07
2012 06 17  2028   56095  73680     1.18e-08    6.18e-07
2012 06 17  2029   56095  73740     1.14e-08    6.11e-07
2012 06 17  2030   56095  73800     9.79e-09    5.88e-07
2012 06 17  2031   56095  73860     1.07e-08    5.89e-07
2012 06 17  2032   56095  73920     1.56e-08    6.20e-07
2012 06 17  2033   56095  73980     1.42e-08    6.16e-07
2012 06 17  2034   56095  74040     1.29e-08    6.01e-07
2012 06 17  2035   56095  74100     1.14e-08    5.91e-07
2012 06 17  2036   56095  74160     1.54e-08    6.06e-07
2012 06 17  2037   56095  74220     1.74e-08    6.32e-07
2012 06 17  2038   56095  74280     1.42e-08    6.27e-07
2012 06 17  2039   56095  74340     1.15e-08    6.14e-07
2012 06 17  2040   56095  74400     8.87e-09    5.79e-07
2012 06 17  2041   56095  74460     8.48e-09    5.50e-07
2012 06 17  2042   56095  74520     7.51e-09    5.29e-07
2012 06 17  2043   56095  74580     9.33e-09    5.24e-07
2012 06 17  2044   56095  74640     4.41e-09    5.13e-07
2012 06 17  2045   56095  74700     4.24e-09    5.03e-07
2012 06 17  2046   56095  74760     3.25e-09    4.90e-07
2012 06 17  2047   56095  74820     2.52e-09    4.79e-07
2012 06 17  2048   56095  74880     2.49e-09    4.79e-07
2012 06 17  2049   56095  74940     3.98e-09    4.74e-07
2012 06 17  2050   56095  75000     5.02e-09    4.64e-07
2012 06 17  2051   56095  75060     3.60e-09    4.78e-07
2012 06 17  2052   56095  75120     3.68e-09    4.85e-07
2012 06 17  2053   56095  75180     2.08e-09    4.75e-07
2012 06 17  2054   56095  75240     2.06e-09    4.65e-07
2012 06 17  2055   56095  75300     5.09e-09    4.84e-07
2012 06 17  2056   56095  75360     9.17e-09    5.07e-07
2012 06 17  2057   56095  75420     1.02e-08    4.91e-07
2012 06 17  2058   56095  75480     7.06e-09    4.81e-07
2012 06 17  2059   56095  75540     6.06e-09    4.79e-07
2012 06 17  2100   56095  75600     5.56e-09    4.63e-07
2012 06 17  2101   56095  75660     3.41e-09    4.45e-07
2012 06 17  2102   56095  75720     1.34e-09    4.29e-07
2012 06 17  2103   56095  75780     2.40e-09    4.22e-07
2012 06 17  2104   56095  75840     2.10e-09    4.17e-07
2012 06 17  2105   56095  75900     1.24e-09    4.22e-07
2012 06 17  2106   56095  75960     2.04e-09    4.27e-07
2012 06 17  2107   56095  76020     2.25e-09    4.31e-07
2012 06 17  2108   56095  76080     1.60e-09    4.31e-07
2012 06 17  2109   56095  76140     1.43e-09    4.33e-07
2012 06 17  2110   56095  76200     1.65e-09    4.36e-07
2012 06 17  2111   56095  76260     2.45e-09    4.41e-07
2012 06 17  2112   56095  76320     7.06e-09    4.64e-07
2012 06 17  2113   56095  76380     4.79e-09    4.80e-07
2012 06 17  2114   56095  76440     4.60e-09    4.83e-07
2012 06 17  2115   56095  76500     3.87e-09    4.89e-07
2012 06 17  2116   56095  76560     2.49e-09    4.93e-07
2012 06 17  2117   56095  76620     2.60e-09    4.99e-07
2012 06 17  2118   56095  76680     2.01e-09    5.04e-07
2012 06 17  2119   56095  76740     1.92e-09    5.25e-07
2012 06 17  2120   56095  76800     6.10e-09    5.49e-07
2012 06 17  2121   56095  76860     6.41e-09    5.65e-07
2012 06 17  2122   56095  76920     9.40e-09    6.08e-07
2012 06 17  2123   56095  76980     8.06e-09    5.98e-07
2012 06 17  2124   56095  77040     1.20e-08    6.03e-07
2012 06 17  2125   56095  77100     1.21e-08    5.84e-07
2012 06 17  2126   56095  77160     1.01e-08    5.79e-07
2012 06 17  2127   56095  77220     8.87e-09    5.78e-07
2012 06 17  2128   56095  77280     8.17e-09    5.78e-07
2012 06 17  2129   56095  77340     7.69e-09    5.80e-07
2012 06 17  2130   56095  77400     8.56e-09    5.78e-07
2012 06 17  2131   56095  77460     3.52e-09    5.73e-07
2012 06 17  2132   56095  77520     4.95e-09    5.74e-07
2012 06 17  2133   56095  77580     9.10e-09    5.95e-07
2012 06 17  2134   56095  77640     1.62e-08    6.43e-07
2012 06 17  2135   56095  77700     5.55e-08    8.22e-07
2012 06 17  2136   56095  77760     1.47e-07    1.23e-06
2012 06 17  2137   56095  77820     2.10e-07    1.60e-06
2012 06 17  2138   56095  77880     2.17e-07    1.82e-06
2012 06 17  2139   56095  77940     1.95e-07    1.89e-06
2012 06 17  2140   56095  78000     1.62e-07    1.87e-06
2012 06 17  2141   56095  78060     1.31e-07    1.77e-06
2012 06 17  2142   56095  78120     1.06e-07    1.66e-06
2012 06 17  2143   56095  78180     8.64e-08    1.54e-06
2012 06 17  2144   56095  78240     7.09e-08    1.44e-06
2012 06 17  2145   56095  78300     5.72e-08    1.33e-06
2012 06 17  2146   56095  78360     4.48e-08    1.24e-06
2012 06 17  2147   56095  78420     3.66e-08    1.15e-06
2012 06 17  2148   56095  78480     2.94e-08    1.07e-06
2012 06 17  2149   56095  78540     2.38e-08    9.93e-07
2012 06 17  2150   56095  78600     1.97e-08    9.30e-07
2012 06 17  2151   56095  78660     1.43e-08    8.76e-07
2012 06 17  2152   56095  78720     1.37e-08    8.61e-07
2012 06 17  2153   56095  78780     1.24e-08    8.34e-07
2012 06 17  2154   56095  78840     1.48e-08    8.26e-07
2012 06 17  2155   56095  78900     2.16e-08    8.49e-07
2012 06 17  2156   56095  78960     2.33e-08    8.41e-07
2012 06 17  2157   56095  79020     1.81e-08    7.96e-07
2012 06 17  2158   56095  79080     1.60e-08    7.74e-07
2012 06 17  2159   56095  79140     2.61e-08    8.26e-07
2012 06 17  2200   56095  79200     2.37e-08    8.10e-07
2012 06 17  2201   56095  79260     1.82e-08    7.77e-07
2012 06 17  2202   56095  79320     1.95e-08    7.60e-07
2012 06 17  2203   56095  79380     2.25e-08    7.59e-07
2012 06 17  2204   56095  79440     2.44e-08    7.84e-07
2012 06 17  2205   56095  79500     2.27e-08    7.84e-07
2012 06 17  2206   56095  79560     1.43e-08    7.43e-07
2012 06 17  2207   56095  79620     9.17e-09    6.95e-07
2012 06 17  2208   56095  79680     6.64e-09    6.62e-07
2012 06 17  2209   56095  79740     5.76e-09    6.46e-07
2012 06 17  2210   56095  79800     7.40e-09    6.32e-07
2012 06 17  2211   56095  79860     6.41e-09    6.15e-07
2012 06 17  2212   56095  79920     7.06e-09    6.13e-07
2012 06 17  2213   56095  79980     1.24e-08    6.54e-07
2012 06 17  2214   56095  80040     2.24e-08    7.35e-07
2012 06 17  2215   56095  80100     2.83e-08    7.94e-07
2012 06 17  2216   56095  80160     2.53e-08    8.15e-07
2012 06 17  2217   56095  80220     3.35e-08    8.90e-07
2012 06 17  2218   56095  80280     6.51e-08    1.16e-06
2012 06 17  2219   56095  80340     4.92e-08    1.12e-06
2012 06 17  2220   56095  80400     2.82e-08    9.68e-07
2012 06 17  2221   56095  80460     1.77e-08    8.22e-07
2012 06 17  2222   56095  80520     1.41e-08    7.38e-07
2012 06 17  2223   56095  80580     1.41e-08    7.07e-07
2012 06 17  2224   56095  80640     2.74e-08    7.57e-07
2012 06 17  2225   56095  80700     2.51e-08    7.65e-07
2012 06 17  2226   56095  80760     1.81e-08    7.37e-07
2012 06 17  2227   56095  80820     1.52e-08    7.05e-07
2012 06 17  2228   56095  80880     1.33e-08    6.82e-07
2012 06 17  2229   56095  80940     1.41e-08    6.56e-07
2012 06 17  2230   56095  81000     1.31e-08    6.36e-07
2012 06 17  2231   56095  81060     1.39e-08    6.21e-07
2012 06 17  2232   56095  81120     1.13e-08    6.10e-07
2012 06 17  2233   56095  81180     1.02e-08    5.97e-07
2012 06 17  2234   56095  81240     9.63e-09    5.94e-07
2012 06 17  2235   56095  81300     1.01e-08    5.88e-07
2012 06 17  2236   56095  81360     9.59e-09    5.83e-07
2012 06 17  2237   56095  81420     8.94e-09    5.83e-07
2012 06 17  2238   56095  81480     8.56e-09    5.83e-07
2012 06 17  2239   56095  81540     9.03e-09    5.80e-07
2012 06 17  2240   56095  81600     8.48e-09    5.79e-07
2012 06 17  2241   56095  81660     6.29e-09    5.68e-07
2012 06 17  2242   56095  81720     5.52e-09    5.51e-07
2012 06 17  2243   56095  81780     5.84e-09    5.41e-07
2012 06 17  2244   56095  81840     7.10e-09    5.36e-07
2012 06 17  2245   56095  81900     9.71e-09    5.35e-07
2012 06 17  2246   56095  81960     7.10e-09    5.37e-07
2012 06 17  2247   56095  82020     6.52e-09    5.56e-07
2012 06 17  2248   56095  82080     6.56e-09    5.55e-07
2012 06 17  2249   56095  82140     6.56e-09    5.42e-07
2012 06 17  2250   56095  82200     4.65e-09    5.35e-07
2012 06 17  2251   56095  82260     4.02e-09    5.27e-07
2012 06 17  2252   56095  82320     3.52e-09    5.27e-07
2012 06 17  2253   56095  82380     2.66e-09    5.18e-07
2012 06 17  2254   56095  82440     1.23e-09    5.11e-07
2012 06 17  2255   56095  82500     1.83e-09    5.09e-07
2012 06 17  2256   56095  82560     1.91e-09    5.05e-07
2012 06 17  2257   56095  82620     1.49e-09    5.05e-07
2012 06 17  2258   56095  82680     1.00e-09    5.07e-07
2012 06 17  2259   56095  82740     1.06e-09    5.06e-07
2012 06 17  2300   56095  82800     1.41e-09    5.04e-07
2012 06 17  2301   56095  82860     2.54e-09    5.03e-07
2012 06 17  2302   56095  82920     4.98e-09    5.03e-07
2012 06 17  2303   56095  82980     7.17e-09    5.19e-07
2012 06 17  2304   56095  83040     9.67e-09    5.55e-07
2012 06 17  2305   56095  83100     1.63e-08    6.22e-07
2012 06 17  2306   56095  83160     5.74e-08    9.39e-07
2012 06 17  2307   56095  83220     8.88e-08    1.21e-06
2012 06 17  2308   56095  83280     5.84e-08    1.14e-06
2012 06 17  2309   56095  83340     3.67e-08    1.01e-06
2012 06 17  2310   56095  83400     2.49e-08    8.97e-07
2012 06 17  2311   56095  83460     1.86e-08    8.13e-07
2012 06 17  2312   56095  83520     1.55e-08    7.47e-07
2012 06 17  2313   56095  83580     1.46e-08    6.97e-07
2012 06 17  2314   56095  83640     1.37e-08    6.75e-07
2012 06 17  2315   56095  83700     1.32e-08    6.67e-07
2012 06 17  2316   56095  83760     1.03e-08    6.41e-07
2012 06 17  2317   56095  83820     7.99e-09    6.15e-07
2012 06 17  2318   56095  83880     4.68e-09    5.95e-07
2012 06 17  2319   56095  83940     8.83e-09    6.06e-07
2012 06 17  2320   56095  84000     1.12e-08    6.18e-07
2012 06 17  2321   56095  84060     1.09e-08    6.24e-07
2012 06 17  2322   56095  84120     6.64e-09    6.12e-07
2012 06 17  2323   56095  84180     4.54e-09    5.86e-07
2012 06 17  2324   56095  84240     4.02e-09    5.69e-07
2012 06 17  2325   56095  84300     3.95e-09    5.57e-07
2012 06 17  2326   56095  84360     4.45e-09    5.50e-07
2012 06 17  2327   56095  84420     4.43e-09    5.39e-07
2012 06 17  2328   56095  84480     3.87e-09    5.36e-07
2012 06 17  2329   56095  84540     3.75e-09    5.36e-07
2012 06 17  2330   56095  84600     4.57e-09    5.38e-07
2012 06 17  2331   56095  84660     6.25e-09    5.36e-07
2012 06 17  2332   56095  84720     8.06e-09    5.47e-07
2012 06 17  2333   56095  84780     8.21e-09    5.60e-07
2012 06 17  2334   56095  84840     6.52e-09    5.66e-07
2012 06 17  2335   56095  84900     5.25e-09    5.68e-07
2012 06 17  2336   56095  84960     8.98e-09    5.72e-07
2012 06 17  2337   56095  85020     9.25e-09    5.98e-07
2012 06 17  2338   56095  85080     1.09e-08    6.43e-07
2012 06 17  2339   56095  85140     2.05e-08    7.36e-07
2012 06 17  2340   56095  85200     4.11e-08    8.72e-07
2012 06 17  2341   56095  85260     5.80e-08    9.83e-07
2012 06 17  2342   56095  85320     1.03e-07    1.27e-06
2012 06 17  2343   56095  85380     6.35e-08    1.12e-06
2012 06 17  2344   56095  85440     3.71e-08    9.40e-07
2012 06 17  2345   56095  85500     2.30e-08    8.34e-07
2012 06 17  2346   56095  85560     1.48e-08    7.56e-07
2012 06 17  2347   56095  85620     1.32e-08    7.01e-07
2012 06 17  2348   56095  85680     1.25e-08    6.77e-07
2012 06 17  2349   56095  85740     1.07e-08    6.64e-07
2012 06 17  2350   56095  85800     1.09e-08    6.79e-07
2012 06 17  2351   56095  85860     8.10e-09    6.46e-07
2012 06 17  2352   56095  85920     5.56e-09    6.12e-07
2012 06 17  2353   56095  85980     4.33e-09    5.89e-07
2012 06 17  2354   56095  86040     4.20e-09    5.68e-07
2012 06 17  2355   56095  86100     2.60e-09    5.53e-07
2012 06 17  2356   56095  86160     2.41e-09    5.44e-07
2012 06 17  2357   56095  86220     3.13e-09    5.38e-07
2012 06 17  2358   56095  86280     3.33e-09    5.41e-07
2012 06 17  2359   56095  86340     4.64e-09    5.33e-07
