:Data_list: 20120613_Gp_xr_1m.txt
:Created: 2012 Jun 14 0010 UTC
# Prepared by the U.S. Dept. of Commerce, NOAA, Space Weather Prediction Center
# Please send comments and suggestions to SWPC.Webmaster@noaa.gov 
# 
# Label: Short = 0.05- 0.4 nanometer
# Label: Long  = 0.1 - 0.8 nanometer
# Units: Short = Watts per meter squared
# Units: Long  = Watts per meter squared
# Source: GOES-15
# Location: W135
# Missing data: -1.00e+05
#
#         1-minute GOES-15 Solar X-ray Flux
# 
#                 Modified Seconds
# UTC Date  Time   Julian  of the
# YR MO DA  HHMM    Day     Day       Short       Long
#-------------------------------------------------------
2012 06 13  0000   56091      0     5.13e-08    1.51e-06
2012 06 13  0001   56091     60     4.81e-08    1.47e-06
2012 06 13  0002   56091    120     4.18e-08    1.39e-06
2012 06 13  0003   56091    180     3.58e-08    1.32e-06
2012 06 13  0004   56091    240     3.12e-08    1.26e-06
2012 06 13  0005   56091    300     2.86e-08    1.22e-06
2012 06 13  0006   56091    360     2.62e-08    1.18e-06
2012 06 13  0007   56091    420     2.45e-08    1.15e-06
2012 06 13  0008   56091    480     2.34e-08    1.12e-06
2012 06 13  0009   56091    540     2.15e-08    1.09e-06
2012 06 13  0010   56091    600     1.90e-08    1.06e-06
2012 06 13  0011   56091    660     1.75e-08    1.04e-06
2012 06 13  0012   56091    720     1.63e-08    1.01e-06
2012 06 13  0013   56091    780     1.51e-08    9.91e-07
2012 06 13  0014   56091    840     1.39e-08    9.57e-07
2012 06 13  0015   56091    900     1.01e-08    9.34e-07
2012 06 13  0016   56091    960     9.06e-09    9.04e-07
2012 06 13  0017   56091   1020     8.17e-09    8.84e-07
2012 06 13  0018   56091   1080     5.13e-09    8.62e-07
2012 06 13  0019   56091   1140     5.33e-09    8.42e-07
2012 06 13  0020   56091   1200     9.21e-09    8.32e-07
2012 06 13  0021   56091   1260     8.40e-09    8.22e-07
2012 06 13  0022   56091   1320     7.29e-09    8.07e-07
2012 06 13  0023   56091   1380     4.98e-09    7.89e-07
2012 06 13  0024   56091   1440     7.37e-09    7.74e-07
2012 06 13  0025   56091   1500     5.35e-09    7.55e-07
2012 06 13  0026   56091   1560     4.68e-09    7.50e-07
2012 06 13  0027   56091   1620     5.18e-09    7.59e-07
2012 06 13  0028   56091   1680     1.33e-08    8.37e-07
2012 06 13  0029   56091   1740     2.78e-08    1.01e-06
2012 06 13  0030   56091   1800     2.57e-08    1.05e-06
2012 06 13  0031   56091   1860     2.18e-08    1.02e-06
2012 06 13  0032   56091   1920     1.89e-08    1.00e-06
2012 06 13  0033   56091   1980     2.22e-08    1.03e-06
2012 06 13  0034   56091   2040     4.11e-08    1.22e-06
2012 06 13  0035   56091   2100     1.04e-07    1.75e-06
2012 06 13  0036   56091   2160     9.97e-08    1.92e-06
2012 06 13  0037   56091   2220     6.59e-08    1.64e-06
2012 06 13  0038   56091   2280     4.71e-08    1.42e-06
2012 06 13  0039   56091   2340     4.11e-08    1.33e-06
2012 06 13  0040   56091   2400     2.70e-08    1.18e-06
2012 06 13  0041   56091   2460     2.19e-08    1.09e-06
2012 06 13  0042   56091   2520     1.64e-08    1.02e-06
2012 06 13  0043   56091   2580     1.48e-08    9.73e-07
2012 06 13  0044   56091   2640     1.48e-08    9.56e-07
2012 06 13  0045   56091   2700     1.53e-08    9.38e-07
2012 06 13  0046   56091   2760     1.19e-08    9.17e-07
2012 06 13  0047   56091   2820     1.10e-08    9.02e-07
2012 06 13  0048   56091   2880     1.22e-08    8.98e-07
2012 06 13  0049   56091   2940     1.42e-08    8.97e-07
2012 06 13  0050   56091   3000     1.56e-08    9.06e-07
2012 06 13  0051   56091   3060     1.50e-08    9.16e-07
2012 06 13  0052   56091   3120     1.65e-08    9.36e-07
2012 06 13  0053   56091   3180     1.92e-08    9.81e-07
2012 06 13  0054   56091   3240     1.97e-08    9.95e-07
2012 06 13  0055   56091   3300     1.79e-08    9.82e-07
2012 06 13  0056   56091   3360     1.51e-08    9.41e-07
2012 06 13  0057   56091   3420     1.15e-08    9.02e-07
2012 06 13  0058   56091   3480     1.29e-08    8.93e-07
2012 06 13  0059   56091   3540     2.46e-08    9.84e-07
2012 06 13  0100   56091   3600     2.90e-08    1.04e-06
2012 06 13  0101   56091   3660     2.32e-08    1.02e-06
2012 06 13  0102   56091   3720     1.99e-08    9.86e-07
2012 06 13  0103   56091   3780     1.55e-08    9.40e-07
2012 06 13  0104   56091   3840     1.32e-08    8.99e-07
2012 06 13  0105   56091   3900     1.23e-08    8.84e-07
2012 06 13  0106   56091   3960     1.16e-08    8.70e-07
2012 06 13  0107   56091   4020     1.06e-08    8.53e-07
2012 06 13  0108   56091   4080     1.02e-08    8.44e-07
2012 06 13  0109   56091   4140     1.04e-08    8.27e-07
2012 06 13  0110   56091   4200     1.29e-08    8.21e-07
2012 06 13  0111   56091   4260     1.16e-08    8.16e-07
2012 06 13  0112   56091   4320     1.15e-08    8.09e-07
2012 06 13  0113   56091   4380     1.26e-08    7.93e-07
2012 06 13  0114   56091   4440     1.10e-08    7.82e-07
2012 06 13  0115   56091   4500     8.51e-09    7.64e-07
2012 06 13  0116   56091   4560     6.94e-09    7.53e-07
2012 06 13  0117   56091   4620     7.56e-09    7.64e-07
2012 06 13  0118   56091   4680     8.88e-09    7.72e-07
2012 06 13  0119   56091   4740     8.40e-09    7.66e-07
2012 06 13  0120   56091   4800     1.05e-08    7.50e-07
2012 06 13  0121   56091   4860     9.60e-09    7.38e-07
2012 06 13  0122   56091   4920     7.06e-09    7.20e-07
2012 06 13  0123   56091   4980     7.48e-09    7.13e-07
2012 06 13  0124   56091   5040     9.75e-09    7.16e-07
2012 06 13  0125   56091   5100     9.22e-09    7.21e-07
2012 06 13  0126   56091   5160     1.14e-08    7.27e-07
2012 06 13  0127   56091   5220     7.90e-09    7.32e-07
2012 06 13  0128   56091   5280     6.67e-09    7.30e-07
2012 06 13  0129   56091   5340     6.73e-09    7.20e-07
2012 06 13  0130   56091   5400     9.13e-09    7.16e-07
2012 06 13  0131   56091   5460     7.37e-09    7.17e-07
2012 06 13  0132   56091   5520     6.39e-09    7.18e-07
2012 06 13  0133   56091   5580     7.14e-09    7.19e-07
2012 06 13  0134   56091   5640     7.75e-09    7.16e-07
2012 06 13  0135   56091   5700     8.44e-09    7.16e-07
2012 06 13  0136   56091   5760     7.90e-09    7.14e-07
2012 06 13  0137   56091   5820     5.87e-09    7.12e-07
2012 06 13  0138   56091   5880     6.10e-09    7.18e-07
2012 06 13  0139   56091   5940     7.62e-09    7.35e-07
2012 06 13  0140   56091   6000     1.06e-08    7.29e-07
2012 06 13  0141   56091   6060     9.21e-09    7.44e-07
2012 06 13  0142   56091   6120     8.25e-09    7.51e-07
2012 06 13  0143   56091   6180     1.02e-08    7.72e-07
2012 06 13  0144   56091   6240     1.54e-08    8.17e-07
2012 06 13  0145   56091   6300     2.61e-08    9.04e-07
2012 06 13  0146   56091   6360     3.48e-08    9.91e-07
2012 06 13  0147   56091   6420     3.47e-08    1.06e-06
2012 06 13  0148   56091   6480     3.57e-08    1.10e-06
2012 06 13  0149   56091   6540     3.50e-08    1.11e-06
2012 06 13  0150   56091   6600     2.78e-08    1.08e-06
2012 06 13  0151   56091   6660     2.27e-08    1.04e-06
2012 06 13  0152   56091   6720     1.97e-08    1.00e-06
2012 06 13  0153   56091   6780     1.77e-08    9.84e-07
2012 06 13  0154   56091   6840     1.56e-08    9.58e-07
2012 06 13  0155   56091   6900     1.25e-08    9.24e-07
2012 06 13  0156   56091   6960     9.94e-09    8.80e-07
2012 06 13  0157   56091   7020     9.33e-09    8.50e-07
2012 06 13  0158   56091   7080     9.52e-09    8.21e-07
2012 06 13  0159   56091   7140     9.07e-09    8.01e-07
2012 06 13  0200   56091   7200     8.71e-09    7.84e-07
2012 06 13  0201   56091   7260     6.71e-09    7.62e-07
2012 06 13  0202   56091   7320     4.17e-09    7.52e-07
2012 06 13  0203   56091   7380     5.37e-09    7.48e-07
2012 06 13  0204   56091   7440     4.45e-09    7.36e-07
2012 06 13  0205   56091   7500     5.83e-09    7.37e-07
2012 06 13  0206   56091   7560     8.51e-09    7.47e-07
2012 06 13  0207   56091   7620     7.44e-09    7.51e-07
2012 06 13  0208   56091   7680     6.71e-09    7.43e-07
2012 06 13  0209   56091   7740     8.99e-09    7.62e-07
2012 06 13  0210   56091   7800     1.23e-08    7.88e-07
2012 06 13  0211   56091   7860     1.69e-08    8.14e-07
2012 06 13  0212   56091   7920     2.27e-08    8.48e-07
2012 06 13  0213   56091   7980     2.29e-08    8.85e-07
2012 06 13  0214   56091   8040     2.09e-08    9.01e-07
2012 06 13  0215   56091   8100     1.97e-08    8.95e-07
2012 06 13  0216   56091   8160     1.80e-08    8.99e-07
2012 06 13  0217   56091   8220     1.80e-08    9.10e-07
2012 06 13  0218   56091   8280     1.97e-08    9.27e-07
2012 06 13  0219   56091   8340     2.22e-08    9.56e-07
2012 06 13  0220   56091   8400     2.18e-08    9.92e-07
2012 06 13  0221   56091   8460     2.30e-08    1.01e-06
2012 06 13  0222   56091   8520     2.20e-08    1.02e-06
2012 06 13  0223   56091   8580     2.33e-08    1.03e-06
2012 06 13  0224   56091   8640     2.17e-08    1.03e-06
2012 06 13  0225   56091   8700     2.35e-08    1.03e-06
2012 06 13  0226   56091   8760     2.93e-08    1.12e-06
2012 06 13  0227   56091   8820     3.95e-08    1.27e-06
2012 06 13  0228   56091   8880     3.51e-08    1.25e-06
2012 06 13  0229   56091   8940     3.46e-08    1.21e-06
2012 06 13  0230   56091   9000     3.43e-08    1.18e-06
2012 06 13  0231   56091   9060     2.92e-08    1.15e-06
2012 06 13  0232   56091   9120     2.67e-08    1.11e-06
2012 06 13  0233   56091   9180     2.46e-08    1.08e-06
2012 06 13  0234   56091   9240     2.23e-08    1.05e-06
2012 06 13  0235   56091   9300     1.90e-08    1.02e-06
2012 06 13  0236   56091   9360     1.61e-08    9.92e-07
2012 06 13  0237   56091   9420     1.49e-08    9.73e-07
2012 06 13  0238   56091   9480     1.48e-08    9.66e-07
2012 06 13  0239   56091   9540     1.43e-08    9.55e-07
2012 06 13  0240   56091   9600     1.25e-08    9.39e-07
2012 06 13  0241   56091   9660     1.21e-08    9.33e-07
2012 06 13  0242   56091   9720     1.49e-08    9.39e-07
2012 06 13  0243   56091   9780     1.47e-08    9.38e-07
2012 06 13  0244   56091   9840     1.50e-08    9.31e-07
2012 06 13  0245   56091   9900     1.57e-08    9.34e-07
2012 06 13  0246   56091   9960     1.45e-08    9.42e-07
2012 06 13  0247   56091  10020     1.34e-08    9.50e-07
2012 06 13  0248   56091  10080     1.91e-08    9.55e-07
2012 06 13  0249   56091  10140     1.72e-08    9.52e-07
2012 06 13  0250   56091  10200     1.63e-08    9.47e-07
2012 06 13  0251   56091  10260     1.68e-08    9.37e-07
2012 06 13  0252   56091  10320     1.85e-08    9.34e-07
2012 06 13  0253   56091  10380     1.83e-08    9.37e-07
2012 06 13  0254   56091  10440     1.58e-08    9.23e-07
2012 06 13  0255   56091  10500     1.61e-08    9.04e-07
2012 06 13  0256   56091  10560     1.56e-08    8.91e-07
2012 06 13  0257   56091  10620     1.56e-08    8.87e-07
2012 06 13  0258   56091  10680     1.26e-08    8.75e-07
2012 06 13  0259   56091  10740     1.16e-08    8.66e-07
2012 06 13  0300   56091  10800     1.11e-08    8.62e-07
2012 06 13  0301   56091  10860     9.83e-09    8.55e-07
2012 06 13  0302   56091  10920     1.35e-08    9.35e-07
2012 06 13  0303   56091  10980     6.58e-09    8.63e-07
2012 06 13  0304   56091  11040     5.48e-09    8.42e-07
2012 06 13  0305   56091  11100     6.87e-09    8.22e-07
2012 06 13  0306   56091  11160     6.51e-09    8.07e-07
2012 06 13  0307   56091  11220     5.87e-09    7.89e-07
2012 06 13  0308   56091  11280     6.25e-09    7.81e-07
2012 06 13  0309   56091  11340     5.41e-09    7.88e-07
2012 06 13  0310   56091  11400     6.28e-09    7.85e-07
2012 06 13  0311   56091  11460     6.91e-09    7.86e-07
2012 06 13  0312   56091  11520     7.79e-09    7.99e-07
2012 06 13  0313   56091  11580     9.18e-09    8.10e-07
2012 06 13  0314   56091  11640     1.15e-08    8.65e-07
2012 06 13  0315   56091  11700     1.82e-08    9.27e-07
2012 06 13  0316   56091  11760     2.59e-08    1.00e-06
2012 06 13  0317   56091  11820     3.16e-08    1.05e-06
2012 06 13  0318   56091  11880     7.19e-08    1.33e-06
2012 06 13  0319   56091  11940     1.59e-07    1.90e-06
2012 06 13  0320   56091  12000     1.99e-07    2.23e-06
2012 06 13  0321   56091  12060     1.69e-07    2.17e-06
2012 06 13  0322   56091  12120     1.51e-07    2.01e-06
2012 06 13  0323   56091  12180     1.38e-07    1.90e-06
2012 06 13  0324   56091  12240     1.29e-07    1.83e-06
2012 06 13  0325   56091  12300     1.18e-07    1.78e-06
2012 06 13  0326   56091  12360     1.07e-07    1.75e-06
2012 06 13  0327   56091  12420     1.02e-07    1.73e-06
2012 06 13  0328   56091  12480     9.15e-08    1.69e-06
2012 06 13  0329   56091  12540     8.36e-08    1.66e-06
2012 06 13  0330   56091  12600     7.93e-08    1.62e-06
2012 06 13  0331   56091  12660     6.90e-08    1.57e-06
2012 06 13  0332   56091  12720     6.00e-08    1.51e-06
2012 06 13  0333   56091  12780     5.15e-08    1.44e-06
2012 06 13  0334   56091  12840     4.61e-08    1.40e-06
2012 06 13  0335   56091  12900     4.18e-08    1.35e-06
2012 06 13  0336   56091  12960     3.83e-08    1.30e-06
2012 06 13  0337   56091  13020     3.68e-08    1.25e-06
2012 06 13  0338   56091  13080     3.28e-08    1.20e-06
2012 06 13  0339   56091  13140     2.69e-08    1.17e-06
2012 06 13  0340   56091  13200     2.44e-08    1.12e-06
2012 06 13  0341   56091  13260     2.04e-08    1.08e-06
2012 06 13  0342   56091  13320     1.90e-08    1.05e-06
2012 06 13  0343   56091  13380     1.68e-08    1.02e-06
2012 06 13  0344   56091  13440     1.57e-08    9.91e-07
2012 06 13  0345   56091  13500     1.35e-08    9.63e-07
2012 06 13  0346   56091  13560     1.03e-08    9.35e-07
2012 06 13  0347   56091  13620     1.09e-08    9.24e-07
2012 06 13  0348   56091  13680     9.75e-09    9.01e-07
2012 06 13  0349   56091  13740     1.05e-08    8.87e-07
2012 06 13  0350   56091  13800     8.29e-09    8.69e-07
2012 06 13  0351   56091  13860     7.37e-09    8.49e-07
2012 06 13  0352   56091  13920     9.83e-09    8.32e-07
2012 06 13  0353   56091  13980     8.21e-09    8.24e-07
2012 06 13  0354   56091  14040     6.75e-09    8.11e-07
2012 06 13  0355   56091  14100     4.06e-09    8.02e-07
2012 06 13  0356   56091  14160     4.02e-09    7.90e-07
2012 06 13  0357   56091  14220     3.72e-09    7.82e-07
2012 06 13  0358   56091  14280     4.91e-09    7.75e-07
2012 06 13  0359   56091  14340     4.37e-09    7.56e-07
2012 06 13  0400   56091  14400     5.06e-09    7.46e-07
2012 06 13  0401   56091  14460     4.14e-09    7.40e-07
2012 06 13  0402   56091  14520     4.45e-09    7.38e-07
2012 06 13  0403   56091  14580     2.64e-09    7.39e-07
2012 06 13  0404   56091  14640     3.41e-09    7.42e-07
2012 06 13  0405   56091  14700     9.86e-09    7.72e-07
2012 06 13  0406   56091  14760     9.86e-09    7.98e-07
2012 06 13  0407   56091  14820     8.07e-09    8.05e-07
2012 06 13  0408   56091  14880     8.10e-09    7.97e-07
2012 06 13  0409   56091  14940     1.01e-08    8.23e-07
2012 06 13  0410   56091  15000     1.07e-08    8.34e-07
2012 06 13  0411   56091  15060     9.71e-09    8.26e-07
2012 06 13  0412   56091  15120     9.33e-09    8.18e-07
2012 06 13  0413   56091  15180     1.07e-08    8.07e-07
2012 06 13  0414   56091  15240     9.37e-09    7.90e-07
2012 06 13  0415   56091  15300     9.94e-09    7.78e-07
2012 06 13  0416   56091  15360     1.26e-08    7.78e-07
2012 06 13  0417   56091  15420     1.57e-08    8.31e-07
2012 06 13  0418   56091  15480     1.52e-08    8.41e-07
2012 06 13  0419   56091  15540     1.20e-08    8.25e-07
2012 06 13  0420   56091  15600     1.32e-08    8.15e-07
2012 06 13  0421   56091  15660     1.06e-08    8.03e-07
2012 06 13  0422   56091  15720     9.25e-09    8.03e-07
2012 06 13  0423   56091  15780     1.08e-08    8.20e-07
2012 06 13  0424   56091  15840     1.33e-08    8.35e-07
2012 06 13  0425   56091  15900     1.30e-08    8.44e-07
2012 06 13  0426   56091  15960     1.02e-08    8.35e-07
2012 06 13  0427   56091  16020     9.29e-09    8.27e-07
2012 06 13  0428   56091  16080     9.10e-09    8.13e-07
2012 06 13  0429   56091  16140     7.29e-09    7.99e-07
2012 06 13  0430   56091  16200     6.77e-09    7.89e-07
2012 06 13  0431   56091  16260     6.75e-09    7.80e-07
2012 06 13  0432   56091  16320     5.48e-09    7.64e-07
2012 06 13  0433   56091  16380     5.68e-09    7.56e-07
2012 06 13  0434   56091  16440     7.43e-09    7.44e-07
2012 06 13  0435   56091  16500     4.10e-09    7.34e-07
2012 06 13  0436   56091  16560     4.10e-09    7.30e-07
2012 06 13  0437   56091  16620     4.54e-09    7.21e-07
2012 06 13  0438   56091  16680     2.33e-09    7.03e-07
2012 06 13  0439   56091  16740     1.48e-09    6.88e-07
2012 06 13  0440   56091  16800     1.12e-09    6.76e-07
2012 06 13  0441   56091  16860     1.25e-09    6.64e-07
2012 06 13  0442   56091  16920     1.10e-09    6.56e-07
2012 06 13  0443   56091  16980     1.17e-09    6.49e-07
2012 06 13  0444   56091  17040     1.75e-09    6.43e-07
2012 06 13  0445   56091  17100     1.86e-09    6.37e-07
2012 06 13  0446   56091  17160     1.74e-09    6.31e-07
2012 06 13  0447   56091  17220     2.27e-09    6.33e-07
2012 06 13  0448   56091  17280     1.66e-09    6.25e-07
2012 06 13  0449   56091  17340     2.53e-09    6.42e-07
2012 06 13  0450   56091  17400     8.40e-09    7.15e-07
2012 06 13  0451   56091  17460     7.17e-09    6.95e-07
2012 06 13  0452   56091  17520     3.45e-09    6.49e-07
2012 06 13  0453   56091  17580     2.77e-09    6.29e-07
2012 06 13  0454   56091  17640     1.92e-09    6.23e-07
2012 06 13  0455   56091  17700     1.12e-09    6.15e-07
2012 06 13  0456   56091  17760     1.12e-09    6.10e-07
2012 06 13  0457   56091  17820     1.34e-09    6.03e-07
2012 06 13  0458   56091  17880     2.55e-09    6.08e-07
2012 06 13  0459   56091  17940     2.17e-09    6.10e-07
2012 06 13  0500   56091  18000     1.19e-09    6.17e-07
2012 06 13  0501   56091  18060     1.70e-09    6.22e-07
2012 06 13  0502   56091  18120     1.67e-09    6.24e-07
2012 06 13  0503   56091  18180     4.00e-09    6.55e-07
2012 06 13  0504   56091  18240     7.06e-09    6.95e-07
2012 06 13  0505   56091  18300     4.98e-09    6.61e-07
2012 06 13  0506   56091  18360     3.45e-09    6.38e-07
2012 06 13  0507   56091  18420     3.25e-09    6.35e-07
2012 06 13  0508   56091  18480     5.25e-09    6.42e-07
2012 06 13  0509   56091  18540     2.95e-09    6.38e-07
2012 06 13  0510   56091  18600     3.87e-09    6.35e-07
2012 06 13  0511   56091  18660     5.17e-09    6.35e-07
2012 06 13  0512   56091  18720     2.88e-09    6.34e-07
2012 06 13  0513   56091  18780     1.52e-09    6.26e-07
2012 06 13  0514   56091  18840     1.75e-09    6.29e-07
2012 06 13  0515   56091  18900     2.59e-09    6.28e-07
2012 06 13  0516   56091  18960     1.55e-09    6.23e-07
2012 06 13  0517   56091  19020     3.45e-09    6.20e-07
2012 06 13  0518   56091  19080     2.90e-09    6.25e-07
2012 06 13  0519   56091  19140     2.35e-09    6.22e-07
2012 06 13  0520   56091  19200     1.39e-09    6.23e-07
2012 06 13  0521   56091  19260     1.84e-09    6.22e-07
2012 06 13  0522   56091  19320     2.79e-09    6.16e-07
2012 06 13  0523   56091  19380     2.49e-09    6.16e-07
2012 06 13  0524   56091  19440     5.32e-09    6.24e-07
2012 06 13  0525   56091  19500     6.79e-09    6.40e-07
2012 06 13  0526   56091  19560     8.90e-09    6.46e-07
2012 06 13  0527   56091  19620     1.04e-08    6.58e-07
2012 06 13  0528   56091  19680     1.01e-08    6.68e-07
2012 06 13  0529   56091  19740     7.48e-09    6.62e-07
2012 06 13  0530   56091  19800     6.87e-09    6.57e-07
2012 06 13  0531   56091  19860     6.47e-09    6.61e-07
2012 06 13  0532   56091  19920     6.52e-09    6.66e-07
2012 06 13  0533   56091  19980     4.83e-09    6.65e-07
2012 06 13  0534   56091  20040     3.72e-09    6.61e-07
2012 06 13  0535   56091  20100     3.64e-09    6.60e-07
2012 06 13  0536   56091  20160     3.06e-09    6.55e-07
2012 06 13  0537   56091  20220     4.25e-09    6.48e-07
2012 06 13  0538   56091  20280     3.27e-09    6.45e-07
2012 06 13  0539   56091  20340     3.22e-09    6.49e-07
2012 06 13  0540   56091  20400     4.48e-09    6.67e-07
2012 06 13  0541   56091  20460     6.80e-09    6.77e-07
2012 06 13  0542   56091  20520     8.83e-09    6.89e-07
2012 06 13  0543   56091  20580     6.48e-09    6.96e-07
2012 06 13  0544   56091  20640     6.41e-09    6.99e-07
2012 06 13  0545   56091  20700     9.07e-09    7.04e-07
2012 06 13  0546   56091  20760     1.00e-08    7.14e-07
2012 06 13  0547   56091  20820     1.21e-08    7.60e-07
2012 06 13  0548   56091  20880     1.32e-08    7.86e-07
2012 06 13  0549   56091  20940     1.12e-08    7.82e-07
2012 06 13  0550   56091  21000     9.06e-09    7.79e-07
2012 06 13  0551   56091  21060     7.03e-09    7.81e-07
2012 06 13  0552   56091  21120     7.14e-09    7.84e-07
2012 06 13  0553   56091  21180     9.06e-09    8.02e-07
2012 06 13  0554   56091  21240     1.02e-08    8.16e-07
2012 06 13  0555   56091  21300     1.08e-08    8.33e-07
2012 06 13  0556   56091  21360     1.10e-08    8.50e-07
2012 06 13  0557   56091  21420     1.15e-08    8.70e-07
2012 06 13  0558   56091  21480     1.27e-08    8.90e-07
2012 06 13  0559   56091  21540     1.52e-08    9.14e-07
2012 06 13  0600   56091  21600     1.64e-08    9.33e-07
2012 06 13  0601   56091  21660     1.82e-08    9.66e-07
2012 06 13  0602   56091  21720     2.06e-08    1.00e-06
2012 06 13  0603   56091  21780     2.23e-08    1.03e-06
2012 06 13  0604   56091  21840     2.43e-08    1.08e-06
2012 06 13  0605   56091  21900     2.69e-08    1.08e-06
2012 06 13  0606   56091  21960     2.16e-08    1.07e-06
2012 06 13  0607   56091  22020     1.85e-08    1.05e-06
2012 06 13  0608   56091  22080     1.88e-08    1.03e-06
2012 06 13  0609   56091  22140     1.44e-08    1.02e-06
2012 06 13  0610   56091  22200     1.52e-08    1.02e-06
2012 06 13  0611   56091  22260     2.30e-08    1.08e-06
2012 06 13  0612   56091  22320     2.98e-08    1.15e-06
2012 06 13  0613   56091  22380     2.95e-08    1.17e-06
2012 06 13  0614   56091  22440     2.72e-08    1.17e-06
2012 06 13  0615   56091  22500     2.57e-08    1.15e-06
2012 06 13  0616   56091  22560     2.30e-08    1.14e-06
2012 06 13  0617   56091  22620     2.19e-08    1.12e-06
2012 06 13  0618   56091  22680     2.05e-08    1.12e-06
2012 06 13  0619   56091  22740     3.40e-08    1.20e-06
2012 06 13  0620   56091  22800     5.26e-08    1.34e-06
2012 06 13  0621   56091  22860     5.54e-08    1.37e-06
2012 06 13  0622   56091  22920     5.09e-08    1.36e-06
2012 06 13  0623   56091  22980     4.53e-08    1.35e-06
2012 06 13  0624   56091  23040     4.46e-08    1.33e-06
2012 06 13  0625   56091  23100     3.93e-08    1.28e-06
2012 06 13  0626   56091  23160     3.18e-08    1.22e-06
2012 06 13  0627   56091  23220     2.50e-08    1.14e-06
2012 06 13  0628   56091  23280     2.01e-08    1.08e-06
2012 06 13  0629   56091  23340     2.04e-08    1.04e-06
2012 06 13  0630   56091  23400     1.90e-08    1.01e-06
2012 06 13  0631   56091  23460     1.72e-08    9.83e-07
2012 06 13  0632   56091  23520     1.57e-08    9.62e-07
2012 06 13  0633   56091  23580     1.72e-08    9.45e-07
2012 06 13  0634   56091  23640     1.74e-08    9.15e-07
2012 06 13  0635   56091  23700     1.47e-08    8.86e-07
2012 06 13  0636   56091  23760     1.41e-08    8.58e-07
2012 06 13  0637   56091  23820     9.83e-09    8.29e-07
2012 06 13  0638   56091  23880     6.80e-09    7.95e-07
2012 06 13  0639   56091  23940     7.06e-09    7.67e-07
2012 06 13  0640   56091  24000     7.02e-09    7.52e-07
2012 06 13  0641   56091  24060     7.21e-09    7.41e-07
2012 06 13  0642   56091  24120     6.36e-09    7.21e-07
2012 06 13  0643   56091  24180     5.18e-09    7.02e-07
2012 06 13  0644   56091  24240     4.95e-09    6.84e-07
2012 06 13  0645   56091  24300     4.76e-09    6.72e-07
2012 06 13  0646   56091  24360     4.18e-09    6.64e-07
2012 06 13  0647   56091  24420     4.87e-09    6.57e-07
2012 06 13  0648   56091  24480     6.21e-09    6.58e-07
2012 06 13  0649   56091  24540     1.77e-09    6.54e-07
2012 06 13  0650   56091  24600     1.59e-09    6.49e-07
2012 06 13  0651   56091  24660     4.52e-09    6.45e-07
2012 06 13  0652   56091  24720     2.41e-09    6.39e-07
2012 06 13  0653   56091  24780     1.31e-09    6.38e-07
2012 06 13  0654   56091  24840     1.29e-09    6.45e-07
2012 06 13  0655   56091  24900     1.26e-08    7.23e-07
2012 06 13  0656   56091  24960     3.02e-08    8.70e-07
2012 06 13  0657   56091  25020     2.33e-08    8.60e-07
2012 06 13  0658   56091  25080     1.23e-08    7.73e-07
2012 06 13  0659   56091  25140     8.07e-09    7.15e-07
2012 06 13  0700   56091  25200     6.94e-09    6.85e-07
2012 06 13  0701   56091  25260     9.75e-09    6.88e-07
2012 06 13  0702   56091  25320     7.25e-09    6.74e-07
2012 06 13  0703   56091  25380     4.06e-09    6.61e-07
2012 06 13  0704   56091  25440     6.64e-09    6.63e-07
2012 06 13  0705   56091  25500     8.99e-09    6.74e-07
2012 06 13  0706   56091  25560     8.48e-09    6.67e-07
2012 06 13  0707   56091  25620     4.89e-09    6.56e-07
2012 06 13  0708   56091  25680     2.91e-09    6.41e-07
2012 06 13  0709   56091  25740     2.61e-09    6.28e-07
2012 06 13  0710   56091  25800     3.95e-09    6.28e-07
2012 06 13  0711   56091  25860     4.02e-09    6.41e-07
2012 06 13  0712   56091  25920     4.13e-09    6.50e-07
2012 06 13  0713   56091  25980     2.73e-09    6.41e-07
2012 06 13  0714   56091  26040     1.71e-09    6.25e-07
2012 06 13  0715   56091  26100     3.08e-09    6.09e-07
2012 06 13  0716   56091  26160     2.23e-09    5.99e-07
2012 06 13  0717   56091  26220     2.23e-09    5.96e-07
2012 06 13  0718   56091  26280     2.31e-09    5.98e-07
2012 06 13  0719   56091  26340     2.49e-09    6.06e-07
2012 06 13  0720   56091  26400     5.29e-09    6.37e-07
2012 06 13  0721   56091  26460     6.52e-09    6.42e-07
2012 06 13  0722   56091  26520     6.95e-09    6.25e-07
2012 06 13  0723   56091  26580     3.45e-09    6.17e-07
2012 06 13  0724   56091  26640     4.87e-09    6.21e-07
2012 06 13  0725   56091  26700     2.71e-09    6.23e-07
2012 06 13  0726   56091  26760     2.83e-09    6.38e-07
2012 06 13  0727   56091  26820     3.29e-09    6.58e-07
2012 06 13  0728   56091  26880     3.95e-09    6.68e-07
2012 06 13  0729   56091  26940     1.74e-09    6.59e-07
2012 06 13  0730   56091  27000     2.34e-09    6.58e-07
2012 06 13  0731   56091  27060     2.96e-09    6.74e-07
2012 06 13  0732   56091  27120     7.92e-09    7.24e-07
2012 06 13  0733   56091  27180     1.97e-08    7.85e-07
2012 06 13  0734   56091  27240     2.09e-08    8.30e-07
2012 06 13  0735   56091  27300     1.84e-08    8.29e-07
2012 06 13  0736   56091  27360     1.95e-08    8.41e-07
2012 06 13  0737   56091  27420     1.83e-08    8.51e-07
2012 06 13  0738   56091  27480     1.42e-08    8.23e-07
2012 06 13  0739   56091  27540     1.58e-08    8.15e-07
2012 06 13  0740   56091  27600     1.52e-08    8.07e-07
2012 06 13  0741   56091  27660     1.57e-08    8.05e-07
2012 06 13  0742   56091  27720     1.27e-08    7.78e-07
2012 06 13  0743   56091  27780     1.16e-08    7.61e-07
2012 06 13  0744   56091  27840     9.29e-09    7.60e-07
2012 06 13  0745   56091  27900     1.45e-08    8.06e-07
2012 06 13  0746   56091  27960     1.57e-08    8.32e-07
2012 06 13  0747   56091  28020     1.17e-08    7.94e-07
2012 06 13  0748   56091  28080     1.22e-08    7.91e-07
2012 06 13  0749   56091  28140     1.03e-08    7.67e-07
2012 06 13  0750   56091  28200     9.75e-09    7.43e-07
2012 06 13  0751   56091  28260     8.75e-09    7.29e-07
2012 06 13  0752   56091  28320     7.25e-09    7.20e-07
2012 06 13  0753   56091  28380     5.60e-09    7.13e-07
2012 06 13  0754   56091  28440     4.95e-09    7.03e-07
2012 06 13  0755   56091  28500     6.02e-09    7.04e-07
2012 06 13  0756   56091  28560     7.03e-09    7.21e-07
2012 06 13  0757   56091  28620     8.90e-09    7.41e-07
2012 06 13  0758   56091  28680     8.14e-09    7.43e-07
2012 06 13  0759   56091  28740     8.92e-09    7.49e-07
2012 06 13  0800   56091  28800     9.63e-09    7.57e-07
2012 06 13  0801   56091  28860     8.14e-09    7.54e-07
2012 06 13  0802   56091  28920     7.06e-09    7.47e-07
2012 06 13  0803   56091  28980     6.17e-09    7.60e-07
2012 06 13  0804   56091  29040     8.48e-09    7.66e-07
2012 06 13  0805   56091  29100     1.12e-08    7.88e-07
2012 06 13  0806   56091  29160     1.17e-08    8.05e-07
2012 06 13  0807   56091  29220     1.50e-08    7.98e-07
2012 06 13  0808   56091  29280     1.62e-08    7.95e-07
2012 06 13  0809   56091  29340     1.63e-08    8.02e-07
2012 06 13  0810   56091  29400     1.94e-08    8.34e-07
2012 06 13  0811   56091  29460     2.65e-08    9.19e-07
2012 06 13  0812   56091  29520     2.97e-08    9.78e-07
2012 06 13  0813   56091  29580     3.17e-08    1.00e-06
2012 06 13  0814   56091  29640     3.58e-08    1.02e-06
2012 06 13  0815   56091  29700     3.01e-08    1.03e-06
2012 06 13  0816   56091  29760     2.75e-08    1.03e-06
2012 06 13  0817   56091  29820     2.80e-08    1.02e-06
2012 06 13  0818   56091  29880     3.22e-08    1.01e-06
2012 06 13  0819   56091  29940     3.39e-08    1.01e-06
2012 06 13  0820   56091  30000     3.33e-08    1.01e-06
2012 06 13  0821   56091  30060     3.16e-08    1.01e-06
2012 06 13  0822   56091  30120     2.67e-08    1.00e-06
2012 06 13  0823   56091  30180     2.50e-08    1.00e-06
2012 06 13  0824   56091  30240     2.36e-08    1.01e-06
2012 06 13  0825   56091  30300     2.67e-08    1.03e-06
2012 06 13  0826   56091  30360     2.53e-08    1.04e-06
2012 06 13  0827   56091  30420     2.59e-08    1.06e-06
2012 06 13  0828   56091  30480     2.33e-08    1.06e-06
2012 06 13  0829   56091  30540     2.16e-08    1.05e-06
2012 06 13  0830   56091  30600     2.31e-08    1.05e-06
2012 06 13  0831   56091  30660     2.02e-08    1.03e-06
2012 06 13  0832   56091  30720     2.04e-08    1.01e-06
2012 06 13  0833   56091  30780     2.09e-08    9.96e-07
2012 06 13  0834   56091  30840     2.10e-08    9.83e-07
2012 06 13  0835   56091  30900     1.95e-08    9.67e-07
2012 06 13  0836   56091  30960     1.77e-08    9.53e-07
2012 06 13  0837   56091  31020     1.51e-08    9.39e-07
2012 06 13  0838   56091  31080     1.25e-08    9.19e-07
2012 06 13  0839   56091  31140     1.09e-08    9.04e-07
2012 06 13  0840   56091  31200     9.70e-09    8.85e-07
2012 06 13  0841   56091  31260     9.48e-09    8.68e-07
2012 06 13  0842   56091  31320     1.03e-08    8.56e-07
2012 06 13  0843   56091  31380     8.92e-09    8.43e-07
2012 06 13  0844   56091  31440     7.90e-09    8.28e-07
2012 06 13  0845   56091  31500     7.67e-09    8.12e-07
2012 06 13  0846   56091  31560     1.05e-08    8.07e-07
2012 06 13  0847   56091  31620     9.94e-09    7.97e-07
2012 06 13  0848   56091  31680     8.87e-09    7.87e-07
2012 06 13  0849   56091  31740     6.75e-09    7.73e-07
2012 06 13  0850   56091  31800     6.32e-09    7.66e-07
2012 06 13  0851   56091  31860     7.33e-09    7.56e-07
2012 06 13  0852   56091  31920     4.45e-09    7.42e-07
2012 06 13  0853   56091  31980     5.17e-09    7.37e-07
2012 06 13  0854   56091  32040     3.33e-09    7.27e-07
2012 06 13  0855   56091  32100     4.45e-09    7.31e-07
2012 06 13  0856   56091  32160     5.76e-09    7.32e-07
2012 06 13  0857   56091  32220     3.79e-09    7.38e-07
2012 06 13  0858   56091  32280     5.64e-09    7.33e-07
2012 06 13  0859   56091  32340     2.33e-09    7.26e-07
2012 06 13  0900   56091  32400     2.93e-09    7.18e-07
2012 06 13  0901   56091  32460     4.25e-09    7.15e-07
2012 06 13  0902   56091  32520     4.71e-09    7.11e-07
2012 06 13  0903   56091  32580     4.76e-09    7.08e-07
2012 06 13  0904   56091  32640     3.37e-09    7.13e-07
2012 06 13  0905   56091  32700     3.83e-09    7.20e-07
2012 06 13  0906   56091  32760     5.69e-09    7.29e-07
2012 06 13  0907   56091  32820     5.14e-09    7.34e-07
2012 06 13  0908   56091  32880     4.64e-09    7.43e-07
2012 06 13  0909   56091  32940     5.75e-09    7.46e-07
2012 06 13  0910   56091  33000     7.81e-09    7.53e-07
2012 06 13  0911   56091  33060     7.90e-09    7.55e-07
2012 06 13  0912   56091  33120     8.37e-09    7.61e-07
2012 06 13  0913   56091  33180     1.26e-08    7.76e-07
2012 06 13  0914   56091  33240     1.31e-08    8.06e-07
2012 06 13  0915   56091  33300     2.59e-08    8.94e-07
2012 06 13  0916   56091  33360     1.41e-07    1.49e-06
2012 06 13  0917   56091  33420     3.16e-07    2.32e-06
2012 06 13  0918   56091  33480     3.55e-07    2.73e-06
2012 06 13  0919   56091  33540     3.03e-07    2.74e-06
2012 06 13  0920   56091  33600     2.30e-07    2.58e-06
2012 06 13  0921   56091  33660     1.70e-07    2.34e-06
2012 06 13  0922   56091  33720     1.28e-07    2.11e-06
2012 06 13  0923   56091  33780     9.93e-08    1.92e-06
2012 06 13  0924   56091  33840     7.68e-08    1.75e-06
2012 06 13  0925   56091  33900     6.36e-08    1.59e-06
2012 06 13  0926   56091  33960     4.88e-08    1.47e-06
2012 06 13  0927   56091  34020     3.93e-08    1.36e-06
2012 06 13  0928   56091  34080     3.23e-08    1.28e-06
2012 06 13  0929   56091  34140     2.78e-08    1.20e-06
2012 06 13  0930   56091  34200     2.41e-08    1.14e-06
2012 06 13  0931   56091  34260     2.08e-08    1.09e-06
2012 06 13  0932   56091  34320     1.69e-08    1.06e-06
2012 06 13  0933   56091  34380     1.72e-08    1.03e-06
2012 06 13  0934   56091  34440     1.66e-08    1.01e-06
2012 06 13  0935   56091  34500     1.58e-08    9.84e-07
2012 06 13  0936   56091  34560     1.60e-08    9.66e-07
2012 06 13  0937   56091  34620     2.24e-08    9.95e-07
2012 06 13  0938   56091  34680     6.17e-08    1.29e-06
2012 06 13  0939   56091  34740     7.18e-08    1.38e-06
2012 06 13  0940   56091  34800     4.66e-08    1.26e-06
2012 06 13  0941   56091  34860     3.02e-08    1.15e-06
2012 06 13  0942   56091  34920     2.39e-08    1.06e-06
2012 06 13  0943   56091  34980     2.39e-08    1.03e-06
2012 06 13  0944   56091  35040     1.90e-08    9.79e-07
2012 06 13  0945   56091  35100     1.77e-08    9.45e-07
2012 06 13  0946   56091  35160     1.50e-08    9.22e-07
2012 06 13  0947   56091  35220     1.43e-08    9.09e-07
2012 06 13  0948   56091  35280     1.36e-08    9.04e-07
2012 06 13  0949   56091  35340     1.26e-08    8.93e-07
2012 06 13  0950   56091  35400     9.81e-09    8.81e-07
2012 06 13  0951   56091  35460     9.67e-09    8.76e-07
2012 06 13  0952   56091  35520     9.52e-09    8.75e-07
2012 06 13  0953   56091  35580     8.79e-09    8.54e-07
2012 06 13  0954   56091  35640     8.92e-09    8.36e-07
2012 06 13  0955   56091  35700     9.36e-09    8.25e-07
2012 06 13  0956   56091  35760     9.29e-09    8.21e-07
2012 06 13  0957   56091  35820     9.55e-09    8.27e-07
2012 06 13  0958   56091  35880     9.21e-09    8.42e-07
2012 06 13  0959   56091  35940     7.67e-09    8.38e-07
2012 06 13  1000   56091  36000     8.62e-09    8.32e-07
2012 06 13  1001   56091  36060     9.48e-09    8.20e-07
2012 06 13  1002   56091  36120     8.67e-09    8.19e-07
2012 06 13  1003   56091  36180     9.02e-09    8.20e-07
2012 06 13  1004   56091  36240     9.96e-09    8.32e-07
2012 06 13  1005   56091  36300     1.26e-08    8.58e-07
2012 06 13  1006   56091  36360     1.80e-08    8.90e-07
2012 06 13  1007   56091  36420     1.93e-08    9.15e-07
2012 06 13  1008   56091  36480     1.98e-08    9.24e-07
2012 06 13  1009   56091  36540     2.15e-08    9.33e-07
2012 06 13  1010   56091  36600     2.02e-08    9.42e-07
2012 06 13  1011   56091  36660     2.27e-08    9.50e-07
2012 06 13  1012   56091  36720     2.11e-08    9.62e-07
2012 06 13  1013   56091  36780     1.93e-08    9.75e-07
2012 06 13  1014   56091  36840     1.77e-08    9.71e-07
2012 06 13  1015   56091  36900     1.74e-08    9.78e-07
2012 06 13  1016   56091  36960     1.92e-08    1.00e-06
2012 06 13  1017   56091  37020     2.09e-08    1.03e-06
2012 06 13  1018   56091  37080     2.15e-08    1.04e-06
2012 06 13  1019   56091  37140     2.09e-08    1.05e-06
2012 06 13  1020   56091  37200     2.47e-08    1.08e-06
2012 06 13  1021   56091  37260     2.73e-08    1.10e-06
2012 06 13  1022   56091  37320     2.98e-08    1.10e-06
2012 06 13  1023   56091  37380     3.16e-08    1.10e-06
2012 06 13  1024   56091  37440     3.20e-08    1.09e-06
2012 06 13  1025   56091  37500     2.84e-08    1.09e-06
2012 06 13  1026   56091  37560     2.95e-08    1.10e-06
2012 06 13  1027   56091  37620     3.18e-08    1.11e-06
2012 06 13  1028   56091  37680     3.21e-08    1.12e-06
2012 06 13  1029   56091  37740     3.08e-08    1.12e-06
2012 06 13  1030   56091  37800     3.23e-08    1.13e-06
2012 06 13  1031   56091  37860     3.26e-08    1.13e-06
2012 06 13  1032   56091  37920     3.18e-08    1.13e-06
2012 06 13  1033   56091  37980     3.25e-08    1.12e-06
2012 06 13  1034   56091  38040     3.19e-08    1.12e-06
2012 06 13  1035   56091  38100     2.91e-08    1.11e-06
2012 06 13  1036   56091  38160     2.83e-08    1.11e-06
2012 06 13  1037   56091  38220     2.75e-08    1.11e-06
2012 06 13  1038   56091  38280     2.91e-08    1.13e-06
2012 06 13  1039   56091  38340     3.17e-08    1.16e-06
2012 06 13  1040   56091  38400     3.53e-08    1.19e-06
2012 06 13  1041   56091  38460     4.53e-08    1.24e-06
2012 06 13  1042   56091  38520     4.49e-08    1.26e-06
2012 06 13  1043   56091  38580     4.51e-08    1.27e-06
2012 06 13  1044   56091  38640     4.31e-08    1.27e-06
2012 06 13  1045   56091  38700     4.21e-08    1.27e-06
2012 06 13  1046   56091  38760     3.95e-08    1.25e-06
2012 06 13  1047   56091  38820     3.65e-08    1.23e-06
2012 06 13  1048   56091  38880     3.94e-08    1.23e-06
2012 06 13  1049   56091  38940     3.71e-08    1.24e-06
2012 06 13  1050   56091  39000     3.94e-08    1.26e-06
2012 06 13  1051   56091  39060     3.89e-08    1.27e-06
2012 06 13  1052   56091  39120     3.66e-08    1.26e-06
2012 06 13  1053   56091  39180     3.65e-08    1.25e-06
2012 06 13  1054   56091  39240     3.74e-08    1.25e-06
2012 06 13  1055   56091  39300     3.99e-08    1.26e-06
2012 06 13  1056   56091  39360     4.05e-08    1.26e-06
2012 06 13  1057   56091  39420     4.12e-08    1.25e-06
2012 06 13  1058   56091  39480     4.06e-08    1.25e-06
2012 06 13  1059   56091  39540     3.81e-08    1.25e-06
2012 06 13  1100   56091  39600     3.73e-08    1.24e-06
2012 06 13  1101   56091  39660     3.94e-08    1.26e-06
2012 06 13  1102   56091  39720     3.95e-08    1.27e-06
2012 06 13  1103   56091  39780     3.95e-08    1.27e-06
2012 06 13  1104   56091  39840     4.40e-08    1.32e-06
2012 06 13  1105   56091  39900     4.11e-08    1.30e-06
2012 06 13  1106   56091  39960     4.03e-08    1.29e-06
2012 06 13  1107   56091  40020     3.84e-08    1.27e-06
2012 06 13  1108   56091  40080     3.85e-08    1.25e-06
2012 06 13  1109   56091  40140     3.81e-08    1.24e-06
2012 06 13  1110   56091  40200     3.80e-08    1.23e-06
2012 06 13  1111   56091  40260     3.48e-08    1.22e-06
2012 06 13  1112   56091  40320     3.49e-08    1.23e-06
2012 06 13  1113   56091  40380     3.43e-08    1.23e-06
2012 06 13  1114   56091  40440     3.33e-08    1.24e-06
2012 06 13  1115   56091  40500     3.28e-08    1.23e-06
2012 06 13  1116   56091  40560     3.44e-08    1.20e-06
2012 06 13  1117   56091  40620     3.32e-08    1.21e-06
2012 06 13  1118   56091  40680     3.44e-08    1.22e-06
2012 06 13  1119   56091  40740     3.37e-08    1.21e-06
2012 06 13  1120   56091  40800     3.32e-08    1.22e-06
2012 06 13  1121   56091  40860     3.39e-08    1.22e-06
2012 06 13  1122   56091  40920     3.55e-08    1.23e-06
2012 06 13  1123   56091  40980     3.62e-08    1.24e-06
2012 06 13  1124   56091  41040     3.86e-08    1.25e-06
2012 06 13  1125   56091  41100     4.11e-08    1.26e-06
2012 06 13  1126   56091  41160     4.02e-08    1.27e-06
2012 06 13  1127   56091  41220     4.22e-08    1.29e-06
2012 06 13  1128   56091  41280     4.71e-08    1.32e-06
2012 06 13  1129   56091  41340     5.43e-08    1.38e-06
2012 06 13  1130   56091  41400     6.20e-08    1.44e-06
2012 06 13  1131   56091  41460     8.76e-08    1.60e-06
2012 06 13  1132   56091  41520     9.76e-08    1.71e-06
2012 06 13  1133   56091  41580     1.00e-07    1.79e-06
2012 06 13  1134   56091  41640     9.82e-08    1.81e-06
2012 06 13  1135   56091  41700     1.01e-07    1.85e-06
2012 06 13  1136   56091  41760     1.07e-07    1.90e-06
2012 06 13  1137   56091  41820     1.11e-07    1.96e-06
2012 06 13  1138   56091  41880     1.10e-07    2.00e-06
2012 06 13  1139   56091  41940     1.06e-07    1.99e-06
2012 06 13  1140   56091  42000     9.91e-08    1.97e-06
2012 06 13  1141   56091  42060     9.28e-08    1.94e-06
2012 06 13  1142   56091  42120     8.71e-08    1.90e-06
2012 06 13  1143   56091  42180     8.26e-08    1.86e-06
2012 06 13  1144   56091  42240     7.51e-08    1.82e-06
2012 06 13  1145   56091  42300     7.01e-08    1.78e-06
2012 06 13  1146   56091  42360     6.54e-08    1.74e-06
2012 06 13  1147   56091  42420     6.41e-08    1.72e-06
2012 06 13  1148   56091  42480     6.41e-08    1.71e-06
2012 06 13  1149   56091  42540     6.37e-08    1.69e-06
2012 06 13  1150   56091  42600     6.67e-08    1.68e-06
2012 06 13  1151   56091  42660     7.09e-08    1.68e-06
2012 06 13  1152   56091  42720     7.48e-08    1.71e-06
2012 06 13  1153   56091  42780     8.10e-08    1.75e-06
2012 06 13  1154   56091  42840     8.58e-08    1.78e-06
2012 06 13  1155   56091  42900     8.93e-08    1.80e-06
2012 06 13  1156   56091  42960     9.23e-08    1.83e-06
2012 06 13  1157   56091  43020     9.62e-08    1.86e-06
2012 06 13  1158   56091  43080     9.84e-08    1.87e-06
2012 06 13  1159   56091  43140     9.79e-08    1.87e-06
2012 06 13  1200   56091  43200     1.00e-07    1.88e-06
2012 06 13  1201   56091  43260     1.03e-07    1.90e-06
2012 06 13  1202   56091  43320     1.05e-07    1.90e-06
2012 06 13  1203   56091  43380     1.06e-07    1.91e-06
2012 06 13  1204   56091  43440     1.16e-07    1.99e-06
2012 06 13  1205   56091  43500     1.26e-07    2.05e-06
2012 06 13  1206   56091  43560     1.33e-07    2.11e-06
2012 06 13  1207   56091  43620     1.38e-07    2.16e-06
2012 06 13  1208   56091  43680     1.42e-07    2.19e-06
2012 06 13  1209   56091  43740     1.47e-07    2.23e-06
2012 06 13  1210   56091  43800     1.50e-07    2.25e-06
2012 06 13  1211   56091  43860     1.61e-07    2.29e-06
2012 06 13  1212   56091  43920     1.72e-07    2.34e-06
2012 06 13  1213   56091  43980     1.92e-07    2.40e-06
2012 06 13  1214   56091  44040     2.06e-07    2.48e-06
2012 06 13  1215   56091  44100     2.29e-07    2.58e-06
2012 06 13  1216   56091  44160     2.48e-07    2.71e-06
2012 06 13  1217   56091  44220     2.63e-07    2.82e-06
2012 06 13  1218   56091  44280     2.70e-07    2.86e-06
2012 06 13  1219   56091  44340     2.84e-07    2.95e-06
2012 06 13  1220   56091  44400     2.95e-07    3.02e-06
2012 06 13  1221   56091  44460     3.05e-07    3.10e-06
2012 06 13  1222   56091  44520     3.21e-07    3.21e-06
2012 06 13  1223   56091  44580     3.37e-07    3.33e-06
2012 06 13  1224   56091  44640     3.59e-07    3.46e-06
2012 06 13  1225   56091  44700     3.71e-07    3.58e-06
2012 06 13  1226   56091  44760     3.83e-07    3.71e-06
2012 06 13  1227   56091  44820     3.95e-07    3.82e-06
2012 06 13  1228   56091  44880     4.17e-07    3.96e-06
2012 06 13  1229   56091  44940     4.40e-07    4.12e-06
2012 06 13  1230   56091  45000     4.58e-07    4.26e-06
2012 06 13  1231   56091  45060     4.71e-07    4.37e-06
2012 06 13  1232   56091  45120     4.73e-07    4.46e-06
2012 06 13  1233   56091  45180     4.84e-07    4.60e-06
2012 06 13  1234   56091  45240     5.03e-07    4.76e-06
2012 06 13  1235   56091  45300     5.18e-07    4.93e-06
2012 06 13  1236   56091  45360     5.58e-07    5.19e-06
2012 06 13  1237   56091  45420     5.97e-07    5.49e-06
2012 06 13  1238   56091  45480     6.06e-07    5.67e-06
2012 06 13  1239   56091  45540     6.17e-07    5.78e-06
2012 06 13  1240   56091  45600     6.29e-07    5.88e-06
2012 06 13  1241   56091  45660     6.56e-07    6.03e-06
2012 06 13  1242   56091  45720     7.12e-07    6.25e-06
2012 06 13  1243   56091  45780     7.59e-07    6.42e-06
2012 06 13  1244   56091  45840     8.07e-07    6.64e-06
2012 06 13  1245   56091  45900     8.42e-07    6.80e-06
2012 06 13  1246   56091  45960     8.86e-07    6.96e-06
2012 06 13  1247   56091  46020     9.44e-07    7.17e-06
2012 06 13  1248   56091  46080     1.01e-06    7.41e-06
2012 06 13  1249   56091  46140     1.09e-06    7.69e-06
2012 06 13  1250   56091  46200     1.16e-06    7.96e-06
2012 06 13  1251   56091  46260     1.23e-06    8.25e-06
2012 06 13  1252   56091  46320     1.33e-06    8.59e-06
2012 06 13  1253   56091  46380     1.39e-06    8.88e-06
2012 06 13  1254   56091  46440     1.45e-06    9.15e-06
2012 06 13  1255   56091  46500     1.52e-06    9.47e-06
2012 06 13  1256   56091  46560     1.59e-06    9.80e-06
2012 06 13  1257   56091  46620     1.66e-06    1.01e-05
2012 06 13  1258   56091  46680     1.69e-06    1.04e-05
2012 06 13  1259   56091  46740     1.74e-06    1.07e-05
2012 06 13  1300   56091  46800     1.75e-06    1.09e-05
2012 06 13  1301   56091  46860     1.75e-06    1.10e-05
2012 06 13  1302   56091  46920     1.76e-06    1.12e-05
2012 06 13  1303   56091  46980     1.76e-06    1.14e-05
2012 06 13  1304   56091  47040     1.73e-06    1.15e-05
2012 06 13  1305   56091  47100     1.71e-06    1.16e-05
2012 06 13  1306   56091  47160     1.72e-06    1.18e-05
2012 06 13  1307   56091  47220     1.70e-06    1.19e-05
2012 06 13  1308   56091  47280     1.67e-06    1.20e-05
2012 06 13  1309   56091  47340     1.67e-06    1.21e-05
2012 06 13  1310   56091  47400     1.67e-06    1.22e-05
2012 06 13  1311   56091  47460     1.64e-06    1.23e-05
2012 06 13  1312   56091  47520     1.63e-06    1.24e-05
2012 06 13  1313   56091  47580     1.59e-06    1.24e-05
2012 06 13  1314   56091  47640     1.54e-06    1.23e-05
2012 06 13  1315   56091  47700     1.51e-06    1.23e-05
2012 06 13  1316   56091  47760     1.53e-06    1.24e-05
2012 06 13  1317   56091  47820     1.50e-06    1.24e-05
2012 06 13  1318   56091  47880     1.47e-06    1.24e-05
2012 06 13  1319   56091  47940     1.46e-06    1.24e-05
2012 06 13  1320   56091  48000     1.44e-06    1.23e-05
2012 06 13  1321   56091  48060     1.42e-06    1.23e-05
2012 06 13  1322   56091  48120     1.42e-06    1.23e-05
2012 06 13  1323   56091  48180     1.41e-06    1.23e-05
2012 06 13  1324   56091  48240     1.38e-06    1.22e-05
2012 06 13  1325   56091  48300     1.37e-06    1.22e-05
2012 06 13  1326   56091  48360     1.36e-06    1.21e-05
2012 06 13  1327   56091  48420     1.36e-06    1.21e-05
2012 06 13  1328   56091  48480     1.34e-06    1.20e-05
2012 06 13  1329   56091  48540     1.32e-06    1.19e-05
2012 06 13  1330   56091  48600     1.30e-06    1.18e-05
2012 06 13  1331   56091  48660     1.31e-06    1.18e-05
2012 06 13  1332   56091  48720     1.30e-06    1.17e-05
2012 06 13  1333   56091  48780     1.28e-06    1.16e-05
2012 06 13  1334   56091  48840     1.26e-06    1.15e-05
2012 06 13  1335   56091  48900     1.24e-06    1.14e-05
2012 06 13  1336   56091  48960     1.22e-06    1.13e-05
2012 06 13  1337   56091  49020     1.20e-06    1.12e-05
2012 06 13  1338   56091  49080     1.19e-06    1.11e-05
2012 06 13  1339   56091  49140     1.17e-06    1.10e-05
2012 06 13  1340   56091  49200     1.15e-06    1.09e-05
2012 06 13  1341   56091  49260     1.13e-06    1.08e-05
2012 06 13  1342   56091  49320     1.11e-06    1.07e-05
2012 06 13  1343   56091  49380     1.09e-06    1.06e-05
2012 06 13  1344   56091  49440     1.07e-06    1.05e-05
2012 06 13  1345   56091  49500     1.06e-06    1.04e-05
2012 06 13  1346   56091  49560     1.04e-06    1.03e-05
2012 06 13  1347   56091  49620     1.02e-06    1.02e-05
2012 06 13  1348   56091  49680     1.01e-06    1.01e-05
2012 06 13  1349   56091  49740     9.90e-07    1.00e-05
2012 06 13  1350   56091  49800     9.79e-07    9.91e-06
2012 06 13  1351   56091  49860     9.62e-07    9.78e-06
2012 06 13  1352   56091  49920     9.50e-07    9.66e-06
2012 06 13  1353   56091  49980     9.27e-07    9.51e-06
2012 06 13  1354   56091  50040     9.11e-07    9.39e-06
2012 06 13  1355   56091  50100     8.98e-07    9.26e-06
2012 06 13  1356   56091  50160     8.77e-07    9.10e-06
2012 06 13  1357   56091  50220     8.58e-07    8.97e-06
2012 06 13  1358   56091  50280     8.41e-07    8.83e-06
2012 06 13  1359   56091  50340     8.28e-07    8.72e-06
2012 06 13  1400   56091  50400     8.20e-07    8.60e-06
2012 06 13  1401   56091  50460     8.05e-07    8.48e-06
2012 06 13  1402   56091  50520     7.89e-07    8.34e-06
2012 06 13  1403   56091  50580     7.82e-07    8.26e-06
2012 06 13  1404   56091  50640     7.70e-07    8.15e-06
2012 06 13  1405   56091  50700     7.65e-07    8.07e-06
2012 06 13  1406   56091  50760     7.54e-07    7.96e-06
2012 06 13  1407   56091  50820     7.45e-07    7.87e-06
2012 06 13  1408   56091  50880     7.36e-07    7.79e-06
2012 06 13  1409   56091  50940     7.22e-07    7.68e-06
2012 06 13  1410   56091  51000     7.11e-07    7.59e-06
2012 06 13  1411   56091  51060     7.00e-07    7.51e-06
2012 06 13  1412   56091  51120     6.92e-07    7.43e-06
2012 06 13  1413   56091  51180     6.84e-07    7.37e-06
2012 06 13  1414   56091  51240     6.77e-07    7.29e-06
2012 06 13  1415   56091  51300     6.67e-07    7.22e-06
2012 06 13  1416   56091  51360     6.60e-07    7.15e-06
2012 06 13  1417   56091  51420     6.53e-07    7.09e-06
2012 06 13  1418   56091  51480     6.48e-07    7.05e-06
2012 06 13  1419   56091  51540     6.39e-07    7.00e-06
2012 06 13  1420   56091  51600     6.30e-07    6.94e-06
2012 06 13  1421   56091  51660     6.23e-07    6.88e-06
2012 06 13  1422   56091  51720     6.16e-07    6.84e-06
2012 06 13  1423   56091  51780     6.15e-07    6.83e-06
2012 06 13  1424   56091  51840     6.06e-07    6.78e-06
2012 06 13  1425   56091  51900     5.96e-07    6.72e-06
2012 06 13  1426   56091  51960     5.85e-07    6.63e-06
2012 06 13  1427   56091  52020     5.75e-07    6.55e-06
2012 06 13  1428   56091  52080     5.68e-07    6.48e-06
2012 06 13  1429   56091  52140     5.60e-07    6.41e-06
2012 06 13  1430   56091  52200     5.52e-07    6.36e-06
2012 06 13  1431   56091  52260     5.45e-07    6.29e-06
2012 06 13  1432   56091  52320     5.39e-07    6.23e-06
2012 06 13  1433   56091  52380     5.34e-07    6.18e-06
2012 06 13  1434   56091  52440     5.31e-07    6.13e-06
2012 06 13  1435   56091  52500     5.25e-07    6.10e-06
2012 06 13  1436   56091  52560     5.20e-07    6.07e-06
2012 06 13  1437   56091  52620     5.16e-07    6.03e-06
2012 06 13  1438   56091  52680     5.14e-07    6.01e-06
2012 06 13  1439   56091  52740     5.13e-07    5.99e-06
2012 06 13  1440   56091  52800     5.17e-07    6.01e-06
2012 06 13  1441   56091  52860     5.35e-07    6.15e-06
2012 06 13  1442   56091  52920     5.75e-07    6.46e-06
2012 06 13  1443   56091  52980     6.04e-07    6.64e-06
2012 06 13  1444   56091  53040     6.17e-07    6.76e-06
2012 06 13  1445   56091  53100     6.26e-07    6.88e-06
2012 06 13  1446   56091  53160     6.32e-07    6.97e-06
2012 06 13  1447   56091  53220     6.32e-07    7.01e-06
2012 06 13  1448   56091  53280     6.26e-07    7.04e-06
2012 06 13  1449   56091  53340     6.18e-07    7.06e-06
2012 06 13  1450   56091  53400     6.10e-07    7.07e-06
2012 06 13  1451   56091  53460     6.04e-07    7.06e-06
2012 06 13  1452   56091  53520     5.95e-07    7.03e-06
2012 06 13  1453   56091  53580     5.82e-07    6.98e-06
2012 06 13  1454   56091  53640     5.71e-07    6.93e-06
2012 06 13  1455   56091  53700     5.65e-07    6.89e-06
2012 06 13  1456   56091  53760     5.66e-07    7.00e-06
2012 06 13  1457   56091  53820     5.62e-07    6.99e-06
2012 06 13  1458   56091  53880     5.32e-07    6.75e-06
2012 06 13  1459   56091  53940     5.12e-07    6.57e-06
2012 06 13  1500   56091  54000     5.00e-07    6.44e-06
2012 06 13  1501   56091  54060     4.89e-07    6.32e-06
2012 06 13  1502   56091  54120     4.78e-07    6.23e-06
2012 06 13  1503   56091  54180     4.69e-07    6.14e-06
2012 06 13  1504   56091  54240     4.61e-07    6.06e-06
2012 06 13  1505   56091  54300     4.51e-07    5.98e-06
2012 06 13  1506   56091  54360     4.44e-07    5.93e-06
2012 06 13  1507   56091  54420     4.38e-07    5.88e-06
2012 06 13  1508   56091  54480     4.33e-07    5.83e-06
2012 06 13  1509   56091  54540     4.25e-07    5.77e-06
2012 06 13  1510   56091  54600     4.19e-07    5.72e-06
2012 06 13  1511   56091  54660     4.15e-07    5.67e-06
2012 06 13  1512   56091  54720     4.13e-07    5.63e-06
2012 06 13  1513   56091  54780     4.08e-07    5.59e-06
2012 06 13  1514   56091  54840     4.04e-07    5.55e-06
2012 06 13  1515   56091  54900     3.98e-07    5.51e-06
2012 06 13  1516   56091  54960     3.90e-07    5.45e-06
2012 06 13  1517   56091  55020     3.85e-07    5.40e-06
2012 06 13  1518   56091  55080     3.80e-07    5.36e-06
2012 06 13  1519   56091  55140     3.76e-07    5.32e-06
2012 06 13  1520   56091  55200     3.72e-07    5.28e-06
2012 06 13  1521   56091  55260     3.66e-07    5.24e-06
2012 06 13  1522   56091  55320     3.61e-07    5.20e-06
2012 06 13  1523   56091  55380     3.56e-07    5.15e-06
2012 06 13  1524   56091  55440     3.58e-07    5.14e-06
2012 06 13  1525   56091  55500     4.35e-07    5.51e-06
2012 06 13  1526   56091  55560     5.47e-07    6.08e-06
2012 06 13  1527   56091  55620     5.24e-07    6.24e-06
2012 06 13  1528   56091  55680     4.72e-07    6.14e-06
2012 06 13  1529   56091  55740     4.30e-07    5.94e-06
2012 06 13  1530   56091  55800     4.06e-07    5.76e-06
2012 06 13  1531   56091  55860     3.99e-07    5.67e-06
2012 06 13  1532   56091  55920     3.84e-07    5.56e-06
2012 06 13  1533   56091  55980     3.66e-07    5.41e-06
2012 06 13  1534   56091  56040     3.54e-07    5.29e-06
2012 06 13  1535   56091  56100     3.43e-07    5.16e-06
2012 06 13  1536   56091  56160     3.33e-07    5.05e-06
2012 06 13  1537   56091  56220     3.22e-07    4.97e-06
2012 06 13  1538   56091  56280     3.16e-07    4.90e-06
2012 06 13  1539   56091  56340     3.13e-07    4.86e-06
2012 06 13  1540   56091  56400     3.13e-07    4.83e-06
2012 06 13  1541   56091  56460     3.09e-07    4.80e-06
2012 06 13  1542   56091  56520     3.09e-07    4.78e-06
2012 06 13  1543   56091  56580     3.06e-07    4.75e-06
2012 06 13  1544   56091  56640     3.00e-07    4.71e-06
2012 06 13  1545   56091  56700     2.96e-07    4.67e-06
2012 06 13  1546   56091  56760     2.89e-07    4.62e-06
2012 06 13  1547   56091  56820     2.86e-07    4.59e-06
2012 06 13  1548   56091  56880     2.82e-07    4.56e-06
2012 06 13  1549   56091  56940     2.79e-07    4.53e-06
2012 06 13  1550   56091  57000     2.77e-07    4.50e-06
2012 06 13  1551   56091  57060     2.71e-07    4.46e-06
2012 06 13  1552   56091  57120     2.70e-07    4.44e-06
2012 06 13  1553   56091  57180     2.68e-07    4.43e-06
2012 06 13  1554   56091  57240     2.68e-07    4.43e-06
2012 06 13  1555   56091  57300     2.70e-07    4.45e-06
2012 06 13  1556   56091  57360     2.81e-07    4.53e-06
2012 06 13  1557   56091  57420     2.99e-07    4.71e-06
2012 06 13  1558   56091  57480     2.85e-07    4.62e-06
2012 06 13  1559   56091  57540     2.78e-07    4.55e-06
2012 06 13  1600   56091  57600     2.73e-07    4.51e-06
2012 06 13  1601   56091  57660     2.69e-07    4.47e-06
2012 06 13  1602   56091  57720     2.66e-07    4.45e-06
2012 06 13  1603   56091  57780     2.68e-07    4.46e-06
2012 06 13  1604   56091  57840     2.73e-07    4.50e-06
2012 06 13  1605   56091  57900     2.83e-07    4.56e-06
2012 06 13  1606   56091  57960     2.93e-07    4.64e-06
2012 06 13  1607   56091  58020     2.96e-07    4.71e-06
2012 06 13  1608   56091  58080     2.94e-07    4.75e-06
2012 06 13  1609   56091  58140     2.88e-07    4.74e-06
2012 06 13  1610   56091  58200     2.81e-07    4.71e-06
2012 06 13  1611   56091  58260     2.69e-07    4.63e-06
2012 06 13  1612   56091  58320     2.59e-07    4.54e-06
2012 06 13  1613   56091  58380     2.53e-07    4.46e-06
2012 06 13  1614   56091  58440     2.46e-07    4.38e-06
2012 06 13  1615   56091  58500     2.38e-07    4.30e-06
2012 06 13  1616   56091  58560     2.32e-07    4.23e-06
2012 06 13  1617   56091  58620     2.26e-07    4.16e-06
2012 06 13  1618   56091  58680     2.22e-07    4.09e-06
2012 06 13  1619   56091  58740     2.17e-07    4.03e-06
2012 06 13  1620   56091  58800     2.14e-07    3.97e-06
2012 06 13  1621   56091  58860     2.11e-07    3.92e-06
2012 06 13  1622   56091  58920     2.05e-07    3.85e-06
2012 06 13  1623   56091  58980     2.02e-07    3.80e-06
2012 06 13  1624   56091  59040     1.97e-07    3.75e-06
2012 06 13  1625   56091  59100     1.96e-07    3.71e-06
2012 06 13  1626   56091  59160     1.95e-07    3.67e-06
2012 06 13  1627   56091  59220     1.92e-07    3.64e-06
2012 06 13  1628   56091  59280     1.87e-07    3.61e-06
2012 06 13  1629   56091  59340     1.87e-07    3.58e-06
2012 06 13  1630   56091  59400     1.84e-07    3.55e-06
2012 06 13  1631   56091  59460     1.83e-07    3.52e-06
2012 06 13  1632   56091  59520     1.82e-07    3.49e-06
2012 06 13  1633   56091  59580     1.81e-07    3.46e-06
2012 06 13  1634   56091  59640     1.80e-07    3.43e-06
2012 06 13  1635   56091  59700     1.77e-07    3.40e-06
2012 06 13  1636   56091  59760     1.77e-07    3.39e-06
2012 06 13  1637   56091  59820     1.77e-07    3.36e-06
2012 06 13  1638   56091  59880     1.77e-07    3.35e-06
2012 06 13  1639   56091  59940     1.77e-07    3.36e-06
2012 06 13  1640   56091  60000     1.76e-07    3.35e-06
2012 06 13  1641   56091  60060     1.72e-07    3.33e-06
2012 06 13  1642   56091  60120     1.69e-07    3.30e-06
2012 06 13  1643   56091  60180     1.68e-07    3.29e-06
2012 06 13  1644   56091  60240     1.68e-07    3.29e-06
2012 06 13  1645   56091  60300     1.66e-07    3.27e-06
2012 06 13  1646   56091  60360     1.65e-07    3.25e-06
2012 06 13  1647   56091  60420     1.65e-07    3.26e-06
2012 06 13  1648   56091  60480     1.63e-07    3.25e-06
2012 06 13  1649   56091  60540     1.66e-07    3.25e-06
2012 06 13  1650   56091  60600     1.66e-07    3.25e-06
2012 06 13  1651   56091  60660     1.66e-07    3.24e-06
2012 06 13  1652   56091  60720     1.71e-07    3.26e-06
2012 06 13  1653   56091  60780     1.75e-07    3.29e-06
2012 06 13  1654   56091  60840     1.78e-07    3.31e-06
2012 06 13  1655   56091  60900     1.81e-07    3.34e-06
2012 06 13  1656   56091  60960     1.87e-07    3.39e-06
2012 06 13  1657   56091  61020     1.97e-07    3.46e-06
2012 06 13  1658   56091  61080     2.02e-07    3.52e-06
2012 06 13  1659   56091  61140     2.03e-07    3.56e-06
2012 06 13  1700   56091  61200     2.03e-07    3.57e-06
2012 06 13  1701   56091  61260     2.00e-07    3.56e-06
2012 06 13  1702   56091  61320     1.97e-07    3.55e-06
2012 06 13  1703   56091  61380     1.90e-07    3.52e-06
2012 06 13  1704   56091  61440     1.86e-07    3.50e-06
2012 06 13  1705   56091  61500     1.82e-07    3.48e-06
2012 06 13  1706   56091  61560     1.79e-07    3.46e-06
2012 06 13  1707   56091  61620     1.78e-07    3.43e-06
2012 06 13  1708   56091  61680     1.75e-07    3.41e-06
2012 06 13  1709   56091  61740     1.74e-07    3.39e-06
2012 06 13  1710   56091  61800     1.72e-07    3.39e-06
2012 06 13  1711   56091  61860     1.74e-07    3.41e-06
2012 06 13  1712   56091  61920     1.74e-07    3.41e-06
2012 06 13  1713   56091  61980     1.72e-07    3.39e-06
2012 06 13  1714   56091  62040     1.72e-07    3.39e-06
2012 06 13  1715   56091  62100     1.74e-07    3.41e-06
2012 06 13  1716   56091  62160     1.73e-07    3.39e-06
2012 06 13  1717   56091  62220     1.66e-07    3.34e-06
2012 06 13  1718   56091  62280     1.59e-07    3.30e-06
2012 06 13  1719   56091  62340     1.54e-07    3.26e-06
2012 06 13  1720   56091  62400     1.50e-07    3.23e-06
2012 06 13  1721   56091  62460     1.45e-07    3.21e-06
2012 06 13  1722   56091  62520     1.42e-07    3.19e-06
2012 06 13  1723   56091  62580     1.40e-07    3.16e-06
2012 06 13  1724   56091  62640     1.38e-07    3.13e-06
2012 06 13  1725   56091  62700     1.32e-07    3.09e-06
2012 06 13  1726   56091  62760     1.29e-07    3.05e-06
2012 06 13  1727   56091  62820     1.24e-07    3.01e-06
2012 06 13  1728   56091  62880     1.21e-07    2.97e-06
2012 06 13  1729   56091  62940     1.19e-07    2.94e-06
2012 06 13  1730   56091  63000     1.17e-07    2.91e-06
2012 06 13  1731   56091  63060     1.17e-07    2.89e-06
2012 06 13  1732   56091  63120     1.16e-07    2.86e-06
2012 06 13  1733   56091  63180     1.14e-07    2.83e-06
2012 06 13  1734   56091  63240     1.12e-07    2.81e-06
2012 06 13  1735   56091  63300     1.08e-07    2.78e-06
2012 06 13  1736   56091  63360     1.06e-07    2.75e-06
2012 06 13  1737   56091  63420     1.06e-07    2.73e-06
2012 06 13  1738   56091  63480     1.05e-07    2.70e-06
2012 06 13  1739   56091  63540     1.02e-07    2.67e-06
2012 06 13  1740   56091  63600     1.00e-07    2.64e-06
2012 06 13  1741   56091  63660     9.75e-08    2.61e-06
2012 06 13  1742   56091  63720     9.42e-08    2.58e-06
2012 06 13  1743   56091  63780     9.18e-08    2.55e-06
2012 06 13  1744   56091  63840     9.09e-08    2.53e-06
2012 06 13  1745   56091  63900     8.91e-08    2.51e-06
2012 06 13  1746   56091  63960     8.80e-08    2.48e-06
2012 06 13  1747   56091  64020     8.65e-08    2.46e-06
2012 06 13  1748   56091  64080     8.56e-08    2.44e-06
2012 06 13  1749   56091  64140     8.48e-08    2.43e-06
2012 06 13  1750   56091  64200     8.45e-08    2.42e-06
2012 06 13  1751   56091  64260     8.40e-08    2.40e-06
2012 06 13  1752   56091  64320     8.20e-08    2.39e-06
2012 06 13  1753   56091  64380     8.22e-08    2.38e-06
2012 06 13  1754   56091  64440     8.31e-08    2.38e-06
2012 06 13  1755   56091  64500     8.29e-08    2.38e-06
2012 06 13  1756   56091  64560     8.22e-08    2.38e-06
2012 06 13  1757   56091  64620     8.10e-08    2.37e-06
2012 06 13  1758   56091  64680     8.16e-08    2.37e-06
2012 06 13  1759   56091  64740     8.17e-08    2.36e-06
2012 06 13  1800   56091  64800     8.12e-08    2.35e-06
2012 06 13  1801   56091  64860     7.87e-08    2.34e-06
2012 06 13  1802   56091  64920     7.58e-08    2.33e-06
2012 06 13  1803   56091  64980     7.53e-08    2.32e-06
2012 06 13  1804   56091  65040     7.65e-08    2.31e-06
2012 06 13  1805   56091  65100     7.46e-08    2.29e-06
2012 06 13  1806   56091  65160     7.43e-08    2.27e-06
2012 06 13  1807   56091  65220     7.12e-08    2.26e-06
2012 06 13  1808   56091  65280     7.00e-08    2.24e-06
2012 06 13  1809   56091  65340     7.22e-08    2.23e-06
2012 06 13  1810   56091  65400     7.06e-08    2.21e-06
2012 06 13  1811   56091  65460     6.93e-08    2.19e-06
2012 06 13  1812   56091  65520     6.82e-08    2.18e-06
2012 06 13  1813   56091  65580     6.65e-08    2.16e-06
2012 06 13  1814   56091  65640     6.56e-08    2.14e-06
2012 06 13  1815   56091  65700     6.54e-08    2.12e-06
2012 06 13  1816   56091  65760     6.41e-08    2.11e-06
2012 06 13  1817   56091  65820     6.40e-08    2.09e-06
2012 06 13  1818   56091  65880     6.30e-08    2.08e-06
2012 06 13  1819   56091  65940     6.13e-08    2.06e-06
2012 06 13  1820   56091  66000     6.24e-08    2.04e-06
2012 06 13  1821   56091  66060     6.07e-08    2.02e-06
2012 06 13  1822   56091  66120     5.72e-08    2.00e-06
2012 06 13  1823   56091  66180     5.84e-08    1.98e-06
2012 06 13  1824   56091  66240     5.71e-08    1.96e-06
2012 06 13  1825   56091  66300     5.57e-08    1.96e-06
2012 06 13  1826   56091  66360     5.58e-08    1.95e-06
2012 06 13  1827   56091  66420     5.59e-08    1.95e-06
2012 06 13  1828   56091  66480     5.68e-08    1.97e-06
2012 06 13  1829   56091  66540     6.02e-08    1.99e-06
2012 06 13  1830   56091  66600     6.43e-08    2.02e-06
2012 06 13  1831   56091  66660     6.74e-08    2.04e-06
2012 06 13  1832   56091  66720     6.36e-08    2.06e-06
2012 06 13  1833   56091  66780     6.39e-08    2.05e-06
2012 06 13  1834   56091  66840     6.24e-08    2.00e-06
2012 06 13  1835   56091  66900     6.16e-08    1.98e-06
2012 06 13  1836   56091  66960     5.93e-08    1.95e-06
2012 06 13  1837   56091  67020     5.65e-08    1.92e-06
2012 06 13  1838   56091  67080     5.34e-08    1.90e-06
2012 06 13  1839   56091  67140     4.97e-08    1.87e-06
2012 06 13  1840   56091  67200     5.21e-08    1.85e-06
2012 06 13  1841   56091  67260     5.02e-08    1.83e-06
2012 06 13  1842   56091  67320     4.70e-08    1.81e-06
2012 06 13  1843   56091  67380     4.64e-08    1.79e-06
2012 06 13  1844   56091  67440     4.73e-08    1.77e-06
2012 06 13  1845   56091  67500     4.77e-08    1.75e-06
2012 06 13  1846   56091  67560     4.77e-08    1.74e-06
2012 06 13  1847   56091  67620     4.53e-08    1.73e-06
2012 06 13  1848   56091  67680     4.93e-08    1.76e-06
2012 06 13  1849   56091  67740     6.21e-08    1.85e-06
2012 06 13  1850   56091  67800     1.78e-07    2.43e-06
2012 06 13  1851   56091  67860     1.92e-07    2.76e-06
2012 06 13  1852   56091  67920     1.61e-07    2.77e-06
2012 06 13  1853   56091  67980     1.32e-07    2.66e-06
2012 06 13  1854   56091  68040     1.11e-07    2.53e-06
2012 06 13  1855   56091  68100     9.37e-08    2.40e-06
2012 06 13  1856   56091  68160     8.03e-08    2.29e-06
2012 06 13  1857   56091  68220     7.27e-08    2.23e-06
2012 06 13  1858   56091  68280     6.80e-08    2.15e-06
2012 06 13  1859   56091  68340     6.26e-08    2.08e-06
2012 06 13  1900   56091  68400     5.95e-08    2.03e-06
2012 06 13  1901   56091  68460     5.91e-08    1.98e-06
2012 06 13  1902   56091  68520     5.71e-08    1.94e-06
2012 06 13  1903   56091  68580     5.45e-08    1.92e-06
2012 06 13  1904   56091  68640     5.56e-08    1.90e-06
2012 06 13  1905   56091  68700     5.32e-08    1.87e-06
2012 06 13  1906   56091  68760     5.44e-08    1.83e-06
2012 06 13  1907   56091  68820     4.91e-08    1.79e-06
2012 06 13  1908   56091  68880     4.63e-08    1.76e-06
2012 06 13  1909   56091  68940     4.34e-08    1.72e-06
2012 06 13  1910   56091  69000     4.36e-08    1.69e-06
2012 06 13  1911   56091  69060     4.00e-08    1.66e-06
2012 06 13  1912   56091  69120     3.96e-08    1.64e-06
2012 06 13  1913   56091  69180     3.66e-08    1.61e-06
2012 06 13  1914   56091  69240     3.65e-08    1.60e-06
2012 06 13  1915   56091  69300     3.93e-08    1.59e-06
2012 06 13  1916   56091  69360     3.95e-08    1.58e-06
2012 06 13  1917   56091  69420     4.03e-08    1.58e-06
2012 06 13  1918   56091  69480     4.64e-08    1.61e-06
2012 06 13  1919   56091  69540     6.96e-08    1.76e-06
2012 06 13  1920   56091  69600     1.70e-07    2.41e-06
2012 06 13  1921   56091  69660     4.13e-07    3.78e-06
2012 06 13  1922   56091  69720     6.80e-07    5.34e-06
2012 06 13  1923   56091  69780     8.24e-07    6.37e-06
2012 06 13  1924   56091  69840     8.10e-07    6.68e-06
2012 06 13  1925   56091  69900     7.98e-07    6.83e-06
2012 06 13  1926   56091  69960     7.68e-07    6.84e-06
2012 06 13  1927   56091  70020     7.46e-07    6.81e-06
2012 06 13  1928   56091  70080     7.40e-07    6.80e-06
2012 06 13  1929   56091  70140     7.28e-07    6.78e-06
2012 06 13  1930   56091  70200     7.14e-07    6.72e-06
2012 06 13  1931   56091  70260     6.94e-07    6.65e-06
2012 06 13  1932   56091  70320     6.82e-07    6.59e-06
2012 06 13  1933   56091  70380     6.61e-07    6.48e-06
2012 06 13  1934   56091  70440     6.37e-07    6.33e-06
2012 06 13  1935   56091  70500     6.11e-07    6.15e-06
2012 06 13  1936   56091  70560     5.86e-07    5.98e-06
2012 06 13  1937   56091  70620     5.56e-07    5.80e-06
2012 06 13  1938   56091  70680     5.35e-07    5.64e-06
2012 06 13  1939   56091  70740     5.09e-07    5.49e-06
2012 06 13  1940   56091  70800     4.85e-07    5.35e-06
2012 06 13  1941   56091  70860     4.68e-07    5.25e-06
2012 06 13  1942   56091  70920     4.66e-07    5.21e-06
2012 06 13  1943   56091  70980     4.68e-07    5.23e-06
2012 06 13  1944   56091  71040     4.58e-07    5.23e-06
2012 06 13  1945   56091  71100     4.40e-07    5.18e-06
2012 06 13  1946   56091  71160     4.21e-07    5.09e-06
2012 06 13  1947   56091  71220     4.04e-07    5.01e-06
2012 06 13  1948   56091  71280     3.84e-07    4.91e-06
2012 06 13  1949   56091  71340     3.59e-07    4.79e-06
2012 06 13  1950   56091  71400     3.36e-07    4.67e-06
2012 06 13  1951   56091  71460     3.15e-07    4.55e-06
2012 06 13  1952   56091  71520     2.95e-07    4.44e-06
2012 06 13  1953   56091  71580     2.76e-07    4.33e-06
2012 06 13  1954   56091  71640     2.58e-07    4.22e-06
2012 06 13  1955   56091  71700     2.42e-07    4.10e-06
2012 06 13  1956   56091  71760     2.27e-07    3.99e-06
2012 06 13  1957   56091  71820     2.14e-07    3.90e-06
2012 06 13  1958   56091  71880     1.99e-07    3.80e-06
2012 06 13  1959   56091  71940     1.87e-07    3.70e-06
2012 06 13  2000   56091  72000     1.77e-07    3.61e-06
2012 06 13  2001   56091  72060     1.69e-07    3.55e-06
2012 06 13  2002   56091  72120     1.64e-07    3.51e-06
2012 06 13  2003   56091  72180     1.59e-07    3.47e-06
2012 06 13  2004   56091  72240     1.53e-07    3.42e-06
2012 06 13  2005   56091  72300     1.44e-07    3.36e-06
2012 06 13  2006   56091  72360     1.35e-07    3.28e-06
2012 06 13  2007   56091  72420     1.26e-07    3.19e-06
2012 06 13  2008   56091  72480     1.18e-07    3.10e-06
2012 06 13  2009   56091  72540     1.11e-07    3.02e-06
2012 06 13  2010   56091  72600     1.04e-07    2.95e-06
2012 06 13  2011   56091  72660     9.95e-08    2.88e-06
2012 06 13  2012   56091  72720     9.31e-08    2.80e-06
2012 06 13  2013   56091  72780     8.74e-08    2.74e-06
2012 06 13  2014   56091  72840     8.39e-08    2.67e-06
2012 06 13  2015   56091  72900     8.10e-08    2.62e-06
2012 06 13  2016   56091  72960     7.75e-08    2.56e-06
2012 06 13  2017   56091  73020     7.13e-08    2.51e-06
2012 06 13  2018   56091  73080     6.84e-08    2.46e-06
2012 06 13  2019   56091  73140     6.58e-08    2.41e-06
2012 06 13  2020   56091  73200     6.49e-08    2.37e-06
2012 06 13  2021   56091  73260     6.07e-08    2.34e-06
2012 06 13  2022   56091  73320     6.09e-08    2.33e-06
2012 06 13  2023   56091  73380     5.89e-08    2.29e-06
2012 06 13  2024   56091  73440     5.64e-08    2.24e-06
2012 06 13  2025   56091  73500     5.41e-08    2.19e-06
2012 06 13  2026   56091  73560     5.41e-08    2.14e-06
2012 06 13  2027   56091  73620     5.03e-08    2.10e-06
2012 06 13  2028   56091  73680     4.68e-08    2.06e-06
2012 06 13  2029   56091  73740     4.47e-08    2.02e-06
2012 06 13  2030   56091  73800     4.23e-08    1.98e-06
2012 06 13  2031   56091  73860     4.12e-08    1.94e-06
2012 06 13  2032   56091  73920     3.96e-08    1.91e-06
2012 06 13  2033   56091  73980     3.92e-08    1.88e-06
2012 06 13  2034   56091  74040     3.66e-08    1.84e-06
2012 06 13  2035   56091  74100     3.49e-08    1.82e-06
2012 06 13  2036   56091  74160     3.23e-08    1.79e-06
2012 06 13  2037   56091  74220     3.13e-08    1.77e-06
2012 06 13  2038   56091  74280     2.98e-08    1.75e-06
2012 06 13  2039   56091  74340     3.66e-08    1.79e-06
2012 06 13  2040   56091  74400     4.16e-08    1.82e-06
2012 06 13  2041   56091  74460     4.56e-08    1.84e-06
2012 06 13  2042   56091  74520     4.36e-08    1.83e-06
2012 06 13  2043   56091  74580     3.91e-08    1.81e-06
2012 06 13  2044   56091  74640     3.66e-08    1.79e-06
2012 06 13  2045   56091  74700     3.35e-08    1.75e-06
2012 06 13  2046   56091  74760     3.25e-08    1.70e-06
2012 06 13  2047   56091  74820     3.19e-08    1.67e-06
2012 06 13  2048   56091  74880     3.02e-08    1.64e-06
2012 06 13  2049   56091  74940     2.93e-08    1.62e-06
2012 06 13  2050   56091  75000     3.18e-08    1.64e-06
2012 06 13  2051   56091  75060     3.50e-08    1.66e-06
2012 06 13  2052   56091  75120     3.85e-08    1.67e-06
2012 06 13  2053   56091  75180     3.64e-08    1.65e-06
2012 06 13  2054   56091  75240     3.17e-08    1.62e-06
2012 06 13  2055   56091  75300     2.97e-08    1.59e-06
2012 06 13  2056   56091  75360     3.07e-08    1.58e-06
2012 06 13  2057   56091  75420     2.93e-08    1.56e-06
2012 06 13  2058   56091  75480     2.76e-08    1.53e-06
2012 06 13  2059   56091  75540     2.68e-08    1.50e-06
2012 06 13  2100   56091  75600     2.34e-08    1.46e-06
2012 06 13  2101   56091  75660     2.21e-08    1.43e-06
2012 06 13  2102   56091  75720     2.19e-08    1.41e-06
2012 06 13  2103   56091  75780     2.02e-08    1.38e-06
2012 06 13  2104   56091  75840     2.07e-08    1.37e-06
2012 06 13  2105   56091  75900     2.10e-08    1.37e-06
2012 06 13  2106   56091  75960     2.16e-08    1.36e-06
2012 06 13  2107   56091  76020     2.32e-08    1.36e-06
2012 06 13  2108   56091  76080     2.23e-08    1.35e-06
2012 06 13  2109   56091  76140     2.37e-08    1.33e-06
2012 06 13  2110   56091  76200     2.25e-08    1.31e-06
2012 06 13  2111   56091  76260     2.12e-08    1.29e-06
2012 06 13  2112   56091  76320     1.88e-08    1.27e-06
2012 06 13  2113   56091  76380     1.91e-08    1.26e-06
2012 06 13  2114   56091  76440     1.60e-08    1.24e-06
2012 06 13  2115   56091  76500     1.57e-08    1.23e-06
2012 06 13  2116   56091  76560     1.59e-08    1.21e-06
2012 06 13  2117   56091  76620     1.66e-08    1.20e-06
2012 06 13  2118   56091  76680     1.33e-08    1.19e-06
2012 06 13  2119   56091  76740     1.34e-08    1.18e-06
2012 06 13  2120   56091  76800     1.46e-08    1.16e-06
2012 06 13  2121   56091  76860     1.06e-08    1.15e-06
2012 06 13  2122   56091  76920     1.06e-08    1.15e-06
2012 06 13  2123   56091  76980     1.26e-08    1.14e-06
2012 06 13  2124   56091  77040     1.50e-08    1.12e-06
2012 06 13  2125   56091  77100     1.49e-08    1.11e-06
2012 06 13  2126   56091  77160     1.52e-08    1.10e-06
2012 06 13  2127   56091  77220     1.16e-08    1.09e-06
2012 06 13  2128   56091  77280     1.18e-08    1.09e-06
2012 06 13  2129   56091  77340     1.23e-08    1.08e-06
2012 06 13  2130   56091  77400     1.20e-08    1.07e-06
2012 06 13  2131   56091  77460     1.22e-08    1.06e-06
2012 06 13  2132   56091  77520     1.21e-08    1.06e-06
2012 06 13  2133   56091  77580     1.29e-08    1.05e-06
2012 06 13  2134   56091  77640     1.71e-08    1.10e-06
2012 06 13  2135   56091  77700     1.61e-08    1.10e-06
2012 06 13  2136   56091  77760     1.19e-08    1.06e-06
2012 06 13  2137   56091  77820     1.36e-08    1.05e-06
2012 06 13  2138   56091  77880     1.61e-08    1.08e-06
2012 06 13  2139   56091  77940     1.31e-08    1.05e-06
2012 06 13  2140   56091  78000     1.43e-08    1.05e-06
2012 06 13  2141   56091  78060     1.47e-08    1.04e-06
2012 06 13  2142   56091  78120     1.46e-08    1.04e-06
2012 06 13  2143   56091  78180     1.48e-08    1.04e-06
2012 06 13  2144   56091  78240     1.65e-08    1.06e-06
2012 06 13  2145   56091  78300     1.87e-08    1.07e-06
2012 06 13  2146   56091  78360     2.06e-08    1.08e-06
2012 06 13  2147   56091  78420     2.43e-08    1.11e-06
2012 06 13  2148   56091  78480     2.57e-08    1.14e-06
2012 06 13  2149   56091  78540     2.72e-08    1.16e-06
2012 06 13  2150   56091  78600     2.78e-08    1.18e-06
2012 06 13  2151   56091  78660     2.92e-08    1.21e-06
2012 06 13  2152   56091  78720     2.64e-08    1.24e-06
2012 06 13  2153   56091  78780     2.52e-08    1.23e-06
2012 06 13  2154   56091  78840     2.22e-08    1.21e-06
2012 06 13  2155   56091  78900     1.99e-08    1.18e-06
2012 06 13  2156   56091  78960     2.19e-08    1.16e-06
2012 06 13  2157   56091  79020     2.19e-08    1.14e-06
2012 06 13  2158   56091  79080     2.14e-08    1.14e-06
2012 06 13  2159   56091  79140     2.00e-08    1.11e-06
2012 06 13  2200   56091  79200     1.83e-08    1.12e-06
2012 06 13  2201   56091  79260     1.88e-08    1.13e-06
2012 06 13  2202   56091  79320     2.01e-08    1.13e-06
2012 06 13  2203   56091  79380     2.29e-08    1.15e-06
2012 06 13  2204   56091  79440     2.14e-08    1.15e-06
2012 06 13  2205   56091  79500     2.15e-08    1.15e-06
2012 06 13  2206   56091  79560     1.75e-08    1.14e-06
2012 06 13  2207   56091  79620     1.61e-08    1.13e-06
2012 06 13  2208   56091  79680     1.48e-08    1.10e-06
2012 06 13  2209   56091  79740     1.41e-08    1.08e-06
2012 06 13  2210   56091  79800     1.36e-08    1.07e-06
2012 06 13  2211   56091  79860     1.57e-08    1.06e-06
2012 06 13  2212   56091  79920     1.44e-08    1.06e-06
2012 06 13  2213   56091  79980     1.44e-08    1.06e-06
2012 06 13  2214   56091  80040     1.39e-08    1.06e-06
2012 06 13  2215   56091  80100     1.39e-08    1.06e-06
2012 06 13  2216   56091  80160     1.47e-08    1.06e-06
2012 06 13  2217   56091  80220     1.61e-08    1.07e-06
2012 06 13  2218   56091  80280     1.63e-08    1.09e-06
2012 06 13  2219   56091  80340     1.52e-08    1.09e-06
2012 06 13  2220   56091  80400     1.94e-08    1.10e-06
2012 06 13  2221   56091  80460     2.24e-08    1.11e-06
2012 06 13  2222   56091  80520     2.15e-08    1.12e-06
2012 06 13  2223   56091  80580     1.88e-08    1.11e-06
2012 06 13  2224   56091  80640     2.05e-08    1.10e-06
2012 06 13  2225   56091  80700     2.10e-08    1.12e-06
2012 06 13  2226   56091  80760     2.35e-08    1.14e-06
2012 06 13  2227   56091  80820     2.20e-08    1.14e-06
2012 06 13  2228   56091  80880     1.92e-08    1.12e-06
2012 06 13  2229   56091  80940     1.84e-08    1.10e-06
2012 06 13  2230   56091  81000     1.74e-08    1.08e-06
2012 06 13  2231   56091  81060     1.85e-08    1.07e-06
2012 06 13  2232   56091  81120     1.73e-08    1.06e-06
2012 06 13  2233   56091  81180     1.76e-08    1.05e-06
2012 06 13  2234   56091  81240     1.66e-08    1.04e-06
2012 06 13  2235   56091  81300     1.80e-08    1.03e-06
2012 06 13  2236   56091  81360     1.66e-08    1.04e-06
2012 06 13  2237   56091  81420     1.52e-08    1.02e-06
2012 06 13  2238   56091  81480     1.37e-08    1.02e-06
2012 06 13  2239   56091  81540     1.31e-08    1.01e-06
2012 06 13  2240   56091  81600     1.32e-08    1.01e-06
2012 06 13  2241   56091  81660     1.38e-08    1.01e-06
2012 06 13  2242   56091  81720     1.37e-08    1.01e-06
2012 06 13  2243   56091  81780     1.27e-08    9.99e-07
2012 06 13  2244   56091  81840     1.22e-08    9.93e-07
2012 06 13  2245   56091  81900     1.15e-08    9.89e-07
2012 06 13  2246   56091  81960     9.21e-09    9.82e-07
2012 06 13  2247   56091  82020     9.74e-09    9.67e-07
2012 06 13  2248   56091  82080     9.36e-09    9.54e-07
2012 06 13  2249   56091  82140     1.11e-08    9.47e-07
2012 06 13  2250   56091  82200     1.10e-08    9.41e-07
2012 06 13  2251   56091  82260     8.21e-09    9.36e-07
2012 06 13  2252   56091  82320     6.98e-09    9.33e-07
2012 06 13  2253   56091  82380     7.14e-09    9.24e-07
2012 06 13  2254   56091  82440     1.15e-08    9.47e-07
2012 06 13  2255   56091  82500     1.42e-08    9.87e-07
2012 06 13  2256   56091  82560     1.37e-08    9.70e-07
2012 06 13  2257   56091  82620     1.31e-08    9.57e-07
2012 06 13  2258   56091  82680     1.48e-08    9.70e-07
2012 06 13  2259   56091  82740     1.39e-08    9.75e-07
2012 06 13  2300   56091  82800     1.37e-08    9.66e-07
2012 06 13  2301   56091  82860     2.79e-08    1.02e-06
2012 06 13  2302   56091  82920     1.77e-07    1.89e-06
2012 06 13  2303   56091  82980     1.15e-07    1.77e-06
2012 06 13  2304   56091  83040     7.60e-08    1.55e-06
2012 06 13  2305   56091  83100     3.72e-08    1.24e-06
2012 06 13  2306   56091  83160     2.25e-08    1.08e-06
2012 06 13  2307   56091  83220     1.86e-08    1.03e-06
2012 06 13  2308   56091  83280     1.77e-08    1.00e-06
2012 06 13  2309   56091  83340     1.67e-08    9.97e-07
2012 06 13  2310   56091  83400     1.79e-08    9.94e-07
2012 06 13  2311   56091  83460     1.65e-08    9.87e-07
2012 06 13  2312   56091  83520     1.60e-08    9.81e-07
2012 06 13  2313   56091  83580     1.49e-08    9.73e-07
2012 06 13  2314   56091  83640     1.43e-08    9.63e-07
2012 06 13  2315   56091  83700     1.66e-08    9.59e-07
2012 06 13  2316   56091  83760     1.45e-08    9.61e-07
2012 06 13  2317   56091  83820     1.44e-08    9.61e-07
2012 06 13  2318   56091  83880     1.45e-08    9.55e-07
2012 06 13  2319   56091  83940     1.42e-08    9.45e-07
2012 06 13  2320   56091  84000     1.22e-08    9.35e-07
2012 06 13  2321   56091  84060     1.19e-08    9.32e-07
2012 06 13  2322   56091  84120     1.27e-08    9.31e-07
2012 06 13  2323   56091  84180     1.41e-08    9.26e-07
2012 06 13  2324   56091  84240     1.39e-08    9.33e-07
2012 06 13  2325   56091  84300     1.18e-08    9.45e-07
2012 06 13  2326   56091  84360     1.52e-08    9.64e-07
2012 06 13  2327   56091  84420     1.59e-08    9.74e-07
2012 06 13  2328   56091  84480     1.45e-08    9.86e-07
2012 06 13  2329   56091  84540     1.32e-08    9.94e-07
2012 06 13  2330   56091  84600     1.38e-08    9.95e-07
2012 06 13  2331   56091  84660     1.56e-08    1.01e-06
2012 06 13  2332   56091  84720     1.80e-08    1.03e-06
2012 06 13  2333   56091  84780     2.13e-08    1.05e-06
2012 06 13  2334   56091  84840     2.40e-08    1.07e-06
2012 06 13  2335   56091  84900     2.38e-08    1.11e-06
2012 06 13  2336   56091  84960     2.77e-08    1.17e-06
2012 06 13  2337   56091  85020     2.82e-08    1.19e-06
2012 06 13  2338   56091  85080     2.75e-08    1.19e-06
2012 06 13  2339   56091  85140     2.57e-08    1.18e-06
2012 06 13  2340   56091  85200     2.52e-08    1.18e-06
2012 06 13  2341   56091  85260     2.62e-08    1.18e-06
2012 06 13  2342   56091  85320     2.67e-08    1.18e-06
2012 06 13  2343   56091  85380     2.84e-08    1.19e-06
2012 06 13  2344   56091  85440     2.65e-08    1.20e-06
2012 06 13  2345   56091  85500     2.42e-08    1.20e-06
2012 06 13  2346   56091  85560     2.66e-08    1.20e-06
2012 06 13  2347   56091  85620     2.45e-08    1.19e-06
2012 06 13  2348   56091  85680     2.60e-08    1.19e-06
2012 06 13  2349   56091  85740     2.83e-08    1.20e-06
2012 06 13  2350   56091  85800     2.94e-08    1.20e-06
2012 06 13  2351   56091  85860     2.95e-08    1.22e-06
2012 06 13  2352   56091  85920     3.16e-08    1.23e-06
2012 06 13  2353   56091  85980     3.10e-08    1.25e-06
2012 06 13  2354   56091  86040     3.09e-08    1.27e-06
2012 06 13  2355   56091  86100     3.03e-08    1.28e-06
2012 06 13  2356   56091  86160     3.28e-08    1.28e-06
2012 06 13  2357   56091  86220     3.13e-08    1.28e-06
2012 06 13  2358   56091  86280     2.90e-08    1.27e-06
2012 06 13  2359   56091  86340     2.90e-08    1.28e-06
