:Data_list: 20120614_Gp_xr_1m.txt
:Created: 2012 Jun 15 0010 UTC
# Prepared by the U.S. Dept. of Commerce, NOAA, Space Weather Prediction Center
# Please send comments and suggestions to SWPC.Webmaster@noaa.gov 
# 
# Label: Short = 0.05- 0.4 nanometer
# Label: Long  = 0.1 - 0.8 nanometer
# Units: Short = Watts per meter squared
# Units: Long  = Watts per meter squared
# Source: GOES-15
# Location: W135
# Missing data: -1.00e+05
#
#         1-minute GOES-15 Solar X-ray Flux
# 
#                 Modified Seconds
# UTC Date  Time   Julian  of the
# YR MO DA  HHMM    Day     Day       Short       Long
#-------------------------------------------------------
2012 06 14  0000   56092      0     2.89e-08    1.27e-06
2012 06 14  0001   56092     60     2.79e-08    1.28e-06
2012 06 14  0002   56092    120     2.82e-08    1.29e-06
2012 06 14  0003   56092    180     2.55e-08    1.26e-06
2012 06 14  0004   56092    240     2.49e-08    1.24e-06
2012 06 14  0005   56092    300     2.80e-08    1.23e-06
2012 06 14  0006   56092    360     2.64e-08    1.23e-06
2012 06 14  0007   56092    420     2.59e-08    1.22e-06
2012 06 14  0008   56092    480     2.75e-08    1.21e-06
2012 06 14  0009   56092    540     2.68e-08    1.21e-06
2012 06 14  0010   56092    600     2.73e-08    1.20e-06
2012 06 14  0011   56092    660     2.67e-08    1.20e-06
2012 06 14  0012   56092    720     2.68e-08    1.20e-06
2012 06 14  0013   56092    780     2.53e-08    1.20e-06
2012 06 14  0014   56092    840     2.54e-08    1.20e-06
2012 06 14  0015   56092    900     2.48e-08    1.20e-06
2012 06 14  0016   56092    960     2.36e-08    1.19e-06
2012 06 14  0017   56092   1020     2.26e-08    1.18e-06
2012 06 14  0018   56092   1080     2.13e-08    1.16e-06
2012 06 14  0019   56092   1140     2.10e-08    1.14e-06
2012 06 14  0020   56092   1200     2.03e-08    1.13e-06
2012 06 14  0021   56092   1260     1.85e-08    1.11e-06
2012 06 14  0022   56092   1320     1.91e-08    1.09e-06
2012 06 14  0023   56092   1380     1.77e-08    1.08e-06
2012 06 14  0024   56092   1440     1.78e-08    1.06e-06
2012 06 14  0025   56092   1500     1.34e-08    1.05e-06
2012 06 14  0026   56092   1560     1.32e-08    1.04e-06
2012 06 14  0027   56092   1620     1.40e-08    1.04e-06
2012 06 14  0028   56092   1680     1.60e-08    1.03e-06
2012 06 14  0029   56092   1740     1.75e-08    1.02e-06
2012 06 14  0030   56092   1800     1.73e-08    1.02e-06
2012 06 14  0031   56092   1860     1.90e-08    1.01e-06
2012 06 14  0032   56092   1920     1.85e-08    1.01e-06
2012 06 14  0033   56092   1980     1.59e-08    9.95e-07
2012 06 14  0034   56092   2040     1.51e-08    9.83e-07
2012 06 14  0035   56092   2100     1.46e-08    9.79e-07
2012 06 14  0036   56092   2160     1.53e-08    9.74e-07
2012 06 14  0037   56092   2220     1.77e-08    9.68e-07
2012 06 14  0038   56092   2280     1.52e-08    9.65e-07
2012 06 14  0039   56092   2340     1.59e-08    9.81e-07
2012 06 14  0040   56092   2400     2.67e-08    1.07e-06
2012 06 14  0041   56092   2460     4.38e-08    1.20e-06
2012 06 14  0042   56092   2520     3.59e-08    1.22e-06
2012 06 14  0043   56092   2580     2.52e-08    1.14e-06
2012 06 14  0044   56092   2640     2.02e-08    1.07e-06
2012 06 14  0045   56092   2700     1.44e-08    1.02e-06
2012 06 14  0046   56092   2760     1.32e-08    9.73e-07
2012 06 14  0047   56092   2820     1.12e-08    9.47e-07
2012 06 14  0048   56092   2880     1.03e-08    9.31e-07
2012 06 14  0049   56092   2940     8.59e-09    9.31e-07
2012 06 14  0050   56092   3000     9.83e-09    9.22e-07
2012 06 14  0051   56092   3060     1.20e-08    9.15e-07
2012 06 14  0052   56092   3120     9.22e-09    9.06e-07
2012 06 14  0053   56092   3180     8.33e-09    8.95e-07
2012 06 14  0054   56092   3240     8.37e-09    8.86e-07
2012 06 14  0055   56092   3300     9.33e-09    8.89e-07
2012 06 14  0056   56092   3360     1.06e-08    8.81e-07
2012 06 14  0057   56092   3420     1.01e-08    8.75e-07
2012 06 14  0058   56092   3480     1.17e-08    8.77e-07
2012 06 14  0059   56092   3540     1.39e-08    8.74e-07
2012 06 14  0100   56092   3600     1.17e-08    8.67e-07
2012 06 14  0101   56092   3660     8.56e-09    8.60e-07
2012 06 14  0102   56092   3720     7.88e-09    8.57e-07
2012 06 14  0103   56092   3780     7.02e-09    8.53e-07
2012 06 14  0104   56092   3840     7.14e-09    8.46e-07
2012 06 14  0105   56092   3900     6.39e-09    8.30e-07
2012 06 14  0106   56092   3960     7.67e-09    8.16e-07
2012 06 14  0107   56092   4020     7.29e-09    8.05e-07
2012 06 14  0108   56092   4080     8.06e-09    8.02e-07
2012 06 14  0109   56092   4140     8.07e-09    7.91e-07
2012 06 14  0110   56092   4200     6.18e-09    7.86e-07
2012 06 14  0111   56092   4260     6.75e-09    7.83e-07
2012 06 14  0112   56092   4320     6.36e-09    7.82e-07
2012 06 14  0113   56092   4380     6.41e-09    7.77e-07
2012 06 14  0114   56092   4440     4.64e-09    7.72e-07
2012 06 14  0115   56092   4500     3.60e-09    7.67e-07
2012 06 14  0116   56092   4560     6.62e-09    7.64e-07
2012 06 14  0117   56092   4620     3.72e-09    7.60e-07
2012 06 14  0118   56092   4680     3.73e-09    7.53e-07
2012 06 14  0119   56092   4740     4.46e-09    7.51e-07
2012 06 14  0120   56092   4800     4.71e-09    7.54e-07
2012 06 14  0121   56092   4860     5.48e-09    7.68e-07
2012 06 14  0122   56092   4920     7.99e-09    7.92e-07
2012 06 14  0123   56092   4980     8.94e-09    7.98e-07
2012 06 14  0124   56092   5040     6.06e-09    7.85e-07
2012 06 14  0125   56092   5100     4.00e-09    7.68e-07
2012 06 14  0126   56092   5160     3.27e-09    7.51e-07
2012 06 14  0127   56092   5220     4.87e-09    7.37e-07
2012 06 14  0128   56092   5280     5.18e-09    7.29e-07
2012 06 14  0129   56092   5340     4.54e-09    7.24e-07
2012 06 14  0130   56092   5400     5.06e-09    7.16e-07
2012 06 14  0131   56092   5460     3.98e-09    7.19e-07
2012 06 14  0132   56092   5520     4.80e-09    7.36e-07
2012 06 14  0133   56092   5580     7.29e-09    7.58e-07
2012 06 14  0134   56092   5640     8.02e-09    7.59e-07
2012 06 14  0135   56092   5700     8.29e-09    7.59e-07
2012 06 14  0136   56092   5760     6.51e-09    7.60e-07
2012 06 14  0137   56092   5820     6.56e-09    7.61e-07
2012 06 14  0138   56092   5880     5.48e-09    7.57e-07
2012 06 14  0139   56092   5940     5.80e-09    7.49e-07
2012 06 14  0140   56092   6000     5.33e-09    7.41e-07
2012 06 14  0141   56092   6060     6.25e-09    7.34e-07
2012 06 14  0142   56092   6120     4.48e-09    7.25e-07
2012 06 14  0143   56092   6180     4.87e-09    7.21e-07
2012 06 14  0144   56092   6240     5.98e-09    7.28e-07
2012 06 14  0145   56092   6300     5.43e-08    9.78e-07
2012 06 14  0146   56092   6360     9.90e-08    1.32e-06
2012 06 14  0147   56092   6420     7.58e-08    1.32e-06
2012 06 14  0148   56092   6480     5.08e-08    1.24e-06
2012 06 14  0149   56092   6540     3.06e-08    1.11e-06
2012 06 14  0150   56092   6600     2.11e-08    1.01e-06
2012 06 14  0151   56092   6660     1.64e-08    9.46e-07
2012 06 14  0152   56092   6720     1.45e-08    9.02e-07
2012 06 14  0153   56092   6780     1.23e-08    8.65e-07
2012 06 14  0154   56092   6840     1.02e-08    8.35e-07
2012 06 14  0155   56092   6900     1.01e-08    8.24e-07
2012 06 14  0156   56092   6960     9.07e-09    8.14e-07
2012 06 14  0157   56092   7020     7.52e-09    8.02e-07
2012 06 14  0158   56092   7080     9.06e-09    7.92e-07
2012 06 14  0159   56092   7140     8.14e-09    7.82e-07
2012 06 14  0200   56092   7200     7.56e-09    7.72e-07
2012 06 14  0201   56092   7260     4.62e-09    7.63e-07
2012 06 14  0202   56092   7320     4.64e-09    7.57e-07
2012 06 14  0203   56092   7380     4.54e-09    7.57e-07
2012 06 14  0204   56092   7440     6.91e-09    7.57e-07
2012 06 14  0205   56092   7500     7.21e-09    7.58e-07
2012 06 14  0206   56092   7560     9.66e-09    7.59e-07
2012 06 14  0207   56092   7620     9.33e-09    7.61e-07
2012 06 14  0208   56092   7680     9.10e-09    7.58e-07
2012 06 14  0209   56092   7740     9.81e-09    7.59e-07
2012 06 14  0210   56092   7800     9.06e-09    7.57e-07
2012 06 14  0211   56092   7860     6.52e-09    7.56e-07
2012 06 14  0212   56092   7920     6.14e-09    7.51e-07
2012 06 14  0213   56092   7980     6.06e-09    7.50e-07
2012 06 14  0214   56092   8040     6.83e-09    7.50e-07
2012 06 14  0215   56092   8100     6.41e-09    7.52e-07
2012 06 14  0216   56092   8160     4.91e-09    7.47e-07
2012 06 14  0217   56092   8220     5.18e-09    7.41e-07
2012 06 14  0218   56092   8280     6.41e-09    7.40e-07
2012 06 14  0219   56092   8340     7.29e-09    7.46e-07
2012 06 14  0220   56092   8400     8.29e-09    7.53e-07
2012 06 14  0221   56092   8460     1.03e-08    7.71e-07
2012 06 14  0222   56092   8520     8.10e-09    7.89e-07
2012 06 14  0223   56092   8580     4.95e-09    7.84e-07
2012 06 14  0224   56092   8640     3.91e-09    7.70e-07
2012 06 14  0225   56092   8700     4.64e-09    7.66e-07
2012 06 14  0226   56092   8760     5.09e-09    7.63e-07
2012 06 14  0227   56092   8820     6.52e-09    7.75e-07
2012 06 14  0228   56092   8880     4.71e-09    7.76e-07
2012 06 14  0229   56092   8940     4.75e-09    7.76e-07
2012 06 14  0230   56092   9000     5.21e-09    7.72e-07
2012 06 14  0231   56092   9060     7.10e-09    7.73e-07
2012 06 14  0232   56092   9120     8.75e-09    7.76e-07
2012 06 14  0233   56092   9180     8.88e-09    7.74e-07
2012 06 14  0234   56092   9240     7.37e-09    7.78e-07
2012 06 14  0235   56092   9300     6.91e-09    7.77e-07
2012 06 14  0236   56092   9360     7.66e-09    7.71e-07
2012 06 14  0237   56092   9420     9.17e-09    7.71e-07
2012 06 14  0238   56092   9480     9.52e-09    7.68e-07
2012 06 14  0239   56092   9540     1.10e-08    7.60e-07
2012 06 14  0240   56092   9600     9.55e-09    7.49e-07
2012 06 14  0241   56092   9660     5.94e-09    7.48e-07
2012 06 14  0242   56092   9720     2.72e-09    7.51e-07
2012 06 14  0243   56092   9780     3.79e-09    7.52e-07
2012 06 14  0244   56092   9840     2.87e-09    7.46e-07
2012 06 14  0245   56092   9900     2.99e-09    7.46e-07
2012 06 14  0246   56092   9960     4.95e-09    7.61e-07
2012 06 14  0247   56092  10020     5.54e-09    7.87e-07
2012 06 14  0248   56092  10080     5.75e-09    8.06e-07
2012 06 14  0249   56092  10140     1.29e-08    8.63e-07
2012 06 14  0250   56092  10200     2.70e-08    9.89e-07
2012 06 14  0251   56092  10260     3.39e-08    1.07e-06
2012 06 14  0252   56092  10320     5.69e-08    1.26e-06
2012 06 14  0253   56092  10380     3.12e-08    1.13e-06
2012 06 14  0254   56092  10440     2.15e-08    1.03e-06
2012 06 14  0255   56092  10500     1.18e-08    9.28e-07
2012 06 14  0256   56092  10560     9.71e-09    8.87e-07
2012 06 14  0257   56092  10620     1.00e-08    8.72e-07
2012 06 14  0258   56092  10680     1.13e-08    8.69e-07
2012 06 14  0259   56092  10740     1.08e-08    8.61e-07
2012 06 14  0300   56092  10800     9.11e-09    8.50e-07
2012 06 14  0301   56092  10860     6.27e-09    8.34e-07
2012 06 14  0302   56092  10920     5.79e-09    8.39e-07
2012 06 14  0303   56092  10980     8.66e-09    8.61e-07
2012 06 14  0304   56092  11040     8.25e-09    8.62e-07
2012 06 14  0305   56092  11100     8.67e-09    8.70e-07
2012 06 14  0306   56092  11160     9.02e-09    8.78e-07
2012 06 14  0307   56092  11220     8.88e-09    8.72e-07
2012 06 14  0308   56092  11280     7.25e-09    8.59e-07
2012 06 14  0309   56092  11340     7.10e-09    8.57e-07
2012 06 14  0310   56092  11400     6.77e-09    8.42e-07
2012 06 14  0311   56092  11460     7.48e-09    8.30e-07
2012 06 14  0312   56092  11520     6.98e-09    8.28e-07
2012 06 14  0313   56092  11580     9.03e-09    8.41e-07
2012 06 14  0314   56092  11640     9.40e-09    8.45e-07
2012 06 14  0315   56092  11700     1.25e-08    8.69e-07
2012 06 14  0316   56092  11760     1.41e-08    8.89e-07
2012 06 14  0317   56092  11820     1.74e-08    9.10e-07
2012 06 14  0318   56092  11880     2.19e-08    9.43e-07
2012 06 14  0319   56092  11940     2.65e-08    9.84e-07
2012 06 14  0320   56092  12000     3.20e-08    1.03e-06
2012 06 14  0321   56092  12060     3.69e-08    1.07e-06
2012 06 14  0322   56092  12120     4.13e-08    1.09e-06
2012 06 14  0323   56092  12180     4.25e-08    1.12e-06
2012 06 14  0324   56092  12240     4.34e-08    1.13e-06
2012 06 14  0325   56092  12300     4.38e-08    1.15e-06
2012 06 14  0326   56092  12360     4.41e-08    1.19e-06
2012 06 14  0327   56092  12420     4.50e-08    1.22e-06
2012 06 14  0328   56092  12480     4.15e-08    1.20e-06
2012 06 14  0329   56092  12540     3.78e-08    1.18e-06
2012 06 14  0330   56092  12600     3.57e-08    1.17e-06
2012 06 14  0331   56092  12660     3.50e-08    1.16e-06
2012 06 14  0332   56092  12720     3.44e-08    1.15e-06
2012 06 14  0333   56092  12780     3.22e-08    1.15e-06
2012 06 14  0334   56092  12840     3.38e-08    1.17e-06
2012 06 14  0335   56092  12900     3.58e-08    1.20e-06
2012 06 14  0336   56092  12960     3.80e-08    1.24e-06
2012 06 14  0337   56092  13020     3.83e-08    1.28e-06
2012 06 14  0338   56092  13080     3.65e-08    1.29e-06
2012 06 14  0339   56092  13140     3.60e-08    1.27e-06
2012 06 14  0340   56092  13200     3.18e-08    1.25e-06
2012 06 14  0341   56092  13260     2.97e-08    1.22e-06
2012 06 14  0342   56092  13320     2.76e-08    1.20e-06
2012 06 14  0343   56092  13380     2.40e-08    1.18e-06
2012 06 14  0344   56092  13440     2.26e-08    1.16e-06
2012 06 14  0345   56092  13500     2.07e-08    1.13e-06
2012 06 14  0346   56092  13560     1.85e-08    1.10e-06
2012 06 14  0347   56092  13620     1.75e-08    1.09e-06
2012 06 14  0348   56092  13680     1.82e-08    1.08e-06
2012 06 14  0349   56092  13740     1.62e-08    1.06e-06
2012 06 14  0350   56092  13800     1.85e-08    1.04e-06
2012 06 14  0351   56092  13860     2.28e-08    1.04e-06
2012 06 14  0352   56092  13920     1.87e-08    1.04e-06
2012 06 14  0353   56092  13980     1.71e-08    1.03e-06
2012 06 14  0354   56092  14040     1.59e-08    1.01e-06
2012 06 14  0355   56092  14100     1.59e-08    9.94e-07
2012 06 14  0356   56092  14160     1.45e-08    9.86e-07
2012 06 14  0357   56092  14220     1.29e-08    9.79e-07
2012 06 14  0358   56092  14280     1.35e-08    9.81e-07
2012 06 14  0359   56092  14340     1.84e-08    1.02e-06
2012 06 14  0400   56092  14400     1.66e-08    9.86e-07
2012 06 14  0401   56092  14460     1.48e-08    9.79e-07
2012 06 14  0402   56092  14520     1.12e-08    9.89e-07
2012 06 14  0403   56092  14580     1.15e-08    9.77e-07
2012 06 14  0404   56092  14640     1.34e-08    9.67e-07
2012 06 14  0405   56092  14700     1.42e-08    9.61e-07
2012 06 14  0406   56092  14760     1.43e-08    9.65e-07
2012 06 14  0407   56092  14820     1.78e-08    1.01e-06
2012 06 14  0408   56092  14880     1.57e-08    9.96e-07
2012 06 14  0409   56092  14940     1.55e-08    9.92e-07
2012 06 14  0410   56092  15000     1.98e-08    1.02e-06
2012 06 14  0411   56092  15060     2.86e-08    1.08e-06
2012 06 14  0412   56092  15120     2.86e-08    1.13e-06
2012 06 14  0413   56092  15180     2.31e-08    1.13e-06
2012 06 14  0414   56092  15240     1.78e-08    1.12e-06
2012 06 14  0415   56092  15300     1.92e-08    1.10e-06
2012 06 14  0416   56092  15360     1.66e-08    1.07e-06
2012 06 14  0417   56092  15420     1.39e-08    1.05e-06
2012 06 14  0418   56092  15480     1.28e-08    1.03e-06
2012 06 14  0419   56092  15540     1.31e-08    1.01e-06
2012 06 14  0420   56092  15600     1.34e-08    9.88e-07
2012 06 14  0421   56092  15660     1.24e-08    9.69e-07
2012 06 14  0422   56092  15720     1.16e-08    9.52e-07
2012 06 14  0423   56092  15780     9.21e-09    9.45e-07
2012 06 14  0424   56092  15840     8.29e-09    9.33e-07
2012 06 14  0425   56092  15900     8.10e-09    9.25e-07
2012 06 14  0426   56092  15960     9.56e-09    9.08e-07
2012 06 14  0427   56092  16020     8.10e-09    8.85e-07
2012 06 14  0428   56092  16080     8.33e-09    8.75e-07
2012 06 14  0429   56092  16140     1.03e-08    8.60e-07
2012 06 14  0430   56092  16200     7.40e-09    8.52e-07
2012 06 14  0431   56092  16260     7.95e-09    8.56e-07
2012 06 14  0432   56092  16320     9.10e-09    8.53e-07
2012 06 14  0433   56092  16380     9.67e-09    8.58e-07
2012 06 14  0434   56092  16440     8.77e-09    8.70e-07
2012 06 14  0435   56092  16500     1.12e-08    9.22e-07
2012 06 14  0436   56092  16560     1.13e-08    9.26e-07
2012 06 14  0437   56092  16620     9.17e-09    8.88e-07
2012 06 14  0438   56092  16680     1.33e-08    9.06e-07
2012 06 14  0439   56092  16740     1.74e-08    9.72e-07
2012 06 14  0440   56092  16800     3.16e-08    1.11e-06
2012 06 14  0441   56092  16860     2.70e-08    1.09e-06
2012 06 14  0442   56092  16920     4.07e-08    1.21e-06
2012 06 14  0443   56092  16980     4.00e-08    1.22e-06
2012 06 14  0444   56092  17040     3.21e-08    1.16e-06
2012 06 14  0445   56092  17100     2.79e-08    1.08e-06
2012 06 14  0446   56092  17160     3.18e-08    1.08e-06
2012 06 14  0447   56092  17220     3.60e-08    1.09e-06
2012 06 14  0448   56092  17280     2.94e-08    1.07e-06
2012 06 14  0449   56092  17340     2.50e-08    1.01e-06
2012 06 14  0450   56092  17400     1.97e-08    9.66e-07
2012 06 14  0451   56092  17460     1.68e-08    9.39e-07
2012 06 14  0452   56092  17520     1.53e-08    9.23e-07
2012 06 14  0453   56092  17580     1.40e-08    9.06e-07
2012 06 14  0454   56092  17640     1.33e-08    8.93e-07
2012 06 14  0455   56092  17700     1.64e-08    9.13e-07
2012 06 14  0456   56092  17760     1.51e-08    8.95e-07
2012 06 14  0457   56092  17820     1.26e-08    8.82e-07
2012 06 14  0458   56092  17880     1.31e-08    8.80e-07
2012 06 14  0459   56092  17940     1.42e-08    8.75e-07
2012 06 14  0500   56092  18000     2.18e-08    9.25e-07
2012 06 14  0501   56092  18060     4.93e-08    1.12e-06
2012 06 14  0502   56092  18120     8.19e-08    1.37e-06
2012 06 14  0503   56092  18180     1.06e-07    1.61e-06
2012 06 14  0504   56092  18240     1.08e-07    1.70e-06
2012 06 14  0505   56092  18300     9.38e-08    1.69e-06
2012 06 14  0506   56092  18360     7.58e-08    1.61e-06
2012 06 14  0507   56092  18420     5.21e-08    1.44e-06
2012 06 14  0508   56092  18480     3.99e-08    1.33e-06
2012 06 14  0509   56092  18540     3.81e-08    1.26e-06
2012 06 14  0510   56092  18600     3.62e-08    1.22e-06
2012 06 14  0511   56092  18660     5.62e-08    1.31e-06
2012 06 14  0512   56092  18720     8.91e-08    1.49e-06
2012 06 14  0513   56092  18780     8.03e-08    1.52e-06
2012 06 14  0514   56092  18840     6.17e-08    1.47e-06
2012 06 14  0515   56092  18900     5.07e-08    1.42e-06
2012 06 14  0516   56092  18960     4.23e-08    1.36e-06
2012 06 14  0517   56092  19020     3.40e-08    1.27e-06
2012 06 14  0518   56092  19080     2.90e-08    1.20e-06
2012 06 14  0519   56092  19140     3.47e-08    1.18e-06
2012 06 14  0520   56092  19200     4.33e-08    1.21e-06
2012 06 14  0521   56092  19260     4.50e-08    1.22e-06
2012 06 14  0522   56092  19320     4.63e-08    1.25e-06
2012 06 14  0523   56092  19380     4.61e-08    1.27e-06
2012 06 14  0524   56092  19440     4.59e-08    1.31e-06
2012 06 14  0525   56092  19500     5.17e-08    1.37e-06
2012 06 14  0526   56092  19560     5.81e-08    1.43e-06
2012 06 14  0527   56092  19620     6.36e-08    1.48e-06
2012 06 14  0528   56092  19680     6.51e-08    1.50e-06
2012 06 14  0529   56092  19740     6.09e-08    1.50e-06
2012 06 14  0530   56092  19800     6.09e-08    1.51e-06
2012 06 14  0531   56092  19860     6.07e-08    1.54e-06
2012 06 14  0532   56092  19920     6.47e-08    1.59e-06
2012 06 14  0533   56092  19980     6.39e-08    1.59e-06
2012 06 14  0534   56092  20040     5.73e-08    1.55e-06
2012 06 14  0535   56092  20100     4.81e-08    1.48e-06
2012 06 14  0536   56092  20160     4.20e-08    1.42e-06
2012 06 14  0537   56092  20220     3.72e-08    1.37e-06
2012 06 14  0538   56092  20280     3.48e-08    1.33e-06
2012 06 14  0539   56092  20340     3.01e-08    1.29e-06
2012 06 14  0540   56092  20400     2.78e-08    1.25e-06
2012 06 14  0541   56092  20460     2.70e-08    1.23e-06
2012 06 14  0542   56092  20520     2.78e-08    1.20e-06
2012 06 14  0543   56092  20580     2.60e-08    1.18e-06
2012 06 14  0544   56092  20640     2.56e-08    1.14e-06
2012 06 14  0545   56092  20700     2.64e-08    1.14e-06
2012 06 14  0546   56092  20760     2.96e-08    1.15e-06
2012 06 14  0547   56092  20820     3.23e-08    1.15e-06
2012 06 14  0548   56092  20880     3.93e-08    1.20e-06
2012 06 14  0549   56092  20940     4.58e-08    1.26e-06
2012 06 14  0550   56092  21000     4.70e-08    1.29e-06
2012 06 14  0551   56092  21060     4.71e-08    1.29e-06
2012 06 14  0552   56092  21120     4.10e-08    1.27e-06
2012 06 14  0553   56092  21180     3.65e-08    1.25e-06
2012 06 14  0554   56092  21240     3.48e-08    1.24e-06
2012 06 14  0555   56092  21300     3.67e-08    1.24e-06
2012 06 14  0556   56092  21360     3.42e-08    1.24e-06
2012 06 14  0557   56092  21420     3.37e-08    1.24e-06
2012 06 14  0558   56092  21480     3.50e-08    1.23e-06
2012 06 14  0559   56092  21540     3.56e-08    1.23e-06
2012 06 14  0600   56092  21600     3.24e-08    1.22e-06
2012 06 14  0601   56092  21660     2.91e-08    1.20e-06
2012 06 14  0602   56092  21720     2.81e-08    1.19e-06
2012 06 14  0603   56092  21780     2.77e-08    1.17e-06
2012 06 14  0604   56092  21840     2.92e-08    1.16e-06
2012 06 14  0605   56092  21900     3.01e-08    1.16e-06
2012 06 14  0606   56092  21960     2.83e-08    1.17e-06
2012 06 14  0607   56092  22020     3.15e-08    1.23e-06
2012 06 14  0608   56092  22080     3.71e-08    1.28e-06
2012 06 14  0609   56092  22140     3.68e-08    1.30e-06
2012 06 14  0610   56092  22200     3.65e-08    1.31e-06
2012 06 14  0611   56092  22260     3.88e-08    1.35e-06
2012 06 14  0612   56092  22320     4.46e-08    1.41e-06
2012 06 14  0613   56092  22380     4.14e-08    1.39e-06
2012 06 14  0614   56092  22440     3.75e-08    1.35e-06
2012 06 14  0615   56092  22500     3.21e-08    1.32e-06
2012 06 14  0616   56092  22560     3.08e-08    1.30e-06
2012 06 14  0617   56092  22620     3.08e-08    1.27e-06
2012 06 14  0618   56092  22680     3.00e-08    1.25e-06
2012 06 14  0619   56092  22740     2.83e-08    1.24e-06
2012 06 14  0620   56092  22800     3.00e-08    1.24e-06
2012 06 14  0621   56092  22860     2.97e-08    1.22e-06
2012 06 14  0622   56092  22920     2.52e-08    1.20e-06
2012 06 14  0623   56092  22980     2.18e-08    1.18e-06
2012 06 14  0624   56092  23040     2.08e-08    1.14e-06
2012 06 14  0625   56092  23100     1.99e-08    1.11e-06
2012 06 14  0626   56092  23160     1.69e-08    1.09e-06
2012 06 14  0627   56092  23220     1.56e-08    1.06e-06
2012 06 14  0628   56092  23280     1.69e-08    1.03e-06
2012 06 14  0629   56092  23340     1.70e-08    1.02e-06
2012 06 14  0630   56092  23400     1.71e-08    1.00e-06
2012 06 14  0631   56092  23460     1.56e-08    9.86e-07
2012 06 14  0632   56092  23520     1.65e-08    9.75e-07
2012 06 14  0633   56092  23580     1.56e-08    9.63e-07
2012 06 14  0634   56092  23640     1.42e-08    9.56e-07
2012 06 14  0635   56092  23700     1.48e-08    9.53e-07
2012 06 14  0636   56092  23760     1.55e-08    9.83e-07
2012 06 14  0637   56092  23820     2.20e-08    1.03e-06
2012 06 14  0638   56092  23880     2.58e-08    1.07e-06
2012 06 14  0639   56092  23940     2.42e-08    1.06e-06
2012 06 14  0640   56092  24000     2.45e-08    1.05e-06
2012 06 14  0641   56092  24060     2.20e-08    1.04e-06
2012 06 14  0642   56092  24120     2.10e-08    1.02e-06
2012 06 14  0643   56092  24180     1.97e-08    1.00e-06
2012 06 14  0644   56092  24240     1.83e-08    1.00e-06
2012 06 14  0645   56092  24300     1.75e-08    9.88e-07
2012 06 14  0646   56092  24360     1.75e-08    9.81e-07
2012 06 14  0647   56092  24420     1.64e-08    9.72e-07
2012 06 14  0648   56092  24480     1.39e-08    9.63e-07
2012 06 14  0649   56092  24540     1.35e-08    9.62e-07
2012 06 14  0650   56092  24600     1.47e-08    9.52e-07
2012 06 14  0651   56092  24660     1.48e-08    9.40e-07
2012 06 14  0652   56092  24720     1.35e-08    9.33e-07
2012 06 14  0653   56092  24780     1.32e-08    9.27e-07
2012 06 14  0654   56092  24840     1.55e-08    9.22e-07
2012 06 14  0655   56092  24900     1.47e-08    9.23e-07
2012 06 14  0656   56092  24960     1.46e-08    9.20e-07
2012 06 14  0657   56092  25020     1.60e-08    9.16e-07
2012 06 14  0658   56092  25080     1.60e-08    9.10e-07
2012 06 14  0659   56092  25140     1.49e-08    9.05e-07
2012 06 14  0700   56092  25200     1.46e-08    8.99e-07
2012 06 14  0701   56092  25260     1.41e-08    8.95e-07
2012 06 14  0702   56092  25320     1.46e-08    8.89e-07
2012 06 14  0703   56092  25380     1.61e-08    8.92e-07
2012 06 14  0704   56092  25440     1.52e-08    8.92e-07
2012 06 14  0705   56092  25500     1.44e-08    9.03e-07
2012 06 14  0706   56092  25560     1.48e-08    8.99e-07
2012 06 14  0707   56092  25620     1.83e-08    8.92e-07
2012 06 14  0708   56092  25680     1.72e-08    8.94e-07
2012 06 14  0709   56092  25740     1.56e-08    8.89e-07
2012 06 14  0710   56092  25800     1.64e-08    8.87e-07
2012 06 14  0711   56092  25860     1.41e-08    8.88e-07
2012 06 14  0712   56092  25920     1.21e-08    8.81e-07
2012 06 14  0713   56092  25980     1.27e-08    8.73e-07
2012 06 14  0714   56092  26040     1.36e-08    8.72e-07
2012 06 14  0715   56092  26100     1.39e-08    8.68e-07
2012 06 14  0716   56092  26160     1.37e-08    8.61e-07
2012 06 14  0717   56092  26220     1.52e-08    8.64e-07
2012 06 14  0718   56092  26280     1.42e-08    8.68e-07
2012 06 14  0719   56092  26340     1.33e-08    8.77e-07
2012 06 14  0720   56092  26400     1.34e-08    8.76e-07
2012 06 14  0721   56092  26460     1.27e-08    8.75e-07
2012 06 14  0722   56092  26520     1.24e-08    8.80e-07
2012 06 14  0723   56092  26580     1.41e-08    8.96e-07
2012 06 14  0724   56092  26640     1.11e-08    9.15e-07
2012 06 14  0725   56092  26700     1.64e-08    9.47e-07
2012 06 14  0726   56092  26760     2.89e-08    1.06e-06
2012 06 14  0727   56092  26820     3.22e-08    1.12e-06
2012 06 14  0728   56092  26880     3.44e-08    1.14e-06
2012 06 14  0729   56092  26940     3.20e-08    1.14e-06
2012 06 14  0730   56092  27000     2.94e-08    1.13e-06
2012 06 14  0731   56092  27060     3.25e-08    1.15e-06
2012 06 14  0732   56092  27120     4.68e-08    1.25e-06
2012 06 14  0733   56092  27180     8.23e-08    1.47e-06
2012 06 14  0734   56092  27240     1.18e-07    1.77e-06
2012 06 14  0735   56092  27300     1.24e-07    1.91e-06
2012 06 14  0736   56092  27360     1.28e-07    2.01e-06
2012 06 14  0737   56092  27420     1.15e-07    2.03e-06
2012 06 14  0738   56092  27480     1.13e-07    2.01e-06
2012 06 14  0739   56092  27540     1.05e-07    1.96e-06
2012 06 14  0740   56092  27600     8.23e-08    1.85e-06
2012 06 14  0741   56092  27660     6.32e-08    1.70e-06
2012 06 14  0742   56092  27720     4.84e-08    1.55e-06
2012 06 14  0743   56092  27780     3.98e-08    1.42e-06
2012 06 14  0744   56092  27840     3.28e-08    1.34e-06
2012 06 14  0745   56092  27900     2.82e-08    1.26e-06
2012 06 14  0746   56092  27960     2.55e-08    1.21e-06
2012 06 14  0747   56092  28020     2.47e-08    1.16e-06
2012 06 14  0748   56092  28080     2.14e-08    1.12e-06
2012 06 14  0749   56092  28140     2.18e-08    1.11e-06
2012 06 14  0750   56092  28200     2.26e-08    1.12e-06
2012 06 14  0751   56092  28260     2.14e-08    1.09e-06
2012 06 14  0752   56092  28320     2.19e-08    1.09e-06
2012 06 14  0753   56092  28380     2.09e-08    1.09e-06
2012 06 14  0754   56092  28440     1.98e-08    1.08e-06
2012 06 14  0755   56092  28500     1.99e-08    1.07e-06
2012 06 14  0756   56092  28560     2.13e-08    1.07e-06
2012 06 14  0757   56092  28620     1.93e-08    1.05e-06
2012 06 14  0758   56092  28680     2.23e-08    1.07e-06
2012 06 14  0759   56092  28740     2.74e-08    1.14e-06
2012 06 14  0800   56092  28800     2.77e-08    1.14e-06
2012 06 14  0801   56092  28860     2.71e-08    1.13e-06
2012 06 14  0802   56092  28920     2.56e-08    1.09e-06
2012 06 14  0803   56092  28980     2.93e-08    1.11e-06
2012 06 14  0804   56092  29040     6.59e-08    1.27e-06
2012 06 14  0805   56092  29100     1.10e-07    1.53e-06
2012 06 14  0806   56092  29160     1.07e-07    1.63e-06
2012 06 14  0807   56092  29220     8.17e-08    1.59e-06
2012 06 14  0808   56092  29280     6.10e-08    1.50e-06
2012 06 14  0809   56092  29340     4.67e-08    1.41e-06
2012 06 14  0810   56092  29400     3.74e-08    1.32e-06
2012 06 14  0811   56092  29460     3.20e-08    1.26e-06
2012 06 14  0812   56092  29520     2.89e-08    1.22e-06
2012 06 14  0813   56092  29580     2.67e-08    1.17e-06
2012 06 14  0814   56092  29640     2.22e-08    1.12e-06
2012 06 14  0815   56092  29700     2.16e-08    1.13e-06
2012 06 14  0816   56092  29760     2.37e-08    1.13e-06
2012 06 14  0817   56092  29820     2.10e-08    1.11e-06
2012 06 14  0818   56092  29880     1.83e-08    1.07e-06
2012 06 14  0819   56092  29940     1.47e-08    1.02e-06
2012 06 14  0820   56092  30000     1.18e-08    9.79e-07
2012 06 14  0821   56092  30060     1.05e-08    9.41e-07
2012 06 14  0822   56092  30120     1.01e-08    9.05e-07
2012 06 14  0823   56092  30180     8.44e-09    8.77e-07
2012 06 14  0824   56092  30240     8.37e-09    8.54e-07
2012 06 14  0825   56092  30300     1.01e-08    8.36e-07
2012 06 14  0826   56092  30360     8.40e-09    8.26e-07
2012 06 14  0827   56092  30420     9.44e-09    8.10e-07
2012 06 14  0828   56092  30480     9.67e-09    8.05e-07
2012 06 14  0829   56092  30540     9.86e-09    8.12e-07
2012 06 14  0830   56092  30600     9.25e-09    8.13e-07
2012 06 14  0831   56092  30660     9.17e-09    8.09e-07
2012 06 14  0832   56092  30720     1.12e-08    8.10e-07
2012 06 14  0833   56092  30780     1.42e-08    8.19e-07
2012 06 14  0834   56092  30840     1.32e-08    8.26e-07
2012 06 14  0835   56092  30900     1.42e-08    8.32e-07
2012 06 14  0836   56092  30960     1.31e-08    8.30e-07
2012 06 14  0837   56092  31020     1.33e-08    8.34e-07
2012 06 14  0838   56092  31080     1.49e-08    8.45e-07
2012 06 14  0839   56092  31140     1.53e-08    8.47e-07
2012 06 14  0840   56092  31200     1.64e-08    8.47e-07
2012 06 14  0841   56092  31260     1.66e-08    8.48e-07
2012 06 14  0842   56092  31320     1.57e-08    8.45e-07
2012 06 14  0843   56092  31380     1.42e-08    8.42e-07
2012 06 14  0844   56092  31440     1.31e-08    8.40e-07
2012 06 14  0845   56092  31500     1.26e-08    8.47e-07
2012 06 14  0846   56092  31560     1.23e-08    8.44e-07
2012 06 14  0847   56092  31620     1.19e-08    8.31e-07
2012 06 14  0848   56092  31680     1.23e-08    8.31e-07
2012 06 14  0849   56092  31740     1.30e-08    8.42e-07
2012 06 14  0850   56092  31800     1.44e-08    8.57e-07
2012 06 14  0851   56092  31860     1.41e-08    8.62e-07
2012 06 14  0852   56092  31920     1.45e-08    8.52e-07
2012 06 14  0853   56092  31980     1.39e-08    8.46e-07
2012 06 14  0854   56092  32040     1.35e-08    8.37e-07
2012 06 14  0855   56092  32100     1.24e-08    8.39e-07
2012 06 14  0856   56092  32160     1.11e-08    8.41e-07
2012 06 14  0857   56092  32220     1.27e-08    8.43e-07
2012 06 14  0858   56092  32280     1.24e-08    8.34e-07
2012 06 14  0859   56092  32340     1.07e-08    8.22e-07
2012 06 14  0900   56092  32400     9.11e-09    8.14e-07
2012 06 14  0901   56092  32460     8.33e-09    8.15e-07
2012 06 14  0902   56092  32520     7.14e-09    8.17e-07
2012 06 14  0903   56092  32580     8.56e-09    8.15e-07
2012 06 14  0904   56092  32640     1.10e-08    8.20e-07
2012 06 14  0905   56092  32700     1.31e-08    8.40e-07
2012 06 14  0906   56092  32760     1.21e-08    8.18e-07
2012 06 14  0907   56092  32820     1.14e-08    8.11e-07
2012 06 14  0908   56092  32880     1.25e-08    8.08e-07
2012 06 14  0909   56092  32940     9.71e-09    8.09e-07
2012 06 14  0910   56092  33000     9.51e-09    8.13e-07
2012 06 14  0911   56092  33060     1.07e-08    8.24e-07
2012 06 14  0912   56092  33120     1.32e-08    8.41e-07
2012 06 14  0913   56092  33180     1.70e-08    8.72e-07
2012 06 14  0914   56092  33240     1.94e-08    9.03e-07
2012 06 14  0915   56092  33300     2.34e-08    9.33e-07
2012 06 14  0916   56092  33360     2.30e-08    9.63e-07
2012 06 14  0917   56092  33420     2.43e-08    9.98e-07
2012 06 14  0918   56092  33480     2.82e-08    1.04e-06
2012 06 14  0919   56092  33540     3.04e-08    1.07e-06
2012 06 14  0920   56092  33600     3.18e-08    1.09e-06
2012 06 14  0921   56092  33660     3.36e-08    1.11e-06
2012 06 14  0922   56092  33720     3.32e-08    1.13e-06
2012 06 14  0923   56092  33780     3.06e-08    1.13e-06
2012 06 14  0924   56092  33840     3.19e-08    1.14e-06
2012 06 14  0925   56092  33900     3.01e-08    1.15e-06
2012 06 14  0926   56092  33960     3.09e-08    1.15e-06
2012 06 14  0927   56092  34020     2.96e-08    1.14e-06
2012 06 14  0928   56092  34080     2.76e-08    1.14e-06
2012 06 14  0929   56092  34140     2.50e-08    1.13e-06
2012 06 14  0930   56092  34200     2.28e-08    1.13e-06
2012 06 14  0931   56092  34260     2.42e-08    1.12e-06
2012 06 14  0932   56092  34320     2.28e-08    1.12e-06
2012 06 14  0933   56092  34380     2.87e-08    1.16e-06
2012 06 14  0934   56092  34440     2.77e-08    1.16e-06
2012 06 14  0935   56092  34500     2.49e-08    1.13e-06
2012 06 14  0936   56092  34560     2.28e-08    1.10e-06
2012 06 14  0937   56092  34620     2.13e-08    1.08e-06
2012 06 14  0938   56092  34680     2.08e-08    1.06e-06
2012 06 14  0939   56092  34740     2.00e-08    1.06e-06
2012 06 14  0940   56092  34800     1.90e-08    1.06e-06
2012 06 14  0941   56092  34860     1.58e-08    1.04e-06
2012 06 14  0942   56092  34920     1.51e-08    1.03e-06
2012 06 14  0943   56092  34980     1.52e-08    1.02e-06
2012 06 14  0944   56092  35040     1.60e-08    1.00e-06
2012 06 14  0945   56092  35100     1.43e-08    9.98e-07
2012 06 14  0946   56092  35160     1.35e-08    9.94e-07
2012 06 14  0947   56092  35220     1.44e-08    9.88e-07
2012 06 14  0948   56092  35280     1.35e-08    9.74e-07
2012 06 14  0949   56092  35340     1.05e-08    9.61e-07
2012 06 14  0950   56092  35400     1.05e-08    9.52e-07
2012 06 14  0951   56092  35460     1.16e-08    9.44e-07
2012 06 14  0952   56092  35520     1.47e-08    9.44e-07
2012 06 14  0953   56092  35580     1.20e-08    9.35e-07
2012 06 14  0954   56092  35640     9.22e-09    9.20e-07
2012 06 14  0955   56092  35700     6.14e-09    9.09e-07
2012 06 14  0956   56092  35760     5.18e-09    8.95e-07
2012 06 14  0957   56092  35820     5.24e-09    8.82e-07
2012 06 14  0958   56092  35880     6.67e-09    8.69e-07
2012 06 14  0959   56092  35940     7.60e-09    8.65e-07
2012 06 14  1000   56092  36000     4.27e-08    1.07e-06
2012 06 14  1001   56092  36060     6.03e-08    1.26e-06
2012 06 14  1002   56092  36120     3.86e-08    1.20e-06
2012 06 14  1003   56092  36180     2.19e-08    1.09e-06
2012 06 14  1004   56092  36240     1.43e-08    9.99e-07
2012 06 14  1005   56092  36300     1.02e-08    9.36e-07
2012 06 14  1006   56092  36360     7.71e-09    9.02e-07
2012 06 14  1007   56092  36420     6.37e-09    8.72e-07
2012 06 14  1008   56092  36480     7.66e-09    8.54e-07
2012 06 14  1009   56092  36540     8.06e-09    8.33e-07
2012 06 14  1010   56092  36600     6.98e-09    8.17e-07
2012 06 14  1011   56092  36660     7.47e-09    8.10e-07
2012 06 14  1012   56092  36720     8.37e-09    8.04e-07
2012 06 14  1013   56092  36780     7.48e-09    7.96e-07
2012 06 14  1014   56092  36840     7.77e-09    7.99e-07
2012 06 14  1015   56092  36900     9.48e-09    8.08e-07
2012 06 14  1016   56092  36960     1.06e-08    8.24e-07
2012 06 14  1017   56092  37020     1.07e-08    8.19e-07
2012 06 14  1018   56092  37080     1.19e-08    8.18e-07
2012 06 14  1019   56092  37140     1.27e-08    8.22e-07
2012 06 14  1020   56092  37200     1.54e-08    8.30e-07
2012 06 14  1021   56092  37260     1.53e-08    8.44e-07
2012 06 14  1022   56092  37320     1.45e-08    8.51e-07
2012 06 14  1023   56092  37380     1.42e-08    8.60e-07
2012 06 14  1024   56092  37440     1.34e-08    8.57e-07
2012 06 14  1025   56092  37500     1.31e-08    8.55e-07
2012 06 14  1026   56092  37560     1.17e-08    8.51e-07
2012 06 14  1027   56092  37620     1.06e-08    8.46e-07
2012 06 14  1028   56092  37680     1.01e-08    8.42e-07
2012 06 14  1029   56092  37740     1.21e-08    8.44e-07
2012 06 14  1030   56092  37800     8.02e-09    8.42e-07
2012 06 14  1031   56092  37860     7.88e-09    8.44e-07
2012 06 14  1032   56092  37920     1.01e-08    8.49e-07
2012 06 14  1033   56092  37980     1.26e-08    8.58e-07
2012 06 14  1034   56092  38040     1.48e-08    8.87e-07
2012 06 14  1035   56092  38100     1.42e-08    8.89e-07
2012 06 14  1036   56092  38160     1.30e-08    8.97e-07
2012 06 14  1037   56092  38220     3.00e-08    1.02e-06
2012 06 14  1038   56092  38280     4.75e-08    1.21e-06
2012 06 14  1039   56092  38340     4.15e-08    1.19e-06
2012 06 14  1040   56092  38400     2.80e-08    1.11e-06
2012 06 14  1041   56092  38460     1.98e-08    1.00e-06
2012 06 14  1042   56092  38520     1.61e-08    9.52e-07
2012 06 14  1043   56092  38580     1.50e-08    9.32e-07
2012 06 14  1044   56092  38640     1.41e-08    9.21e-07
2012 06 14  1045   56092  38700     1.39e-08    9.20e-07
2012 06 14  1046   56092  38760     1.73e-08    9.46e-07
2012 06 14  1047   56092  38820     4.89e-08    1.19e-06
2012 06 14  1048   56092  38880     1.29e-07    1.69e-06
2012 06 14  1049   56092  38940     2.50e-07    2.24e-06
2012 06 14  1050   56092  39000     2.95e-07    2.60e-06
2012 06 14  1051   56092  39060     2.39e-07    2.60e-06
2012 06 14  1052   56092  39120     1.81e-07    2.48e-06
2012 06 14  1053   56092  39180     1.30e-07    2.28e-06
2012 06 14  1054   56092  39240     9.01e-08    2.06e-06
2012 06 14  1055   56092  39300     6.41e-08    1.84e-06
2012 06 14  1056   56092  39360     4.66e-08    1.64e-06
2012 06 14  1057   56092  39420     3.85e-08    1.52e-06
2012 06 14  1058   56092  39480     3.64e-08    1.46e-06
2012 06 14  1059   56092  39540     3.64e-08    1.40e-06
2012 06 14  1100   56092  39600     3.80e-08    1.38e-06
2012 06 14  1101   56092  39660     4.14e-08    1.40e-06
2012 06 14  1102   56092  39720     4.58e-08    1.43e-06
2012 06 14  1103   56092  39780     5.18e-08    1.46e-06
2012 06 14  1104   56092  39840     6.22e-08    1.53e-06
2012 06 14  1105   56092  39900     7.55e-08    1.62e-06
2012 06 14  1106   56092  39960     8.73e-08    1.69e-06
2012 06 14  1107   56092  40020     1.01e-07    1.81e-06
2012 06 14  1108   56092  40080     1.88e-07    2.32e-06
2012 06 14  1109   56092  40140     3.73e-07    3.29e-06
2012 06 14  1110   56092  40200     5.52e-07    4.36e-06
2012 06 14  1111   56092  40260     5.83e-07    4.81e-06
2012 06 14  1112   56092  40320     5.61e-07    5.03e-06
2012 06 14  1113   56092  40380     4.97e-07    4.96e-06
2012 06 14  1114   56092  40440     4.38e-07    4.83e-06
2012 06 14  1115   56092  40500     3.91e-07    4.70e-06
2012 06 14  1116   56092  40560     3.51e-07    4.55e-06
2012 06 14  1117   56092  40620     3.09e-07    4.30e-06
2012 06 14  1118   56092  40680     2.64e-07    4.01e-06
2012 06 14  1119   56092  40740     2.26e-07    3.74e-06
2012 06 14  1120   56092  40800     2.01e-07    3.52e-06
2012 06 14  1121   56092  40860     1.83e-07    3.34e-06
2012 06 14  1122   56092  40920     1.66e-07    3.15e-06
2012 06 14  1123   56092  40980     1.51e-07    2.96e-06
2012 06 14  1124   56092  41040     1.39e-07    2.81e-06
2012 06 14  1125   56092  41100     1.28e-07    2.67e-06
2012 06 14  1126   56092  41160     1.20e-07    2.54e-06
2012 06 14  1127   56092  41220     1.09e-07    2.42e-06
2012 06 14  1128   56092  41280     1.01e-07    2.30e-06
2012 06 14  1129   56092  41340     9.41e-08    2.20e-06
2012 06 14  1130   56092  41400     8.80e-08    2.11e-06
2012 06 14  1131   56092  41460     8.11e-08    2.02e-06
2012 06 14  1132   56092  41520     7.41e-08    1.94e-06
2012 06 14  1133   56092  41580     7.06e-08    1.87e-06
2012 06 14  1134   56092  41640     6.53e-08    1.81e-06
2012 06 14  1135   56092  41700     6.33e-08    1.77e-06
2012 06 14  1136   56092  41760     6.93e-08    1.81e-06
2012 06 14  1137   56092  41820     8.52e-08    1.96e-06
2012 06 14  1138   56092  41880     9.07e-08    2.00e-06
2012 06 14  1139   56092  41940     1.02e-07    2.00e-06
2012 06 14  1140   56092  42000     9.92e-08    2.01e-06
2012 06 14  1141   56092  42060     7.80e-08    1.89e-06
2012 06 14  1142   56092  42120     5.57e-08    1.70e-06
2012 06 14  1143   56092  42180     5.09e-08    1.62e-06
2012 06 14  1144   56092  42240     4.94e-08    1.57e-06
2012 06 14  1145   56092  42300     4.59e-08    1.52e-06
2012 06 14  1146   56092  42360     4.28e-08    1.46e-06
2012 06 14  1147   56092  42420     3.85e-08    1.42e-06
2012 06 14  1148   56092  42480     3.72e-08    1.38e-06
2012 06 14  1149   56092  42540     3.51e-08    1.35e-06
2012 06 14  1150   56092  42600     3.25e-08    1.33e-06
2012 06 14  1151   56092  42660     3.09e-08    1.31e-06
2012 06 14  1152   56092  42720     2.94e-08    1.29e-06
2012 06 14  1153   56092  42780     2.90e-08    1.28e-06
2012 06 14  1154   56092  42840     2.83e-08    1.27e-06
2012 06 14  1155   56092  42900     2.71e-08    1.25e-06
2012 06 14  1156   56092  42960     2.57e-08    1.24e-06
2012 06 14  1157   56092  43020     2.55e-08    1.23e-06
2012 06 14  1158   56092  43080     2.60e-08    1.22e-06
2012 06 14  1159   56092  43140     2.27e-08    1.21e-06
2012 06 14  1200   56092  43200     2.05e-08    1.19e-06
2012 06 14  1201   56092  43260     2.21e-08    1.19e-06
2012 06 14  1202   56092  43320     2.05e-08    1.19e-06
2012 06 14  1203   56092  43380     2.22e-08    1.18e-06
2012 06 14  1204   56092  43440     2.31e-08    1.18e-06
2012 06 14  1205   56092  43500     2.39e-08    1.20e-06
2012 06 14  1206   56092  43560     2.52e-08    1.23e-06
2012 06 14  1207   56092  43620     2.67e-08    1.24e-06
2012 06 14  1208   56092  43680     2.73e-08    1.25e-06
2012 06 14  1209   56092  43740     2.90e-08    1.26e-06
2012 06 14  1210   56092  43800     3.02e-08    1.27e-06
2012 06 14  1211   56092  43860     3.04e-08    1.28e-06
2012 06 14  1212   56092  43920     3.10e-08    1.30e-06
2012 06 14  1213   56092  43980     3.12e-08    1.31e-06
2012 06 14  1214   56092  44040     3.20e-08    1.32e-06
2012 06 14  1215   56092  44100     3.24e-08    1.33e-06
2012 06 14  1216   56092  44160     3.04e-08    1.34e-06
2012 06 14  1217   56092  44220     3.13e-08    1.33e-06
2012 06 14  1218   56092  44280     2.70e-08    1.31e-06
2012 06 14  1219   56092  44340     2.55e-08    1.28e-06
2012 06 14  1220   56092  44400     2.38e-08    1.25e-06
2012 06 14  1221   56092  44460     2.44e-08    1.24e-06
2012 06 14  1222   56092  44520     2.72e-08    1.24e-06
2012 06 14  1223   56092  44580     3.02e-08    1.25e-06
2012 06 14  1224   56092  44640     2.93e-08    1.26e-06
2012 06 14  1225   56092  44700     3.01e-08    1.25e-06
2012 06 14  1226   56092  44760     2.94e-08    1.23e-06
2012 06 14  1227   56092  44820     2.82e-08    1.21e-06
2012 06 14  1228   56092  44880     2.52e-08    1.18e-06
2012 06 14  1229   56092  44940     2.38e-08    1.17e-06
2012 06 14  1230   56092  45000     2.38e-08    1.15e-06
2012 06 14  1231   56092  45060     2.72e-08    1.14e-06
2012 06 14  1232   56092  45120     2.51e-08    1.13e-06
2012 06 14  1233   56092  45180     2.52e-08    1.12e-06
2012 06 14  1234   56092  45240     2.47e-08    1.13e-06
2012 06 14  1235   56092  45300     3.50e-08    1.23e-06
2012 06 14  1236   56092  45360     1.12e-07    1.68e-06
2012 06 14  1237   56092  45420     3.09e-07    2.69e-06
2012 06 14  1238   56092  45480     1.78e-07    2.39e-06
2012 06 14  1239   56092  45540     9.60e-08    1.79e-06
2012 06 14  1240   56092  45600     6.75e-08    1.51e-06
2012 06 14  1241   56092  45660     5.93e-08    1.43e-06
2012 06 14  1242   56092  45720     5.25e-08    1.41e-06
2012 06 14  1243   56092  45780     5.02e-08    1.39e-06
2012 06 14  1244   56092  45840     4.17e-08    1.32e-06
2012 06 14  1245   56092  45900     3.77e-08    1.26e-06
2012 06 14  1246   56092  45960     3.54e-08    1.24e-06
2012 06 14  1247   56092  46020     3.57e-08    1.24e-06
2012 06 14  1248   56092  46080     3.80e-08    1.25e-06
2012 06 14  1249   56092  46140     3.98e-08    1.27e-06
2012 06 14  1250   56092  46200     4.47e-08    1.30e-06
2012 06 14  1251   56092  46260     4.81e-08    1.33e-06
2012 06 14  1252   56092  46320     5.41e-08    1.37e-06
2012 06 14  1253   56092  46380     6.17e-08    1.42e-06
2012 06 14  1254   56092  46440     6.47e-08    1.47e-06
2012 06 14  1255   56092  46500     6.56e-08    1.50e-06
2012 06 14  1256   56092  46560     6.79e-08    1.53e-06
2012 06 14  1257   56092  46620     7.32e-08    1.55e-06
2012 06 14  1258   56092  46680     8.11e-08    1.58e-06
2012 06 14  1259   56092  46740     8.37e-08    1.60e-06
2012 06 14  1300   56092  46800     8.66e-08    1.62e-06
2012 06 14  1301   56092  46860     9.07e-08    1.66e-06
2012 06 14  1302   56092  46920     9.14e-08    1.69e-06
2012 06 14  1303   56092  46980     9.46e-08    1.72e-06
2012 06 14  1304   56092  47040     1.02e-07    1.80e-06
2012 06 14  1305   56092  47100     1.11e-07    1.89e-06
2012 06 14  1306   56092  47160     1.11e-07    1.93e-06
2012 06 14  1307   56092  47220     1.08e-07    1.94e-06
2012 06 14  1308   56092  47280     1.09e-07    1.93e-06
2012 06 14  1309   56092  47340     1.11e-07    1.92e-06
2012 06 14  1310   56092  47400     1.12e-07    1.90e-06
2012 06 14  1311   56092  47460     1.12e-07    1.90e-06
2012 06 14  1312   56092  47520     1.18e-07    1.92e-06
2012 06 14  1313   56092  47580     1.22e-07    1.94e-06
2012 06 14  1314   56092  47640     1.29e-07    1.99e-06
2012 06 14  1315   56092  47700     1.37e-07    2.03e-06
2012 06 14  1316   56092  47760     1.44e-07    2.07e-06
2012 06 14  1317   56092  47820     1.53e-07    2.14e-06
2012 06 14  1318   56092  47880     1.62e-07    2.20e-06
2012 06 14  1319   56092  47940     1.68e-07    2.24e-06
2012 06 14  1320   56092  48000     1.67e-07    2.25e-06
2012 06 14  1321   56092  48060     1.71e-07    2.28e-06
2012 06 14  1322   56092  48120     1.73e-07    2.30e-06
2012 06 14  1323   56092  48180     1.75e-07    2.33e-06
2012 06 14  1324   56092  48240     1.80e-07    2.37e-06
2012 06 14  1325   56092  48300     1.87e-07    2.41e-06
2012 06 14  1326   56092  48360     1.91e-07    2.44e-06
2012 06 14  1327   56092  48420     1.95e-07    2.47e-06
2012 06 14  1328   56092  48480     2.05e-07    2.53e-06
2012 06 14  1329   56092  48540     2.14e-07    2.57e-06
2012 06 14  1330   56092  48600     2.27e-07    2.63e-06
2012 06 14  1331   56092  48660     2.42e-07    2.70e-06
2012 06 14  1332   56092  48720     2.56e-07    2.76e-06
2012 06 14  1333   56092  48780     2.66e-07    2.85e-06
2012 06 14  1334   56092  48840     2.81e-07    2.94e-06
2012 06 14  1335   56092  48900     2.96e-07    3.02e-06
2012 06 14  1336   56092  48960     3.14e-07    3.14e-06
2012 06 14  1337   56092  49020     3.34e-07    3.25e-06
2012 06 14  1338   56092  49080     3.59e-07    3.38e-06
2012 06 14  1339   56092  49140     3.84e-07    3.51e-06
2012 06 14  1340   56092  49200     4.26e-07    3.72e-06
2012 06 14  1341   56092  49260     4.70e-07    3.93e-06
2012 06 14  1342   56092  49320     5.17e-07    4.16e-06
2012 06 14  1343   56092  49380     5.68e-07    4.41e-06
2012 06 14  1344   56092  49440     6.14e-07    4.62e-06
2012 06 14  1345   56092  49500     6.75e-07    4.89e-06
2012 06 14  1346   56092  49560     7.32e-07    5.14e-06
2012 06 14  1347   56092  49620     8.18e-07    5.50e-06
2012 06 14  1348   56092  49680     9.16e-07    5.89e-06
2012 06 14  1349   56092  49740     1.03e-06    6.33e-06
2012 06 14  1350   56092  49800     1.14e-06    6.77e-06
2012 06 14  1351   56092  49860     1.28e-06    7.28e-06
2012 06 14  1352   56092  49920     1.42e-06    7.85e-06
2012 06 14  1353   56092  49980     1.58e-06    8.49e-06
2012 06 14  1354   56092  50040     1.72e-06    9.04e-06
2012 06 14  1355   56092  50100     1.85e-06    9.52e-06
2012 06 14  1356   56092  50160     1.96e-06    9.96e-06
2012 06 14  1357   56092  50220     2.08e-06    1.04e-05
2012 06 14  1358   56092  50280     2.20e-06    1.08e-05
2012 06 14  1359   56092  50340     2.30e-06    1.12e-05
2012 06 14  1400   56092  50400     2.45e-06    1.17e-05
2012 06 14  1401   56092  50460     2.58e-06    1.21e-05
2012 06 14  1402   56092  50520     2.70e-06    1.26e-05
2012 06 14  1403   56092  50580     2.81e-06    1.30e-05
2012 06 14  1404   56092  50640     2.90e-06    1.34e-05
2012 06 14  1405   56092  50700     2.98e-06    1.37e-05
2012 06 14  1406   56092  50760     3.05e-06    1.41e-05
2012 06 14  1407   56092  50820     3.10e-06    1.44e-05
2012 06 14  1408   56092  50880     3.14e-06    1.48e-05
2012 06 14  1409   56092  50940     3.18e-06    1.51e-05
2012 06 14  1410   56092  51000     3.21e-06    1.54e-05
2012 06 14  1411   56092  51060     3.26e-06    1.57e-05
2012 06 14  1412   56092  51120     3.28e-06    1.60e-05
2012 06 14  1413   56092  51180     3.29e-06    1.63e-05
2012 06 14  1414   56092  51240     3.30e-06    1.66e-05
2012 06 14  1415   56092  51300     3.29e-06    1.68e-05
2012 06 14  1416   56092  51360     3.30e-06    1.71e-05
2012 06 14  1417   56092  51420     3.29e-06    1.73e-05
2012 06 14  1418   56092  51480     3.28e-06    1.75e-05
2012 06 14  1419   56092  51540     3.26e-06    1.77e-05
2012 06 14  1420   56092  51600     3.24e-06    1.79e-05
2012 06 14  1421   56092  51660     3.22e-06    1.81e-05
2012 06 14  1422   56092  51720     3.20e-06    1.83e-05
2012 06 14  1423   56092  51780     3.18e-06    1.85e-05
2012 06 14  1424   56092  51840     3.16e-06    1.86e-05
2012 06 14  1425   56092  51900     3.13e-06    1.88e-05
2012 06 14  1426   56092  51960     3.10e-06    1.89e-05
2012 06 14  1427   56092  52020     3.06e-06    1.90e-05
2012 06 14  1428   56092  52080     3.03e-06    1.91e-05
2012 06 14  1429   56092  52140     2.99e-06    1.91e-05
2012 06 14  1430   56092  52200     2.95e-06    1.91e-05
2012 06 14  1431   56092  52260     2.91e-06    1.91e-05
2012 06 14  1432   56092  52320     2.87e-06    1.91e-05
2012 06 14  1433   56092  52380     2.83e-06    1.91e-05
2012 06 14  1434   56092  52440     2.79e-06    1.91e-05
2012 06 14  1435   56092  52500     2.75e-06    1.92e-05
2012 06 14  1436   56092  52560     2.71e-06    1.92e-05
2012 06 14  1437   56092  52620     2.66e-06    1.91e-05
2012 06 14  1438   56092  52680     2.62e-06    1.91e-05
2012 06 14  1439   56092  52740     2.57e-06    1.90e-05
2012 06 14  1440   56092  52800     2.53e-06    1.89e-05
2012 06 14  1441   56092  52860     2.50e-06    1.88e-05
2012 06 14  1442   56092  52920     2.47e-06    1.87e-05
2012 06 14  1443   56092  52980     2.43e-06    1.86e-05
2012 06 14  1444   56092  53040     2.39e-06    1.85e-05
2012 06 14  1445   56092  53100     2.34e-06    1.84e-05
2012 06 14  1446   56092  53160     2.30e-06    1.83e-05
2012 06 14  1447   56092  53220     2.26e-06    1.81e-05
2012 06 14  1448   56092  53280     2.22e-06    1.80e-05
2012 06 14  1449   56092  53340     2.19e-06    1.79e-05
2012 06 14  1450   56092  53400     2.15e-06    1.77e-05
2012 06 14  1451   56092  53460     2.11e-06    1.76e-05
2012 06 14  1452   56092  53520     2.08e-06    1.75e-05
2012 06 14  1453   56092  53580     2.05e-06    1.74e-05
2012 06 14  1454   56092  53640     2.02e-06    1.72e-05
2012 06 14  1455   56092  53700     1.98e-06    1.71e-05
2012 06 14  1456   56092  53760     1.95e-06    1.69e-05
2012 06 14  1457   56092  53820     1.92e-06    1.68e-05
2012 06 14  1458   56092  53880     1.89e-06    1.66e-05
2012 06 14  1459   56092  53940     1.86e-06    1.65e-05
2012 06 14  1500   56092  54000     1.83e-06    1.63e-05
2012 06 14  1501   56092  54060     1.79e-06    1.61e-05
2012 06 14  1502   56092  54120     1.75e-06    1.59e-05
2012 06 14  1503   56092  54180     1.72e-06    1.58e-05
2012 06 14  1504   56092  54240     1.69e-06    1.56e-05
2012 06 14  1505   56092  54300     1.67e-06    1.55e-05
2012 06 14  1506   56092  54360     1.64e-06    1.53e-05
2012 06 14  1507   56092  54420     1.62e-06    1.51e-05
2012 06 14  1508   56092  54480     1.59e-06    1.50e-05
2012 06 14  1509   56092  54540     1.56e-06    1.48e-05
2012 06 14  1510   56092  54600     1.53e-06    1.47e-05
2012 06 14  1511   56092  54660     1.51e-06    1.45e-05
2012 06 14  1512   56092  54720     1.49e-06    1.43e-05
2012 06 14  1513   56092  54780     1.46e-06    1.42e-05
2012 06 14  1514   56092  54840     1.46e-06    1.42e-05
2012 06 14  1515   56092  54900     1.47e-06    1.43e-05
2012 06 14  1516   56092  54960     1.44e-06    1.42e-05
2012 06 14  1517   56092  55020     1.44e-06    1.42e-05
2012 06 14  1518   56092  55080     1.41e-06    1.40e-05
2012 06 14  1519   56092  55140     1.41e-06    1.40e-05
2012 06 14  1520   56092  55200     1.41e-06    1.40e-05
2012 06 14  1521   56092  55260     1.43e-06    1.41e-05
2012 06 14  1522   56092  55320     1.44e-06    1.41e-05
2012 06 14  1523   56092  55380     1.43e-06    1.41e-05
2012 06 14  1524   56092  55440     1.40e-06    1.40e-05
2012 06 14  1525   56092  55500     1.37e-06    1.39e-05
2012 06 14  1526   56092  55560     1.34e-06    1.37e-05
2012 06 14  1527   56092  55620     1.33e-06    1.36e-05
2012 06 14  1528   56092  55680     1.33e-06    1.36e-05
2012 06 14  1529   56092  55740     1.36e-06    1.36e-05
2012 06 14  1530   56092  55800     1.38e-06    1.36e-05
2012 06 14  1531   56092  55860     1.36e-06    1.36e-05
2012 06 14  1532   56092  55920     1.33e-06    1.35e-05
2012 06 14  1533   56092  55980     1.30e-06    1.34e-05
2012 06 14  1534   56092  56040     1.27e-06    1.33e-05
2012 06 14  1535   56092  56100     1.23e-06    1.32e-05
2012 06 14  1536   56092  56160     1.21e-06    1.31e-05
2012 06 14  1537   56092  56220     1.19e-06    1.30e-05
2012 06 14  1538   56092  56280     1.18e-06    1.29e-05
2012 06 14  1539   56092  56340     1.16e-06    1.28e-05
2012 06 14  1540   56092  56400     1.14e-06    1.27e-05
2012 06 14  1541   56092  56460     1.12e-06    1.26e-05
2012 06 14  1542   56092  56520     1.09e-06    1.25e-05
2012 06 14  1543   56092  56580     1.07e-06    1.23e-05
2012 06 14  1544   56092  56640     1.04e-06    1.22e-05
2012 06 14  1545   56092  56700     1.01e-06    1.20e-05
2012 06 14  1546   56092  56760     9.76e-07    1.18e-05
2012 06 14  1547   56092  56820     9.49e-07    1.17e-05
2012 06 14  1548   56092  56880     9.22e-07    1.15e-05
2012 06 14  1549   56092  56940     8.99e-07    1.13e-05
2012 06 14  1550   56092  57000     8.81e-07    1.11e-05
2012 06 14  1551   56092  57060     8.61e-07    1.09e-05
2012 06 14  1552   56092  57120     8.42e-07    1.08e-05
2012 06 14  1553   56092  57180     8.27e-07    1.06e-05
2012 06 14  1554   56092  57240     8.12e-07    1.05e-05
2012 06 14  1555   56092  57300     7.98e-07    1.04e-05
2012 06 14  1556   56092  57360     7.85e-07    1.03e-05
2012 06 14  1557   56092  57420     7.71e-07    1.01e-05
2012 06 14  1558   56092  57480     7.59e-07    1.00e-05
2012 06 14  1559   56092  57540     7.43e-07    9.92e-06
2012 06 14  1600   56092  57600     7.30e-07    9.81e-06
2012 06 14  1601   56092  57660     7.17e-07    9.70e-06
2012 06 14  1602   56092  57720     7.04e-07    9.59e-06
2012 06 14  1603   56092  57780     6.93e-07    9.49e-06
2012 06 14  1604   56092  57840     6.84e-07    9.40e-06
2012 06 14  1605   56092  57900     6.74e-07    9.34e-06
2012 06 14  1606   56092  57960     6.65e-07    9.26e-06
2012 06 14  1607   56092  58020     6.54e-07    9.16e-06
2012 06 14  1608   56092  58080     6.44e-07    9.07e-06
2012 06 14  1609   56092  58140     6.35e-07    8.98e-06
2012 06 14  1610   56092  58200     6.29e-07    8.91e-06
2012 06 14  1611   56092  58260     6.18e-07    8.83e-06
2012 06 14  1612   56092  58320     6.09e-07    8.74e-06
2012 06 14  1613   56092  58380     6.02e-07    8.67e-06
2012 06 14  1614   56092  58440     5.93e-07    8.59e-06
2012 06 14  1615   56092  58500     5.85e-07    8.52e-06
2012 06 14  1616   56092  58560     5.77e-07    8.44e-06
2012 06 14  1617   56092  58620     5.70e-07    8.37e-06
2012 06 14  1618   56092  58680     5.61e-07    8.30e-06
2012 06 14  1619   56092  58740     5.51e-07    8.22e-06
2012 06 14  1620   56092  58800     5.41e-07    8.14e-06
2012 06 14  1621   56092  58860     5.32e-07    8.06e-06
2012 06 14  1622   56092  58920     5.25e-07    7.98e-06
2012 06 14  1623   56092  58980     5.16e-07    7.92e-06
2012 06 14  1624   56092  59040     5.09e-07    7.85e-06
2012 06 14  1625   56092  59100     5.03e-07    7.77e-06
2012 06 14  1626   56092  59160     4.95e-07    7.71e-06
2012 06 14  1627   56092  59220     4.89e-07    7.66e-06
2012 06 14  1628   56092  59280     4.83e-07    7.61e-06
2012 06 14  1629   56092  59340     4.77e-07    7.56e-06
2012 06 14  1630   56092  59400     4.72e-07    7.49e-06
2012 06 14  1631   56092  59460     4.64e-07    7.41e-06
2012 06 14  1632   56092  59520     4.57e-07    7.35e-06
2012 06 14  1633   56092  59580     4.51e-07    7.28e-06
2012 06 14  1634   56092  59640     4.44e-07    7.21e-06
2012 06 14  1635   56092  59700     4.36e-07    7.15e-06
2012 06 14  1636   56092  59760     4.28e-07    7.09e-06
2012 06 14  1637   56092  59820     4.23e-07    7.02e-06
2012 06 14  1638   56092  59880     4.18e-07    6.95e-06
2012 06 14  1639   56092  59940     4.11e-07    6.90e-06
2012 06 14  1640   56092  60000     4.04e-07    6.85e-06
2012 06 14  1641   56092  60060     3.99e-07    6.80e-06
2012 06 14  1642   56092  60120     3.94e-07    6.73e-06
2012 06 14  1643   56092  60180     3.88e-07    6.66e-06
2012 06 14  1644   56092  60240     3.82e-07    6.61e-06
2012 06 14  1645   56092  60300     3.78e-07    6.56e-06
2012 06 14  1646   56092  60360     3.76e-07    6.52e-06
2012 06 14  1647   56092  60420     3.68e-07    6.46e-06
2012 06 14  1648   56092  60480     3.62e-07    6.40e-06
2012 06 14  1649   56092  60540     3.58e-07    6.36e-06
2012 06 14  1650   56092  60600     3.53e-07    6.31e-06
2012 06 14  1651   56092  60660     3.48e-07    6.26e-06
2012 06 14  1652   56092  60720     3.43e-07    6.21e-06
2012 06 14  1653   56092  60780     3.38e-07    6.16e-06
2012 06 14  1654   56092  60840     3.35e-07    6.12e-06
2012 06 14  1655   56092  60900     3.34e-07    6.07e-06
2012 06 14  1656   56092  60960     3.29e-07    6.02e-06
2012 06 14  1657   56092  61020     3.23e-07    5.97e-06
2012 06 14  1658   56092  61080     3.18e-07    5.93e-06
2012 06 14  1659   56092  61140     3.17e-07    5.89e-06
2012 06 14  1700   56092  61200     3.11e-07    5.84e-06
2012 06 14  1701   56092  61260     3.08e-07    5.80e-06
2012 06 14  1702   56092  61320     3.03e-07    5.75e-06
2012 06 14  1703   56092  61380     3.02e-07    5.73e-06
2012 06 14  1704   56092  61440     2.99e-07    5.70e-06
2012 06 14  1705   56092  61500     2.94e-07    5.66e-06
2012 06 14  1706   56092  61560     2.90e-07    5.61e-06
2012 06 14  1707   56092  61620     2.86e-07    5.56e-06
2012 06 14  1708   56092  61680     2.84e-07    5.51e-06
2012 06 14  1709   56092  61740     2.80e-07    5.46e-06
2012 06 14  1710   56092  61800     2.77e-07    5.40e-06
2012 06 14  1711   56092  61860     2.73e-07    5.36e-06
2012 06 14  1712   56092  61920     2.68e-07    5.32e-06
2012 06 14  1713   56092  61980     2.65e-07    5.28e-06
2012 06 14  1714   56092  62040     2.62e-07    5.23e-06
2012 06 14  1715   56092  62100     2.58e-07    5.19e-06
2012 06 14  1716   56092  62160     2.56e-07    5.15e-06
2012 06 14  1717   56092  62220     2.53e-07    5.12e-06
2012 06 14  1718   56092  62280     2.52e-07    5.09e-06
2012 06 14  1719   56092  62340     2.51e-07    5.08e-06
2012 06 14  1720   56092  62400     2.49e-07    5.07e-06
2012 06 14  1721   56092  62460     2.49e-07    5.05e-06
2012 06 14  1722   56092  62520     2.54e-07    5.10e-06
2012 06 14  1723   56092  62580     2.52e-07    5.09e-06
2012 06 14  1724   56092  62640     2.47e-07    5.05e-06
2012 06 14  1725   56092  62700     2.43e-07    5.03e-06
2012 06 14  1726   56092  62760     2.39e-07    4.98e-06
2012 06 14  1727   56092  62820     2.34e-07    4.91e-06
2012 06 14  1728   56092  62880     2.32e-07    4.86e-06
2012 06 14  1729   56092  62940     2.31e-07    4.82e-06
2012 06 14  1730   56092  63000     2.28e-07    4.80e-06
2012 06 14  1731   56092  63060     2.28e-07    4.79e-06
2012 06 14  1732   56092  63120     2.31e-07    4.81e-06
2012 06 14  1733   56092  63180     2.33e-07    4.82e-06
2012 06 14  1734   56092  63240     2.32e-07    4.78e-06
2012 06 14  1735   56092  63300     2.30e-07    4.78e-06
2012 06 14  1736   56092  63360     2.30e-07    4.79e-06
2012 06 14  1737   56092  63420     2.28e-07    4.79e-06
2012 06 14  1738   56092  63480     2.28e-07    4.78e-06
2012 06 14  1739   56092  63540     2.30e-07    4.79e-06
2012 06 14  1740   56092  63600     2.30e-07    4.78e-06
2012 06 14  1741   56092  63660     2.32e-07    4.79e-06
2012 06 14  1742   56092  63720     2.31e-07    4.80e-06
2012 06 14  1743   56092  63780     2.32e-07    4.82e-06
2012 06 14  1744   56092  63840     2.31e-07    4.85e-06
2012 06 14  1745   56092  63900     2.32e-07    4.86e-06
2012 06 14  1746   56092  63960     2.30e-07    4.87e-06
2012 06 14  1747   56092  64020     2.28e-07    4.86e-06
2012 06 14  1748   56092  64080     2.25e-07    4.85e-06
2012 06 14  1749   56092  64140     2.22e-07    4.84e-06
2012 06 14  1750   56092  64200     2.19e-07    4.84e-06
2012 06 14  1751   56092  64260     2.18e-07    4.85e-06
2012 06 14  1752   56092  64320     2.15e-07    4.85e-06
2012 06 14  1753   56092  64380     2.16e-07    4.85e-06
2012 06 14  1754   56092  64440     2.15e-07    4.82e-06
2012 06 14  1755   56092  64500     2.12e-07    4.79e-06
2012 06 14  1756   56092  64560     2.06e-07    4.75e-06
2012 06 14  1757   56092  64620     2.02e-07    4.72e-06
2012 06 14  1758   56092  64680     2.00e-07    4.70e-06
2012 06 14  1759   56092  64740     2.01e-07    4.69e-06
2012 06 14  1800   56092  64800     2.00e-07    4.65e-06
2012 06 14  1801   56092  64860     1.97e-07    4.60e-06
2012 06 14  1802   56092  64920     1.89e-07    4.53e-06
2012 06 14  1803   56092  64980     1.82e-07    4.43e-06
2012 06 14  1804   56092  65040     1.79e-07    4.35e-06
2012 06 14  1805   56092  65100     1.71e-07    4.27e-06
2012 06 14  1806   56092  65160     1.69e-07    4.19e-06
2012 06 14  1807   56092  65220     1.65e-07    4.12e-06
2012 06 14  1808   56092  65280     1.62e-07    4.07e-06
2012 06 14  1809   56092  65340     1.59e-07    4.01e-06
2012 06 14  1810   56092  65400     1.54e-07    3.97e-06
2012 06 14  1811   56092  65460     1.52e-07    3.93e-06
2012 06 14  1812   56092  65520     1.50e-07    3.89e-06
2012 06 14  1813   56092  65580     1.46e-07    3.85e-06
2012 06 14  1814   56092  65640     1.45e-07    3.82e-06
2012 06 14  1815   56092  65700     1.42e-07    3.80e-06
2012 06 14  1816   56092  65760     1.44e-07    3.77e-06
2012 06 14  1817   56092  65820     1.46e-07    3.76e-06
2012 06 14  1818   56092  65880     1.46e-07    3.76e-06
2012 06 14  1819   56092  65940     1.44e-07    3.73e-06
2012 06 14  1820   56092  66000     1.43e-07    3.68e-06
2012 06 14  1821   56092  66060     1.43e-07    3.64e-06
2012 06 14  1822   56092  66120     1.38e-07    3.61e-06
2012 06 14  1823   56092  66180     1.37e-07    3.57e-06
2012 06 14  1824   56092  66240     1.35e-07    3.54e-06
2012 06 14  1825   56092  66300     1.33e-07    3.52e-06
2012 06 14  1826   56092  66360     1.32e-07    3.49e-06
2012 06 14  1827   56092  66420     1.33e-07    3.47e-06
2012 06 14  1828   56092  66480     1.30e-07    3.45e-06
2012 06 14  1829   56092  66540     1.28e-07    3.43e-06
2012 06 14  1830   56092  66600     1.26e-07    3.40e-06
2012 06 14  1831   56092  66660     1.27e-07    3.38e-06
2012 06 14  1832   56092  66720     1.24e-07    3.36e-06
2012 06 14  1833   56092  66780     1.24e-07    3.33e-06
2012 06 14  1834   56092  66840     1.23e-07    3.32e-06
2012 06 14  1835   56092  66900     1.22e-07    3.30e-06
2012 06 14  1836   56092  66960     1.20e-07    3.28e-06
2012 06 14  1837   56092  67020     1.19e-07    3.26e-06
2012 06 14  1838   56092  67080     1.18e-07    3.23e-06
2012 06 14  1839   56092  67140     1.16e-07    3.20e-06
2012 06 14  1840   56092  67200     1.14e-07    3.18e-06
2012 06 14  1841   56092  67260     1.14e-07    3.17e-06
2012 06 14  1842   56092  67320     1.14e-07    3.17e-06
2012 06 14  1843   56092  67380     1.14e-07    3.16e-06
2012 06 14  1844   56092  67440     1.15e-07    3.15e-06
2012 06 14  1845   56092  67500     1.12e-07    3.13e-06
2012 06 14  1846   56092  67560     1.12e-07    3.11e-06
2012 06 14  1847   56092  67620     1.09e-07    3.09e-06
2012 06 14  1848   56092  67680     1.08e-07    3.07e-06
2012 06 14  1849   56092  67740     1.04e-07    3.04e-06
2012 06 14  1850   56092  67800     1.03e-07    3.00e-06
2012 06 14  1851   56092  67860     1.04e-07    2.97e-06
2012 06 14  1852   56092  67920     1.05e-07    2.95e-06
2012 06 14  1853   56092  67980     1.04e-07    2.97e-06
2012 06 14  1854   56092  68040     1.01e-07    2.93e-06
2012 06 14  1855   56092  68100     9.79e-08    2.89e-06
2012 06 14  1856   56092  68160     9.85e-08    2.87e-06
2012 06 14  1857   56092  68220     9.63e-08    2.84e-06
2012 06 14  1858   56092  68280     9.48e-08    2.81e-06
2012 06 14  1859   56092  68340     9.59e-08    2.78e-06
2012 06 14  1900   56092  68400     9.38e-08    2.75e-06
2012 06 14  1901   56092  68460     9.05e-08    2.73e-06
2012 06 14  1902   56092  68520     9.04e-08    2.70e-06
2012 06 14  1903   56092  68580     8.83e-08    2.67e-06
2012 06 14  1904   56092  68640     8.68e-08    2.65e-06
2012 06 14  1905   56092  68700     8.75e-08    2.63e-06
2012 06 14  1906   56092  68760     8.56e-08    2.62e-06
2012 06 14  1907   56092  68820     8.78e-08    2.61e-06
2012 06 14  1908   56092  68880     8.96e-08    2.63e-06
2012 06 14  1909   56092  68940     8.70e-08    2.61e-06
2012 06 14  1910   56092  69000     8.47e-08    2.60e-06
2012 06 14  1911   56092  69060     8.48e-08    2.57e-06
2012 06 14  1912   56092  69120     8.52e-08    2.56e-06
2012 06 14  1913   56092  69180     8.26e-08    2.54e-06
2012 06 14  1914   56092  69240     8.09e-08    2.52e-06
2012 06 14  1915   56092  69300     8.25e-08    2.51e-06
2012 06 14  1916   56092  69360     8.05e-08    2.49e-06
2012 06 14  1917   56092  69420     8.00e-08    2.47e-06
2012 06 14  1918   56092  69480     8.07e-08    2.46e-06
2012 06 14  1919   56092  69540     7.91e-08    2.45e-06
2012 06 14  1920   56092  69600     7.89e-08    2.44e-06
2012 06 14  1921   56092  69660     7.67e-08    2.42e-06
2012 06 14  1922   56092  69720     7.71e-08    2.40e-06
2012 06 14  1923   56092  69780     7.67e-08    2.39e-06
2012 06 14  1924   56092  69840     7.48e-08    2.37e-06
2012 06 14  1925   56092  69900     7.20e-08    2.37e-06
2012 06 14  1926   56092  69960     7.65e-08    2.36e-06
2012 06 14  1927   56092  70020     7.52e-08    2.35e-06
2012 06 14  1928   56092  70080     7.38e-08    2.35e-06
2012 06 14  1929   56092  70140     7.56e-08    2.40e-06
2012 06 14  1930   56092  70200     7.28e-08    2.34e-06
2012 06 14  1931   56092  70260     7.27e-08    2.32e-06
2012 06 14  1932   56092  70320     6.98e-08    2.31e-06
2012 06 14  1933   56092  70380     7.00e-08    2.30e-06
2012 06 14  1934   56092  70440     6.90e-08    2.29e-06
2012 06 14  1935   56092  70500     6.89e-08    2.28e-06
2012 06 14  1936   56092  70560     6.82e-08    2.28e-06
2012 06 14  1937   56092  70620     6.88e-08    2.28e-06
2012 06 14  1938   56092  70680     7.45e-08    2.34e-06
2012 06 14  1939   56092  70740     8.20e-08    2.43e-06
2012 06 14  1940   56092  70800     7.45e-08    2.37e-06
2012 06 14  1941   56092  70860     7.14e-08    2.31e-06
2012 06 14  1942   56092  70920     7.09e-08    2.30e-06
2012 06 14  1943   56092  70980     7.11e-08    2.30e-06
2012 06 14  1944   56092  71040     6.96e-08    2.29e-06
2012 06 14  1945   56092  71100     6.77e-08    2.27e-06
2012 06 14  1946   56092  71160     6.68e-08    2.26e-06
2012 06 14  1947   56092  71220     6.75e-08    2.26e-06
2012 06 14  1948   56092  71280     6.81e-08    2.27e-06
2012 06 14  1949   56092  71340     6.79e-08    2.27e-06
2012 06 14  1950   56092  71400     6.86e-08    2.27e-06
2012 06 14  1951   56092  71460     6.74e-08    2.27e-06
2012 06 14  1952   56092  71520     6.79e-08    2.28e-06
2012 06 14  1953   56092  71580     6.80e-08    2.28e-06
2012 06 14  1954   56092  71640     6.62e-08    2.28e-06
2012 06 14  1955   56092  71700     6.37e-08    2.28e-06
2012 06 14  1956   56092  71760     6.66e-08    2.28e-06
2012 06 14  1957   56092  71820     7.07e-08    2.31e-06
2012 06 14  1958   56092  71880     7.24e-08    2.34e-06
2012 06 14  1959   56092  71940     6.98e-08    2.31e-06
2012 06 14  2000   56092  72000    -1.00e+05   -1.00e+05
2012 06 14  2001   56092  72060    -1.00e+05   -1.00e+05
2012 06 14  2002   56092  72120    -1.00e+05   -1.00e+05
2012 06 14  2003   56092  72180    -1.00e+05   -1.00e+05
2012 06 14  2004   56092  72240    -1.00e+05   -1.00e+05
2012 06 14  2005   56092  72300    -1.00e+05   -1.00e+05
2012 06 14  2006   56092  72360    -1.00e+05   -1.00e+05
2012 06 14  2007   56092  72420    -1.00e+05   -1.00e+05
2012 06 14  2008   56092  72480    -1.00e+05   -1.00e+05
2012 06 14  2009   56092  72540     7.36e-08    2.37e-06
2012 06 14  2010   56092  72600     7.35e-08    2.37e-06
2012 06 14  2011   56092  72660     7.19e-08    2.37e-06
2012 06 14  2012   56092  72720     7.11e-08    2.37e-06
2012 06 14  2013   56092  72780     7.15e-08    2.37e-06
2012 06 14  2014   56092  72840     7.09e-08    2.36e-06
2012 06 14  2015   56092  72900     7.28e-08    2.36e-06
2012 06 14  2016   56092  72960     7.20e-08    2.35e-06
2012 06 14  2017   56092  73020     7.15e-08    2.34e-06
2012 06 14  2018   56092  73080     7.20e-08    2.33e-06
2012 06 14  2019   56092  73140     7.04e-08    2.33e-06
2012 06 14  2020   56092  73200     6.91e-08    2.33e-06
2012 06 14  2021   56092  73260     6.84e-08    2.33e-06
2012 06 14  2022   56092  73320     7.00e-08    2.33e-06
2012 06 14  2023   56092  73380     6.79e-08    2.33e-06
2012 06 14  2024   56092  73440     6.80e-08    2.33e-06
2012 06 14  2025   56092  73500     6.83e-08    2.34e-06
2012 06 14  2026   56092  73560     7.01e-08    2.35e-06
2012 06 14  2027   56092  73620     6.96e-08    2.33e-06
2012 06 14  2028   56092  73680     6.99e-08    2.34e-06
2012 06 14  2029   56092  73740     6.87e-08    2.34e-06
2012 06 14  2030   56092  73800     6.90e-08    2.34e-06
2012 06 14  2031   56092  73860     7.15e-08    2.36e-06
2012 06 14  2032   56092  73920     7.51e-08    2.42e-06
2012 06 14  2033   56092  73980     7.14e-08    2.37e-06
2012 06 14  2034   56092  74040     7.27e-08    2.36e-06
2012 06 14  2035   56092  74100     7.04e-08    2.37e-06
2012 06 14  2036   56092  74160     7.07e-08    2.39e-06
2012 06 14  2037   56092  74220     7.20e-08    2.41e-06
2012 06 14  2038   56092  74280     7.14e-08    2.43e-06
2012 06 14  2039   56092  74340     7.36e-08    2.43e-06
2012 06 14  2040   56092  74400     7.21e-08    2.44e-06
2012 06 14  2041   56092  74460     7.20e-08    2.45e-06
2012 06 14  2042   56092  74520     7.25e-08    2.44e-06
2012 06 14  2043   56092  74580     7.09e-08    2.45e-06
2012 06 14  2044   56092  74640     7.05e-08    2.45e-06
2012 06 14  2045   56092  74700     6.99e-08    2.45e-06
2012 06 14  2046   56092  74760     7.08e-08    2.47e-06
2012 06 14  2047   56092  74820     7.47e-08    2.50e-06
2012 06 14  2048   56092  74880     9.83e-08    2.67e-06
2012 06 14  2049   56092  74940     1.66e-07    3.09e-06
2012 06 14  2050   56092  75000     2.41e-07    3.55e-06
2012 06 14  2051   56092  75060     2.74e-07    3.94e-06
2012 06 14  2052   56092  75120     2.60e-07    4.09e-06
2012 06 14  2053   56092  75180     2.32e-07    4.08e-06
2012 06 14  2054   56092  75240     2.09e-07    3.99e-06
2012 06 14  2055   56092  75300     1.88e-07    3.87e-06
2012 06 14  2056   56092  75360     1.76e-07    3.76e-06
2012 06 14  2057   56092  75420     1.59e-07    3.64e-06
2012 06 14  2058   56092  75480     1.47e-07    3.54e-06
2012 06 14  2059   56092  75540     1.35e-07    3.45e-06
2012 06 14  2100   56092  75600     1.25e-07    3.37e-06
2012 06 14  2101   56092  75660     1.20e-07    3.30e-06
2012 06 14  2102   56092  75720     1.12e-07    3.24e-06
2012 06 14  2103   56092  75780     1.07e-07    3.18e-06
2012 06 14  2104   56092  75840     1.02e-07    3.12e-06
2012 06 14  2105   56092  75900     9.96e-08    3.07e-06
2012 06 14  2106   56092  75960     9.66e-08    3.02e-06
2012 06 14  2107   56092  76020     9.50e-08    2.98e-06
2012 06 14  2108   56092  76080     9.10e-08    2.93e-06
2012 06 14  2109   56092  76140     8.61e-08    2.87e-06
2012 06 14  2110   56092  76200     8.44e-08    2.83e-06
2012 06 14  2111   56092  76260     8.17e-08    2.78e-06
2012 06 14  2112   56092  76320     7.60e-08    2.74e-06
2012 06 14  2113   56092  76380     7.33e-08    2.69e-06
2012 06 14  2114   56092  76440     7.02e-08    2.66e-06
2012 06 14  2115   56092  76500     7.09e-08    2.62e-06
2012 06 14  2116   56092  76560     6.57e-08    2.56e-06
2012 06 14  2117   56092  76620     6.32e-08    2.52e-06
2012 06 14  2118   56092  76680     6.11e-08    2.48e-06
2012 06 14  2119   56092  76740     6.13e-08    2.44e-06
2012 06 14  2120   56092  76800     6.14e-08    2.41e-06
2012 06 14  2121   56092  76860     6.11e-08    2.38e-06
2012 06 14  2122   56092  76920     5.95e-08    2.35e-06
2012 06 14  2123   56092  76980     5.80e-08    2.31e-06
2012 06 14  2124   56092  77040     5.58e-08    2.29e-06
2012 06 14  2125   56092  77100     5.43e-08    2.25e-06
2012 06 14  2126   56092  77160     5.33e-08    2.23e-06
2012 06 14  2127   56092  77220     5.25e-08    2.21e-06
2012 06 14  2128   56092  77280     5.31e-08    2.19e-06
2012 06 14  2129   56092  77340     5.58e-08    2.17e-06
2012 06 14  2130   56092  77400     5.43e-08    2.17e-06
2012 06 14  2131   56092  77460     5.06e-08    2.17e-06
2012 06 14  2132   56092  77520     5.37e-08    2.18e-06
2012 06 14  2133   56092  77580     5.63e-08    2.19e-06
2012 06 14  2134   56092  77640     5.40e-08    2.17e-06
2012 06 14  2135   56092  77700     5.24e-08    2.14e-06
2012 06 14  2136   56092  77760     5.10e-08    2.13e-06
2012 06 14  2137   56092  77820     5.26e-08    2.13e-06
2012 06 14  2138   56092  77880     5.44e-08    2.14e-06
2012 06 14  2139   56092  77940     5.07e-08    2.10e-06
2012 06 14  2140   56092  78000     4.95e-08    2.08e-06
2012 06 14  2141   56092  78060     4.89e-08    2.07e-06
2012 06 14  2142   56092  78120     4.95e-08    2.08e-06
2012 06 14  2143   56092  78180     5.72e-08    2.14e-06
2012 06 14  2144   56092  78240     5.53e-08    2.10e-06
2012 06 14  2145   56092  78300     6.04e-08    2.14e-06
2012 06 14  2146   56092  78360     4.61e-08    2.00e-06
2012 06 14  2147   56092  78420     4.37e-08    1.97e-06
2012 06 14  2148   56092  78480     4.50e-08    1.97e-06
2012 06 14  2149   56092  78540     4.70e-08    1.98e-06
2012 06 14  2150   56092  78600     4.39e-08    1.97e-06
2012 06 14  2151   56092  78660     4.36e-08    1.96e-06
2012 06 14  2152   56092  78720     5.69e-08    2.07e-06
2012 06 14  2153   56092  78780     8.41e-08    2.35e-06
2012 06 14  2154   56092  78840     7.01e-08    2.26e-06
2012 06 14  2155   56092  78900     5.37e-08    2.08e-06
2012 06 14  2156   56092  78960     5.07e-08    2.02e-06
2012 06 14  2157   56092  79020     5.15e-08    1.99e-06
2012 06 14  2158   56092  79080     5.44e-08    2.00e-06
2012 06 14  2159   56092  79140     5.63e-08    2.02e-06
2012 06 14  2200   56092  79200     5.57e-08    2.02e-06
2012 06 14  2201   56092  79260     5.51e-08    2.00e-06
2012 06 14  2202   56092  79320     4.98e-08    1.98e-06
2012 06 14  2203   56092  79380     4.84e-08    1.95e-06
2012 06 14  2204   56092  79440     4.68e-08    1.93e-06
2012 06 14  2205   56092  79500     4.71e-08    1.93e-06
2012 06 14  2206   56092  79560     4.26e-08    1.90e-06
2012 06 14  2207   56092  79620     4.42e-08    1.89e-06
2012 06 14  2208   56092  79680     4.39e-08    1.88e-06
2012 06 14  2209   56092  79740     4.26e-08    1.85e-06
2012 06 14  2210   56092  79800     4.22e-08    1.85e-06
2012 06 14  2211   56092  79860     4.30e-08    1.85e-06
2012 06 14  2212   56092  79920     4.33e-08    1.85e-06
2012 06 14  2213   56092  79980     4.45e-08    1.86e-06
2012 06 14  2214   56092  80040     4.37e-08    1.86e-06
2012 06 14  2215   56092  80100     4.50e-08    1.87e-06
2012 06 14  2216   56092  80160     4.38e-08    1.88e-06
2012 06 14  2217   56092  80220     4.68e-08    1.88e-06
2012 06 14  2218   56092  80280     4.92e-08    1.88e-06
2012 06 14  2219   56092  80340     4.74e-08    1.88e-06
2012 06 14  2220   56092  80400     4.83e-08    1.91e-06
2012 06 14  2221   56092  80460     6.63e-08    2.03e-06
2012 06 14  2222   56092  80520     5.84e-08    2.03e-06
2012 06 14  2223   56092  80580     4.82e-08    1.93e-06
2012 06 14  2224   56092  80640     4.21e-08    1.86e-06
2012 06 14  2225   56092  80700     3.89e-08    1.82e-06
2012 06 14  2226   56092  80760     3.84e-08    1.80e-06
2012 06 14  2227   56092  80820     3.71e-08    1.79e-06
2012 06 14  2228   56092  80880     3.71e-08    1.79e-06
2012 06 14  2229   56092  80940     3.88e-08    1.80e-06
2012 06 14  2230   56092  81000     4.18e-08    1.81e-06
2012 06 14  2231   56092  81060     4.52e-08    1.82e-06
2012 06 14  2232   56092  81120     4.33e-08    1.82e-06
2012 06 14  2233   56092  81180     4.19e-08    1.80e-06
2012 06 14  2234   56092  81240     4.09e-08    1.79e-06
2012 06 14  2235   56092  81300     4.23e-08    1.77e-06
2012 06 14  2236   56092  81360     4.01e-08    1.76e-06
2012 06 14  2237   56092  81420     3.87e-08    1.76e-06
2012 06 14  2238   56092  81480     4.03e-08    1.76e-06
2012 06 14  2239   56092  81540     4.23e-08    1.76e-06
2012 06 14  2240   56092  81600     4.03e-08    1.74e-06
2012 06 14  2241   56092  81660     3.83e-08    1.73e-06
2012 06 14  2242   56092  81720     3.86e-08    1.71e-06
2012 06 14  2243   56092  81780     3.90e-08    1.70e-06
2012 06 14  2244   56092  81840     3.79e-08    1.69e-06
2012 06 14  2245   56092  81900     3.69e-08    1.68e-06
2012 06 14  2246   56092  81960     3.53e-08    1.68e-06
2012 06 14  2247   56092  82020     3.42e-08    1.67e-06
2012 06 14  2248   56092  82080     3.49e-08    1.67e-06
2012 06 14  2249   56092  82140     3.54e-08    1.67e-06
2012 06 14  2250   56092  82200     3.37e-08    1.66e-06
2012 06 14  2251   56092  82260     3.44e-08    1.65e-06
2012 06 14  2252   56092  82320     3.56e-08    1.65e-06
2012 06 14  2253   56092  82380     3.60e-08    1.67e-06
2012 06 14  2254   56092  82440     3.80e-08    1.69e-06
2012 06 14  2255   56092  82500     3.94e-08    1.72e-06
2012 06 14  2256   56092  82560     3.93e-08    1.73e-06
2012 06 14  2257   56092  82620     3.81e-08    1.73e-06
2012 06 14  2258   56092  82680     3.93e-08    1.74e-06
2012 06 14  2259   56092  82740     3.46e-08    1.72e-06
2012 06 14  2300   56092  82800     3.49e-08    1.71e-06
2012 06 14  2301   56092  82860     3.45e-08    1.69e-06
2012 06 14  2302   56092  82920     3.25e-08    1.67e-06
2012 06 14  2303   56092  82980     3.18e-08    1.65e-06
2012 06 14  2304   56092  83040     3.03e-08    1.64e-06
2012 06 14  2305   56092  83100     2.99e-08    1.63e-06
2012 06 14  2306   56092  83160     2.93e-08    1.62e-06
2012 06 14  2307   56092  83220     2.81e-08    1.60e-06
2012 06 14  2308   56092  83280     2.82e-08    1.58e-06
2012 06 14  2309   56092  83340     2.68e-08    1.56e-06
2012 06 14  2310   56092  83400     2.75e-08    1.56e-06
2012 06 14  2311   56092  83460     2.75e-08    1.56e-06
2012 06 14  2312   56092  83520     2.65e-08    1.55e-06
2012 06 14  2313   56092  83580     2.69e-08    1.53e-06
2012 06 14  2314   56092  83640     2.47e-08    1.52e-06
2012 06 14  2315   56092  83700     2.57e-08    1.51e-06
2012 06 14  2316   56092  83760     2.45e-08    1.50e-06
2012 06 14  2317   56092  83820     2.41e-08    1.48e-06
2012 06 14  2318   56092  83880     2.52e-08    1.47e-06
2012 06 14  2319   56092  83940     2.74e-08    1.47e-06
2012 06 14  2320   56092  84000     2.57e-08    1.46e-06
2012 06 14  2321   56092  84060     2.57e-08    1.45e-06
2012 06 14  2322   56092  84120     2.60e-08    1.44e-06
2012 06 14  2323   56092  84180     2.42e-08    1.43e-06
2012 06 14  2324   56092  84240     2.30e-08    1.42e-06
2012 06 14  2325   56092  84300     2.33e-08    1.42e-06
2012 06 14  2326   56092  84360     2.62e-08    1.41e-06
2012 06 14  2327   56092  84420     2.47e-08    1.40e-06
2012 06 14  2328   56092  84480     2.38e-08    1.39e-06
2012 06 14  2329   56092  84540     2.49e-08    1.38e-06
2012 06 14  2330   56092  84600     2.26e-08    1.37e-06
2012 06 14  2331   56092  84660     2.15e-08    1.37e-06
2012 06 14  2332   56092  84720     2.10e-08    1.37e-06
2012 06 14  2333   56092  84780     2.05e-08    1.35e-06
2012 06 14  2334   56092  84840     2.09e-08    1.34e-06
2012 06 14  2335   56092  84900     2.03e-08    1.33e-06
2012 06 14  2336   56092  84960     2.10e-08    1.32e-06
2012 06 14  2337   56092  85020     2.08e-08    1.31e-06
2012 06 14  2338   56092  85080     2.10e-08    1.31e-06
2012 06 14  2339   56092  85140     2.06e-08    1.31e-06
2012 06 14  2340   56092  85200     2.17e-08    1.30e-06
2012 06 14  2341   56092  85260     2.13e-08    1.30e-06
2012 06 14  2342   56092  85320     2.20e-08    1.29e-06
2012 06 14  2343   56092  85380     2.13e-08    1.29e-06
2012 06 14  2344   56092  85440     2.13e-08    1.28e-06
2012 06 14  2345   56092  85500     1.94e-08    1.28e-06
2012 06 14  2346   56092  85560     1.85e-08    1.28e-06
2012 06 14  2347   56092  85620     1.61e-08    1.28e-06
2012 06 14  2348   56092  85680     1.87e-08    1.28e-06
2012 06 14  2349   56092  85740     2.05e-08    1.28e-06
2012 06 14  2350   56092  85800     1.99e-08    1.28e-06
2012 06 14  2351   56092  85860     1.82e-08    1.28e-06
2012 06 14  2352   56092  85920     2.00e-08    1.28e-06
2012 06 14  2353   56092  85980     2.14e-08    1.29e-06
2012 06 14  2354   56092  86040     2.14e-08    1.29e-06
2012 06 14  2355   56092  86100     2.31e-08    1.30e-06
2012 06 14  2356   56092  86160     2.24e-08    1.31e-06
2012 06 14  2357   56092  86220     2.46e-08    1.33e-06
2012 06 14  2358   56092  86280     2.75e-08    1.36e-06
2012 06 14  2359   56092  86340     3.18e-08    1.39e-06
