:Data_list: 20120607_Gp_xr_1m.txt
:Created: 2012 Jun 08 0010 UTC
# Prepared by the U.S. Dept. of Commerce, NOAA, Space Weather Prediction Center
# Please send comments and suggestions to SWPC.Webmaster@noaa.gov 
# 
# Label: Short = 0.05- 0.4 nanometer
# Label: Long  = 0.1 - 0.8 nanometer
# Units: Short = Watts per meter squared
# Units: Long  = Watts per meter squared
# Source: GOES-15
# Location: W135
# Missing data: -1.00e+05
#
#         1-minute GOES-15 Solar X-ray Flux
# 
#                 Modified Seconds
# UTC Date  Time   Julian  of the
# YR MO DA  HHMM    Day     Day       Short       Long
#-------------------------------------------------------
2012 06 07  0000   56085      0     3.53e-08    1.03e-06
2012 06 07  0001   56085     60     3.24e-08    1.02e-06
2012 06 07  0002   56085    120     2.85e-08    9.69e-07
2012 06 07  0003   56085    180     2.37e-08    9.25e-07
2012 06 07  0004   56085    240     2.04e-08    8.79e-07
2012 06 07  0005   56085    300     1.52e-08    8.41e-07
2012 06 07  0006   56085    360     2.05e-08    8.82e-07
2012 06 07  0007   56085    420     3.25e-08    9.99e-07
2012 06 07  0008   56085    480     3.14e-08    9.92e-07
2012 06 07  0009   56085    540     4.42e-08    1.06e-06
2012 06 07  0010   56085    600     5.94e-08    1.18e-06
2012 06 07  0011   56085    660     7.35e-08    1.24e-06
2012 06 07  0012   56085    720     8.73e-08    1.31e-06
2012 06 07  0013   56085    780     1.15e-07    1.49e-06
2012 06 07  0014   56085    840     1.34e-07    1.65e-06
2012 06 07  0015   56085    900     1.33e-07    1.69e-06
2012 06 07  0016   56085    960     1.24e-07    1.66e-06
2012 06 07  0017   56085   1020     1.10e-07    1.59e-06
2012 06 07  0018   56085   1080     1.02e-07    1.55e-06
2012 06 07  0019   56085   1140     8.86e-08    1.52e-06
2012 06 07  0020   56085   1200     7.94e-08    1.48e-06
2012 06 07  0021   56085   1260     7.15e-08    1.46e-06
2012 06 07  0022   56085   1320     6.41e-08    1.43e-06
2012 06 07  0023   56085   1380     5.80e-08    1.39e-06
2012 06 07  0024   56085   1440     5.16e-08    1.36e-06
2012 06 07  0025   56085   1500     4.71e-08    1.33e-06
2012 06 07  0026   56085   1560     4.30e-08    1.30e-06
2012 06 07  0027   56085   1620     3.98e-08    1.27e-06
2012 06 07  0028   56085   1680     3.66e-08    1.24e-06
2012 06 07  0029   56085   1740     3.19e-08    1.21e-06
2012 06 07  0030   56085   1800     2.83e-08    1.18e-06
2012 06 07  0031   56085   1860     2.45e-08    1.14e-06
2012 06 07  0032   56085   1920     2.36e-08    1.10e-06
2012 06 07  0033   56085   1980     1.90e-08    1.08e-06
2012 06 07  0034   56085   2040     2.05e-08    1.07e-06
2012 06 07  0035   56085   2100     1.98e-08    1.06e-06
2012 06 07  0036   56085   2160     2.00e-08    1.07e-06
2012 06 07  0037   56085   2220     2.65e-08    1.10e-06
2012 06 07  0038   56085   2280     3.13e-08    1.14e-06
2012 06 07  0039   56085   2340     3.49e-08    1.18e-06
2012 06 07  0040   56085   2400     3.69e-08    1.20e-06
2012 06 07  0041   56085   2460     3.84e-08    1.21e-06
2012 06 07  0042   56085   2520     3.54e-08    1.20e-06
2012 06 07  0043   56085   2580     3.37e-08    1.18e-06
2012 06 07  0044   56085   2640     2.89e-08    1.14e-06
2012 06 07  0045   56085   2700     2.36e-08    1.11e-06
2012 06 07  0046   56085   2760     2.14e-08    1.08e-06
2012 06 07  0047   56085   2820     2.29e-08    1.06e-06
2012 06 07  0048   56085   2880     1.78e-08    1.02e-06
2012 06 07  0049   56085   2940     1.56e-08    9.98e-07
2012 06 07  0050   56085   3000     1.56e-08    9.78e-07
2012 06 07  0051   56085   3060     1.78e-08    9.60e-07
2012 06 07  0052   56085   3120     1.66e-08    9.45e-07
2012 06 07  0053   56085   3180     1.70e-08    9.32e-07
2012 06 07  0054   56085   3240     1.51e-08    9.16e-07
2012 06 07  0055   56085   3300     1.47e-08    9.06e-07
2012 06 07  0056   56085   3360     1.51e-08    9.03e-07
2012 06 07  0057   56085   3420     1.35e-08    8.86e-07
2012 06 07  0058   56085   3480     1.23e-08    8.68e-07
2012 06 07  0059   56085   3540     1.17e-08    8.53e-07
2012 06 07  0100   56085   3600     1.21e-08    8.53e-07
2012 06 07  0101   56085   3660     1.13e-08    8.33e-07
2012 06 07  0102   56085   3720     1.15e-08    8.22e-07
2012 06 07  0103   56085   3780     1.17e-08    8.10e-07
2012 06 07  0104   56085   3840     9.71e-09    7.93e-07
2012 06 07  0105   56085   3900     8.99e-09    7.74e-07
2012 06 07  0106   56085   3960     9.48e-09    7.65e-07
2012 06 07  0107   56085   4020     9.29e-09    7.49e-07
2012 06 07  0108   56085   4080     1.07e-08    7.27e-07
2012 06 07  0109   56085   4140     9.66e-09    7.13e-07
2012 06 07  0110   56085   4200     8.56e-09    7.14e-07
2012 06 07  0111   56085   4260     9.17e-09    7.20e-07
2012 06 07  0112   56085   4320     1.08e-08    7.25e-07
2012 06 07  0113   56085   4380     1.15e-08    7.37e-07
2012 06 07  0114   56085   4440     1.36e-08    7.54e-07
2012 06 07  0115   56085   4500     1.32e-08    7.72e-07
2012 06 07  0116   56085   4560     1.44e-08    7.64e-07
2012 06 07  0117   56085   4620     1.40e-08    7.50e-07
2012 06 07  0118   56085   4680     1.22e-08    7.42e-07
2012 06 07  0119   56085   4740     1.04e-08    7.36e-07
2012 06 07  0120   56085   4800     9.17e-09    7.27e-07
2012 06 07  0121   56085   4860     9.13e-09    7.23e-07
2012 06 07  0122   56085   4920     8.88e-09    7.17e-07
2012 06 07  0123   56085   4980     1.17e-08    7.16e-07
2012 06 07  0124   56085   5040     1.36e-08    7.25e-07
2012 06 07  0125   56085   5100     1.09e-08    7.18e-07
2012 06 07  0126   56085   5160     9.83e-09    7.00e-07
2012 06 07  0127   56085   5220     8.75e-09    6.82e-07
2012 06 07  0128   56085   5280     8.44e-09    6.71e-07
2012 06 07  0129   56085   5340     9.22e-09    6.69e-07
2012 06 07  0130   56085   5400     9.33e-09    6.63e-07
2012 06 07  0131   56085   5460     6.44e-09    6.59e-07
2012 06 07  0132   56085   5520     5.69e-09    6.52e-07
2012 06 07  0133   56085   5580     7.37e-09    6.45e-07
2012 06 07  0134   56085   5640     7.37e-09    6.38e-07
2012 06 07  0135   56085   5700     7.95e-09    6.32e-07
2012 06 07  0136   56085   5760     7.37e-09    6.28e-07
2012 06 07  0137   56085   5820     7.48e-09    6.25e-07
2012 06 07  0138   56085   5880     9.06e-09    6.27e-07
2012 06 07  0139   56085   5940     1.04e-08    6.23e-07
2012 06 07  0140   56085   6000     9.63e-09    6.24e-07
2012 06 07  0141   56085   6060     9.75e-09    6.22e-07
2012 06 07  0142   56085   6120     7.36e-09    6.19e-07
2012 06 07  0143   56085   6180     8.29e-09    6.19e-07
2012 06 07  0144   56085   6240     8.37e-09    6.23e-07
2012 06 07  0145   56085   6300     8.02e-09    6.28e-07
2012 06 07  0146   56085   6360     6.62e-09    6.37e-07
2012 06 07  0147   56085   6420     8.06e-09    6.41e-07
2012 06 07  0148   56085   6480     8.33e-09    6.53e-07
2012 06 07  0149   56085   6540     9.74e-09    6.87e-07
2012 06 07  0150   56085   6600     1.30e-08    7.20e-07
2012 06 07  0151   56085   6660     1.95e-08    7.91e-07
2012 06 07  0152   56085   6720     2.38e-08    8.69e-07
2012 06 07  0153   56085   6780     3.06e-08    9.39e-07
2012 06 07  0154   56085   6840     3.40e-08    1.00e-06
2012 06 07  0155   56085   6900     3.22e-08    1.03e-06
2012 06 07  0156   56085   6960     2.95e-08    1.03e-06
2012 06 07  0157   56085   7020     3.23e-08    1.07e-06
2012 06 07  0158   56085   7080     3.62e-08    1.09e-06
2012 06 07  0159   56085   7140     3.47e-08    1.09e-06
2012 06 07  0200   56085   7200     2.99e-08    1.06e-06
2012 06 07  0201   56085   7260     2.85e-08    1.05e-06
2012 06 07  0202   56085   7320     2.99e-08    1.04e-06
2012 06 07  0203   56085   7380     2.56e-08    1.00e-06
2012 06 07  0204   56085   7440     2.25e-08    9.60e-07
2012 06 07  0205   56085   7500     1.99e-08    9.15e-07
2012 06 07  0206   56085   7560     1.78e-08    8.81e-07
2012 06 07  0207   56085   7620     1.69e-08    8.60e-07
2012 06 07  0208   56085   7680     1.42e-08    8.44e-07
2012 06 07  0209   56085   7740     1.30e-08    8.25e-07
2012 06 07  0210   56085   7800     1.26e-08    8.10e-07
2012 06 07  0211   56085   7860     1.22e-08    7.91e-07
2012 06 07  0212   56085   7920     1.07e-08    7.71e-07
2012 06 07  0213   56085   7980     9.75e-09    7.55e-07
2012 06 07  0214   56085   8040     9.63e-09    7.39e-07
2012 06 07  0215   56085   8100     8.40e-09    7.21e-07
2012 06 07  0216   56085   8160     8.66e-09    7.06e-07
2012 06 07  0217   56085   8220     7.67e-09    6.98e-07
2012 06 07  0218   56085   8280     9.25e-09    6.95e-07
2012 06 07  0219   56085   8340     9.77e-09    6.88e-07
2012 06 07  0220   56085   8400     9.02e-09    6.77e-07
2012 06 07  0221   56085   8460     6.91e-09    6.75e-07
2012 06 07  0222   56085   8520     7.02e-09    6.80e-07
2012 06 07  0223   56085   8580     8.70e-09    7.07e-07
2012 06 07  0224   56085   8640     1.22e-08    7.53e-07
2012 06 07  0225   56085   8700     1.76e-08    8.08e-07
2012 06 07  0226   56085   8760     2.33e-08    8.69e-07
2012 06 07  0227   56085   8820     2.49e-08    9.23e-07
2012 06 07  0228   56085   8880     2.63e-08    9.62e-07
2012 06 07  0229   56085   8940     2.76e-08    1.01e-06
2012 06 07  0230   56085   9000     2.95e-08    1.04e-06
2012 06 07  0231   56085   9060     2.97e-08    1.07e-06
2012 06 07  0232   56085   9120     3.19e-08    1.08e-06
2012 06 07  0233   56085   9180     3.61e-08    1.12e-06
2012 06 07  0234   56085   9240     4.00e-08    1.16e-06
2012 06 07  0235   56085   9300     3.97e-08    1.18e-06
2012 06 07  0236   56085   9360     3.62e-08    1.17e-06
2012 06 07  0237   56085   9420     3.72e-08    1.20e-06
2012 06 07  0238   56085   9480     3.92e-08    1.26e-06
2012 06 07  0239   56085   9540     4.03e-08    1.28e-06
2012 06 07  0240   56085   9600     3.77e-08    1.28e-06
2012 06 07  0241   56085   9660     3.74e-08    1.26e-06
2012 06 07  0242   56085   9720     3.46e-08    1.24e-06
2012 06 07  0243   56085   9780     3.37e-08    1.24e-06
2012 06 07  0244   56085   9840     3.18e-08    1.23e-06
2012 06 07  0245   56085   9900     3.05e-08    1.22e-06
2012 06 07  0246   56085   9960     3.25e-08    1.22e-06
2012 06 07  0247   56085  10020     3.08e-08    1.22e-06
2012 06 07  0248   56085  10080     3.02e-08    1.21e-06
2012 06 07  0249   56085  10140     2.86e-08    1.18e-06
2012 06 07  0250   56085  10200     2.55e-08    1.14e-06
2012 06 07  0251   56085  10260     2.42e-08    1.11e-06
2012 06 07  0252   56085  10320     2.29e-08    1.07e-06
2012 06 07  0253   56085  10380     1.93e-08    1.03e-06
2012 06 07  0254   56085  10440     1.34e-08    1.00e-06
2012 06 07  0255   56085  10500     1.31e-08    9.71e-07
2012 06 07  0256   56085  10560     1.44e-08    9.34e-07
2012 06 07  0257   56085  10620     1.35e-08    9.03e-07
2012 06 07  0258   56085  10680     1.60e-08    8.83e-07
2012 06 07  0259   56085  10740     1.50e-08    8.67e-07
2012 06 07  0300   56085  10800     1.38e-08    8.50e-07
2012 06 07  0301   56085  10860     1.34e-08    8.38e-07
2012 06 07  0302   56085  10920     1.09e-08    8.22e-07
2012 06 07  0303   56085  10980     9.63e-09    7.95e-07
2012 06 07  0304   56085  11040     7.71e-09    7.78e-07
2012 06 07  0305   56085  11100     8.25e-09    7.64e-07
2012 06 07  0306   56085  11160     9.77e-09    7.54e-07
2012 06 07  0307   56085  11220     1.24e-08    7.43e-07
2012 06 07  0308   56085  11280     9.33e-09    7.31e-07
2012 06 07  0309   56085  11340     9.94e-09    7.28e-07
2012 06 07  0310   56085  11400     1.05e-08    7.37e-07
2012 06 07  0311   56085  11460     1.41e-08    7.76e-07
2012 06 07  0312   56085  11520     1.82e-08    8.20e-07
2012 06 07  0313   56085  11580     1.76e-08    8.43e-07
2012 06 07  0314   56085  11640     1.89e-08    8.64e-07
2012 06 07  0315   56085  11700     2.10e-08    8.84e-07
2012 06 07  0316   56085  11760     2.19e-08    9.03e-07
2012 06 07  0317   56085  11820     2.22e-08    9.23e-07
2012 06 07  0318   56085  11880     2.60e-08    9.43e-07
2012 06 07  0319   56085  11940     2.42e-08    9.51e-07
2012 06 07  0320   56085  12000     2.44e-08    9.49e-07
2012 06 07  0321   56085  12060     2.40e-08    9.41e-07
2012 06 07  0322   56085  12120     1.99e-08    9.16e-07
2012 06 07  0323   56085  12180     1.73e-08    8.97e-07
2012 06 07  0324   56085  12240     1.42e-08    8.83e-07
2012 06 07  0325   56085  12300     1.45e-08    8.79e-07
2012 06 07  0326   56085  12360     1.69e-08    8.97e-07
2012 06 07  0327   56085  12420     1.98e-08    9.32e-07
2012 06 07  0328   56085  12480     2.51e-08    9.82e-07
2012 06 07  0329   56085  12540     2.55e-08    1.02e-06
2012 06 07  0330   56085  12600     2.39e-08    1.01e-06
2012 06 07  0331   56085  12660     1.74e-08    9.70e-07
2012 06 07  0332   56085  12720     1.50e-08    9.44e-07
2012 06 07  0333   56085  12780     1.50e-08    9.38e-07
2012 06 07  0334   56085  12840     1.36e-08    9.33e-07
2012 06 07  0335   56085  12900     1.38e-08    9.02e-07
2012 06 07  0336   56085  12960     1.27e-08    8.81e-07
2012 06 07  0337   56085  13020     1.04e-08    8.63e-07
2012 06 07  0338   56085  13080     1.02e-08    8.41e-07
2012 06 07  0339   56085  13140     9.02e-09    8.34e-07
2012 06 07  0340   56085  13200     9.59e-09    8.31e-07
2012 06 07  0341   56085  13260     1.01e-08    8.12e-07
2012 06 07  0342   56085  13320     1.03e-08    7.90e-07
2012 06 07  0343   56085  13380     1.02e-08    7.77e-07
2012 06 07  0344   56085  13440     8.25e-09    7.63e-07
2012 06 07  0345   56085  13500     8.87e-09    7.53e-07
2012 06 07  0346   56085  13560     8.10e-09    7.53e-07
2012 06 07  0347   56085  13620     1.07e-08    7.53e-07
2012 06 07  0348   56085  13680     9.29e-09    7.58e-07
2012 06 07  0349   56085  13740     1.01e-08    7.69e-07
2012 06 07  0350   56085  13800     1.04e-08    7.75e-07
2012 06 07  0351   56085  13860     1.02e-08    7.80e-07
2012 06 07  0352   56085  13920     1.16e-08    7.78e-07
2012 06 07  0353   56085  13980     1.11e-08    7.78e-07
2012 06 07  0354   56085  14040     1.07e-08    7.74e-07
2012 06 07  0355   56085  14100     8.52e-09    7.69e-07
2012 06 07  0356   56085  14160     7.64e-09    7.62e-07
2012 06 07  0357   56085  14220     7.77e-09    7.66e-07
2012 06 07  0358   56085  14280     8.94e-09    7.90e-07
2012 06 07  0359   56085  14340     1.01e-08    7.89e-07
2012 06 07  0400   56085  14400     8.96e-09    7.81e-07
2012 06 07  0401   56085  14460     9.10e-09    7.87e-07
2012 06 07  0402   56085  14520     8.60e-09    7.94e-07
2012 06 07  0403   56085  14580     1.12e-08    8.03e-07
2012 06 07  0404   56085  14640     1.30e-08    8.20e-07
2012 06 07  0405   56085  14700     1.27e-08    8.24e-07
2012 06 07  0406   56085  14760     1.22e-08    8.16e-07
2012 06 07  0407   56085  14820     8.55e-09    8.09e-07
2012 06 07  0408   56085  14880     9.13e-09    8.03e-07
2012 06 07  0409   56085  14940     1.06e-08    7.95e-07
2012 06 07  0410   56085  15000     8.73e-09    8.18e-07
2012 06 07  0411   56085  15060     1.15e-08    8.34e-07
2012 06 07  0412   56085  15120     2.57e-08    9.29e-07
2012 06 07  0413   56085  15180     2.17e-08    9.39e-07
2012 06 07  0414   56085  15240     1.84e-08    9.07e-07
2012 06 07  0415   56085  15300     1.42e-08    8.76e-07
2012 06 07  0416   56085  15360     1.15e-08    8.51e-07
2012 06 07  0417   56085  15420     8.81e-09    8.31e-07
2012 06 07  0418   56085  15480     8.02e-09    8.10e-07
2012 06 07  0419   56085  15540     8.63e-09    8.10e-07
2012 06 07  0420   56085  15600     1.02e-08    7.99e-07
2012 06 07  0421   56085  15660     1.04e-08    8.03e-07
2012 06 07  0422   56085  15720     1.26e-08    7.94e-07
2012 06 07  0423   56085  15780     9.06e-09    7.92e-07
2012 06 07  0424   56085  15840     1.06e-08    8.15e-07
2012 06 07  0425   56085  15900     8.63e-09    8.09e-07
2012 06 07  0426   56085  15960     5.91e-09    8.05e-07
2012 06 07  0427   56085  16020     6.28e-09    7.89e-07
2012 06 07  0428   56085  16080     9.36e-09    7.79e-07
2012 06 07  0429   56085  16140     9.40e-09    7.76e-07
2012 06 07  0430   56085  16200     9.86e-09    7.73e-07
2012 06 07  0431   56085  16260     1.05e-08    7.68e-07
2012 06 07  0432   56085  16320     1.01e-08    7.60e-07
2012 06 07  0433   56085  16380     9.13e-09    7.53e-07
2012 06 07  0434   56085  16440     7.21e-09    7.42e-07
2012 06 07  0435   56085  16500     8.75e-09    7.37e-07
2012 06 07  0436   56085  16560     8.98e-09    7.29e-07
2012 06 07  0437   56085  16620     8.92e-09    7.28e-07
2012 06 07  0438   56085  16680     8.79e-09    7.28e-07
2012 06 07  0439   56085  16740     7.71e-09    7.32e-07
2012 06 07  0440   56085  16800     7.71e-09    7.28e-07
2012 06 07  0441   56085  16860     6.32e-09    7.23e-07
2012 06 07  0442   56085  16920     7.10e-09    7.28e-07
2012 06 07  0443   56085  16980     6.18e-09    7.30e-07
2012 06 07  0444   56085  17040     3.22e-09    7.21e-07
2012 06 07  0445   56085  17100     3.25e-09    7.11e-07
2012 06 07  0446   56085  17160     3.37e-09    7.07e-07
2012 06 07  0447   56085  17220     4.90e-09    7.04e-07
2012 06 07  0448   56085  17280     4.08e-09    7.05e-07
2012 06 07  0449   56085  17340     2.14e-09    7.10e-07
2012 06 07  0450   56085  17400     3.68e-09    7.19e-07
2012 06 07  0451   56085  17460     5.39e-09    7.24e-07
2012 06 07  0452   56085  17520     4.68e-09    7.26e-07
2012 06 07  0453   56085  17580     4.75e-09    7.25e-07
2012 06 07  0454   56085  17640     3.35e-09    7.24e-07
2012 06 07  0455   56085  17700     3.89e-09    7.18e-07
2012 06 07  0456   56085  17760     4.75e-09    7.12e-07
2012 06 07  0457   56085  17820     3.42e-09    7.12e-07
2012 06 07  0458   56085  17880     6.02e-09    7.16e-07
2012 06 07  0459   56085  17940     5.02e-09    7.15e-07
2012 06 07  0500   56085  18000     7.44e-09    7.28e-07
2012 06 07  0501   56085  18060     8.29e-09    7.41e-07
2012 06 07  0502   56085  18120     7.75e-09    7.45e-07
2012 06 07  0503   56085  18180     8.37e-09    7.47e-07
2012 06 07  0504   56085  18240     5.36e-09    7.46e-07
2012 06 07  0505   56085  18300     5.94e-09    7.46e-07
2012 06 07  0506   56085  18360     3.87e-09    7.41e-07
2012 06 07  0507   56085  18420     3.49e-09    7.44e-07
2012 06 07  0508   56085  18480     2.62e-09    7.45e-07
2012 06 07  0509   56085  18540     3.56e-09    7.45e-07
2012 06 07  0510   56085  18600     3.75e-09    7.46e-07
2012 06 07  0511   56085  18660     5.58e-09    7.39e-07
2012 06 07  0512   56085  18720     1.91e-09    7.30e-07
2012 06 07  0513   56085  18780     1.98e-09    7.24e-07
2012 06 07  0514   56085  18840     1.66e-09    7.22e-07
2012 06 07  0515   56085  18900     5.02e-09    7.24e-07
2012 06 07  0516   56085  18960     4.14e-09    7.36e-07
2012 06 07  0517   56085  19020     5.48e-09    7.24e-07
2012 06 07  0518   56085  19080     3.91e-09    7.09e-07
2012 06 07  0519   56085  19140     3.66e-09    7.10e-07
2012 06 07  0520   56085  19200     5.98e-09    7.09e-07
2012 06 07  0521   56085  19260     5.99e-09    7.04e-07
2012 06 07  0522   56085  19320     5.41e-09    7.10e-07
2012 06 07  0523   56085  19380     6.98e-09    7.25e-07
2012 06 07  0524   56085  19440     9.59e-09    7.35e-07
2012 06 07  0525   56085  19500     6.41e-09    7.34e-07
2012 06 07  0526   56085  19560     5.29e-09    7.29e-07
2012 06 07  0527   56085  19620     7.67e-09    7.21e-07
2012 06 07  0528   56085  19680     6.73e-09    7.14e-07
2012 06 07  0529   56085  19740     4.18e-09    7.05e-07
2012 06 07  0530   56085  19800     4.22e-09    6.94e-07
2012 06 07  0531   56085  19860     5.65e-09    6.89e-07
2012 06 07  0532   56085  19920     4.14e-09    6.87e-07
2012 06 07  0533   56085  19980     4.29e-09    6.79e-07
2012 06 07  0534   56085  20040     5.21e-09    6.76e-07
2012 06 07  0535   56085  20100     4.39e-09    6.72e-07
2012 06 07  0536   56085  20160     4.25e-09    6.68e-07
2012 06 07  0537   56085  20220     3.83e-09    6.63e-07
2012 06 07  0538   56085  20280     3.05e-09    6.64e-07
2012 06 07  0539   56085  20340     2.19e-09    6.55e-07
2012 06 07  0540   56085  20400     1.81e-09    6.48e-07
2012 06 07  0541   56085  20460     3.08e-09    6.35e-07
2012 06 07  0542   56085  20520     4.48e-09    6.37e-07
2012 06 07  0543   56085  20580     4.06e-09    6.41e-07
2012 06 07  0544   56085  20640     4.41e-09    6.43e-07
2012 06 07  0545   56085  20700     5.99e-09    6.49e-07
2012 06 07  0546   56085  20760     7.94e-09    6.50e-07
2012 06 07  0547   56085  20820     9.17e-09    6.52e-07
2012 06 07  0548   56085  20880     4.69e-09    6.62e-07
2012 06 07  0549   56085  20940     5.98e-09    6.77e-07
2012 06 07  0550   56085  21000     1.16e-08    6.84e-07
2012 06 07  0551   56085  21060     1.16e-08    6.99e-07
2012 06 07  0552   56085  21120     1.61e-08    7.40e-07
2012 06 07  0553   56085  21180     2.75e-08    8.54e-07
2012 06 07  0554   56085  21240     5.79e-08    1.10e-06
2012 06 07  0555   56085  21300     9.15e-08    1.38e-06
2012 06 07  0556   56085  21360     9.62e-08    1.59e-06
2012 06 07  0557   56085  21420     7.79e-08    1.59e-06
2012 06 07  0558   56085  21480     6.06e-08    1.51e-06
2012 06 07  0559   56085  21540     5.38e-08    1.45e-06
2012 06 07  0600   56085  21600     5.14e-08    1.39e-06
2012 06 07  0601   56085  21660     4.79e-08    1.34e-06
2012 06 07  0602   56085  21720     4.61e-08    1.30e-06
2012 06 07  0603   56085  21780     4.59e-08    1.28e-06
2012 06 07  0604   56085  21840     4.79e-08    1.27e-06
2012 06 07  0605   56085  21900     4.26e-08    1.24e-06
2012 06 07  0606   56085  21960     4.18e-08    1.23e-06
2012 06 07  0607   56085  22020     4.11e-08    1.22e-06
2012 06 07  0608   56085  22080     3.88e-08    1.20e-06
2012 06 07  0609   56085  22140     3.61e-08    1.16e-06
2012 06 07  0610   56085  22200     3.30e-08    1.13e-06
2012 06 07  0611   56085  22260     2.85e-08    1.08e-06
2012 06 07  0612   56085  22320     2.67e-08    1.05e-06
2012 06 07  0613   56085  22380     2.29e-08    1.01e-06
2012 06 07  0614   56085  22440     2.16e-08    9.74e-07
2012 06 07  0615   56085  22500     1.78e-08    9.42e-07
2012 06 07  0616   56085  22560     1.48e-08    9.06e-07
2012 06 07  0617   56085  22620     1.31e-08    8.79e-07
2012 06 07  0618   56085  22680     1.15e-08    8.52e-07
2012 06 07  0619   56085  22740     9.98e-09    8.26e-07
2012 06 07  0620   56085  22800     9.90e-09    8.03e-07
2012 06 07  0621   56085  22860     8.52e-09    7.87e-07
2012 06 07  0622   56085  22920     7.77e-09    7.61e-07
2012 06 07  0623   56085  22980     8.71e-09    7.38e-07
2012 06 07  0624   56085  23040     6.37e-09    7.25e-07
2012 06 07  0625   56085  23100     5.21e-09    7.07e-07
2012 06 07  0626   56085  23160     7.02e-09    6.92e-07
2012 06 07  0627   56085  23220     4.14e-09    6.86e-07
2012 06 07  0628   56085  23280     7.62e-09    6.80e-07
2012 06 07  0629   56085  23340     4.79e-09    6.70e-07
2012 06 07  0630   56085  23400     5.21e-09    6.68e-07
2012 06 07  0631   56085  23460     6.25e-09    6.65e-07
2012 06 07  0632   56085  23520     4.31e-09    6.59e-07
2012 06 07  0633   56085  23580     3.50e-09    6.60e-07
2012 06 07  0634   56085  23640     6.33e-09    6.64e-07
2012 06 07  0635   56085  23700     4.80e-09    6.74e-07
2012 06 07  0636   56085  23760     7.60e-09    6.85e-07
2012 06 07  0637   56085  23820     7.67e-09    6.86e-07
2012 06 07  0638   56085  23880     4.95e-09    6.76e-07
2012 06 07  0639   56085  23940     4.69e-09    6.67e-07
2012 06 07  0640   56085  24000     5.29e-09    6.57e-07
2012 06 07  0641   56085  24060     5.87e-09    6.58e-07
2012 06 07  0642   56085  24120     6.13e-09    6.61e-07
2012 06 07  0643   56085  24180     5.60e-09    6.63e-07
2012 06 07  0644   56085  24240     6.64e-09    6.65e-07
2012 06 07  0645   56085  24300     8.66e-09    6.82e-07
2012 06 07  0646   56085  24360     8.52e-09    6.89e-07
2012 06 07  0647   56085  24420     8.52e-09    6.92e-07
2012 06 07  0648   56085  24480     9.63e-09    6.95e-07
2012 06 07  0649   56085  24540     9.96e-09    7.05e-07
2012 06 07  0650   56085  24600     8.25e-09    7.01e-07
2012 06 07  0651   56085  24660     7.17e-09    7.00e-07
2012 06 07  0652   56085  24720     8.81e-09    7.00e-07
2012 06 07  0653   56085  24780     6.33e-09    6.94e-07
2012 06 07  0654   56085  24840     8.56e-09    6.93e-07
2012 06 07  0655   56085  24900     8.44e-09    6.84e-07
2012 06 07  0656   56085  24960     8.75e-09    6.73e-07
2012 06 07  0657   56085  25020     5.56e-09    6.64e-07
2012 06 07  0658   56085  25080     3.02e-09    6.56e-07
2012 06 07  0659   56085  25140     4.11e-09    6.53e-07
2012 06 07  0700   56085  25200     6.25e-09    6.52e-07
2012 06 07  0701   56085  25260     4.71e-09    6.45e-07
2012 06 07  0702   56085  25320     6.28e-09    6.55e-07
2012 06 07  0703   56085  25380     6.83e-09    6.75e-07
2012 06 07  0704   56085  25440     7.29e-09    6.79e-07
2012 06 07  0705   56085  25500     5.32e-09    6.79e-07
2012 06 07  0706   56085  25560     6.33e-09    6.75e-07
2012 06 07  0707   56085  25620     5.94e-09    6.62e-07
2012 06 07  0708   56085  25680     6.64e-09    6.52e-07
2012 06 07  0709   56085  25740     6.25e-09    6.44e-07
2012 06 07  0710   56085  25800     8.17e-09    6.39e-07
2012 06 07  0711   56085  25860     6.98e-09    6.33e-07
2012 06 07  0712   56085  25920     6.69e-09    6.30e-07
2012 06 07  0713   56085  25980     6.87e-09    6.23e-07
2012 06 07  0714   56085  26040     6.91e-09    6.21e-07
2012 06 07  0715   56085  26100     7.52e-09    6.23e-07
2012 06 07  0716   56085  26160     6.54e-09    6.27e-07
2012 06 07  0717   56085  26220     4.45e-09    6.30e-07
2012 06 07  0718   56085  26280     5.33e-09    6.30e-07
2012 06 07  0719   56085  26340     5.47e-09    6.26e-07
2012 06 07  0720   56085  26400     5.91e-09    6.25e-07
2012 06 07  0721   56085  26460     7.79e-09    6.32e-07
2012 06 07  0722   56085  26520     6.21e-09    6.45e-07
2012 06 07  0723   56085  26580     7.60e-09    6.57e-07
2012 06 07  0724   56085  26640     1.00e-08    6.74e-07
2012 06 07  0725   56085  26700     9.71e-09    6.87e-07
2012 06 07  0726   56085  26760     9.63e-09    6.99e-07
2012 06 07  0727   56085  26820     9.60e-09    7.13e-07
2012 06 07  0728   56085  26880     1.12e-08    7.47e-07
2012 06 07  0729   56085  26940     2.09e-08    8.24e-07
2012 06 07  0730   56085  27000     2.58e-08    8.98e-07
2012 06 07  0731   56085  27060     2.31e-08    8.98e-07
2012 06 07  0732   56085  27120     1.79e-08    8.81e-07
2012 06 07  0733   56085  27180     1.52e-08    8.63e-07
2012 06 07  0734   56085  27240     1.26e-08    8.62e-07
2012 06 07  0735   56085  27300     1.17e-08    8.49e-07
2012 06 07  0736   56085  27360     1.02e-08    8.30e-07
2012 06 07  0737   56085  27420     1.17e-08    8.24e-07
2012 06 07  0738   56085  27480     1.31e-08    8.22e-07
2012 06 07  0739   56085  27540     1.38e-08    8.14e-07
2012 06 07  0740   56085  27600     1.33e-08    8.07e-07
2012 06 07  0741   56085  27660     1.31e-08    7.97e-07
2012 06 07  0742   56085  27720     1.33e-08    7.84e-07
2012 06 07  0743   56085  27780     1.27e-08    7.66e-07
2012 06 07  0744   56085  27840     1.09e-08    7.55e-07
2012 06 07  0745   56085  27900     6.41e-09    7.44e-07
2012 06 07  0746   56085  27960     5.43e-09    7.28e-07
2012 06 07  0747   56085  28020     6.29e-09    7.27e-07
2012 06 07  0748   56085  28080     5.83e-09    7.24e-07
2012 06 07  0749   56085  28140     6.84e-09    7.15e-07
2012 06 07  0750   56085  28200     4.56e-09    7.09e-07
2012 06 07  0751   56085  28260     4.33e-09    7.11e-07
2012 06 07  0752   56085  28320     4.83e-09    7.14e-07
2012 06 07  0753   56085  28380     5.58e-09    7.16e-07
2012 06 07  0754   56085  28440     5.52e-09    7.21e-07
2012 06 07  0755   56085  28500     7.10e-09    7.17e-07
2012 06 07  0756   56085  28560     9.96e-09    7.20e-07
2012 06 07  0757   56085  28620     9.25e-09    7.14e-07
2012 06 07  0758   56085  28680     1.08e-08    7.23e-07
2012 06 07  0759   56085  28740     1.14e-08    7.35e-07
2012 06 07  0800   56085  28800     1.16e-08    7.34e-07
2012 06 07  0801   56085  28860     1.01e-08    7.29e-07
2012 06 07  0802   56085  28920     1.01e-08    7.23e-07
2012 06 07  0803   56085  28980     7.84e-09    7.14e-07
2012 06 07  0804   56085  29040     4.87e-09    7.08e-07
2012 06 07  0805   56085  29100     2.79e-09    7.03e-07
2012 06 07  0806   56085  29160     3.81e-09    6.89e-07
2012 06 07  0807   56085  29220     5.33e-09    6.84e-07
2012 06 07  0808   56085  29280     4.79e-09    6.83e-07
2012 06 07  0809   56085  29340     5.54e-09    6.76e-07
2012 06 07  0810   56085  29400     5.02e-09    6.73e-07
2012 06 07  0811   56085  29460     4.79e-09    6.69e-07
2012 06 07  0812   56085  29520     3.98e-09    6.61e-07
2012 06 07  0813   56085  29580     4.46e-09    6.51e-07
2012 06 07  0814   56085  29640     6.25e-09    6.47e-07
2012 06 07  0815   56085  29700     8.17e-09    6.55e-07
2012 06 07  0816   56085  29760     6.13e-09    6.59e-07
2012 06 07  0817   56085  29820     8.33e-09    6.59e-07
2012 06 07  0818   56085  29880     8.06e-09    6.67e-07
2012 06 07  0819   56085  29940     7.88e-09    6.62e-07
2012 06 07  0820   56085  30000     5.79e-09    6.61e-07
2012 06 07  0821   56085  30060     5.48e-09    6.65e-07
2012 06 07  0822   56085  30120     7.06e-09    6.78e-07
2012 06 07  0823   56085  30180     1.12e-08    7.14e-07
2012 06 07  0824   56085  30240     1.27e-08    7.61e-07
2012 06 07  0825   56085  30300     1.41e-08    7.86e-07
2012 06 07  0826   56085  30360     1.42e-08    7.98e-07
2012 06 07  0827   56085  30420     1.38e-08    8.03e-07
2012 06 07  0828   56085  30480     1.82e-08    8.31e-07
2012 06 07  0829   56085  30540     1.89e-08    8.81e-07
2012 06 07  0830   56085  30600     1.94e-08    9.01e-07
2012 06 07  0831   56085  30660     2.00e-08    9.08e-07
2012 06 07  0832   56085  30720     1.84e-08    9.19e-07
2012 06 07  0833   56085  30780     1.78e-08    9.23e-07
2012 06 07  0834   56085  30840     1.62e-08    9.11e-07
2012 06 07  0835   56085  30900     1.35e-08    8.97e-07
2012 06 07  0836   56085  30960     1.20e-08    8.82e-07
2012 06 07  0837   56085  31020     1.27e-08    8.68e-07
2012 06 07  0838   56085  31080     1.23e-08    8.71e-07
2012 06 07  0839   56085  31140     1.53e-08    9.07e-07
2012 06 07  0840   56085  31200     1.45e-08    9.28e-07
2012 06 07  0841   56085  31260     1.46e-08    9.29e-07
2012 06 07  0842   56085  31320     1.40e-08    9.14e-07
2012 06 07  0843   56085  31380     1.27e-08    8.80e-07
2012 06 07  0844   56085  31440     1.01e-08    8.43e-07
2012 06 07  0845   56085  31500     8.33e-09    8.04e-07
2012 06 07  0846   56085  31560     5.91e-09    7.77e-07
2012 06 07  0847   56085  31620     4.68e-09    7.59e-07
2012 06 07  0848   56085  31680     5.18e-09    7.40e-07
2012 06 07  0849   56085  31740     4.33e-09    7.18e-07
2012 06 07  0850   56085  31800     4.50e-09    7.00e-07
2012 06 07  0851   56085  31860     2.29e-09    6.88e-07
2012 06 07  0852   56085  31920     4.31e-09    6.78e-07
2012 06 07  0853   56085  31980     4.80e-09    6.77e-07
2012 06 07  0854   56085  32040     5.41e-09    6.77e-07
2012 06 07  0855   56085  32100     5.64e-09    6.73e-07
2012 06 07  0856   56085  32160     5.52e-09    6.70e-07
2012 06 07  0857   56085  32220     5.76e-09    6.67e-07
2012 06 07  0858   56085  32280     7.44e-09    6.70e-07
2012 06 07  0859   56085  32340     6.10e-09    6.65e-07
2012 06 07  0900   56085  32400     8.03e-09    6.59e-07
2012 06 07  0901   56085  32460     9.86e-09    6.56e-07
2012 06 07  0902   56085  32520     9.48e-09    6.43e-07
2012 06 07  0903   56085  32580     8.70e-09    6.36e-07
2012 06 07  0904   56085  32640     7.56e-09    6.29e-07
2012 06 07  0905   56085  32700     1.02e-08    6.28e-07
2012 06 07  0906   56085  32760     9.48e-09    6.23e-07
2012 06 07  0907   56085  32820     8.81e-09    6.21e-07
2012 06 07  0908   56085  32880     1.14e-08    6.28e-07
2012 06 07  0909   56085  32940     9.52e-09    6.25e-07
2012 06 07  0910   56085  33000     9.66e-09    6.23e-07
2012 06 07  0911   56085  33060     9.44e-09    6.01e-07
2012 06 07  0912   56085  33120     9.67e-09    5.99e-07
2012 06 07  0913   56085  33180     9.77e-09    5.96e-07
2012 06 07  0914   56085  33240     9.17e-09    5.96e-07
2012 06 07  0915   56085  33300     9.60e-09    5.89e-07
2012 06 07  0916   56085  33360     8.90e-09    5.80e-07
2012 06 07  0917   56085  33420     8.10e-09    5.74e-07
2012 06 07  0918   56085  33480     7.98e-09    5.67e-07
2012 06 07  0919   56085  33540     9.25e-09    5.62e-07
2012 06 07  0920   56085  33600     1.06e-08    5.66e-07
2012 06 07  0921   56085  33660     9.40e-09    5.67e-07
2012 06 07  0922   56085  33720     8.48e-09    5.66e-07
2012 06 07  0923   56085  33780     1.00e-08    5.60e-07
2012 06 07  0924   56085  33840     7.02e-09    5.61e-07
2012 06 07  0925   56085  33900     5.68e-09    5.57e-07
2012 06 07  0926   56085  33960     6.25e-09    5.52e-07
2012 06 07  0927   56085  34020     5.65e-09    5.50e-07
2012 06 07  0928   56085  34080     5.37e-09    5.44e-07
2012 06 07  0929   56085  34140     5.10e-09    5.43e-07
2012 06 07  0930   56085  34200     6.32e-09    5.44e-07
2012 06 07  0931   56085  34260     6.02e-09    5.48e-07
2012 06 07  0932   56085  34320     6.06e-09    5.59e-07
2012 06 07  0933   56085  34380     6.18e-09    5.67e-07
2012 06 07  0934   56085  34440     6.25e-09    5.68e-07
2012 06 07  0935   56085  34500     7.02e-09    5.80e-07
2012 06 07  0936   56085  34560     7.98e-09    5.81e-07
2012 06 07  0937   56085  34620     4.69e-09    5.81e-07
2012 06 07  0938   56085  34680     4.56e-09    5.88e-07
2012 06 07  0939   56085  34740     6.60e-09    5.91e-07
2012 06 07  0940   56085  34800     6.65e-09    5.98e-07
2012 06 07  0941   56085  34860     7.14e-09    6.00e-07
2012 06 07  0942   56085  34920     8.75e-09    6.03e-07
2012 06 07  0943   56085  34980     9.52e-09    6.05e-07
2012 06 07  0944   56085  35040     9.89e-09    5.98e-07
2012 06 07  0945   56085  35100     1.31e-08    6.01e-07
2012 06 07  0946   56085  35160     9.52e-09    6.07e-07
2012 06 07  0947   56085  35220     7.88e-09    6.05e-07
2012 06 07  0948   56085  35280     8.75e-09    6.19e-07
2012 06 07  0949   56085  35340     1.19e-08    6.66e-07
2012 06 07  0950   56085  35400     1.42e-08    7.06e-07
2012 06 07  0951   56085  35460     1.35e-08    7.09e-07
2012 06 07  0952   56085  35520     1.29e-08    7.04e-07
2012 06 07  0953   56085  35580     1.11e-08    7.06e-07
2012 06 07  0954   56085  35640     1.14e-08    6.96e-07
2012 06 07  0955   56085  35700     9.44e-09    6.80e-07
2012 06 07  0956   56085  35760     9.06e-09    6.66e-07
2012 06 07  0957   56085  35820     8.96e-09    6.55e-07
2012 06 07  0958   56085  35880     7.83e-09    6.48e-07
2012 06 07  0959   56085  35940     8.56e-09    6.45e-07
2012 06 07  1000   56085  36000     7.73e-09    6.37e-07
2012 06 07  1001   56085  36060     6.83e-09    6.31e-07
2012 06 07  1002   56085  36120     6.37e-09    6.30e-07
2012 06 07  1003   56085  36180     5.98e-09    6.29e-07
2012 06 07  1004   56085  36240     6.73e-09    6.33e-07
2012 06 07  1005   56085  36300     5.02e-09    6.33e-07
2012 06 07  1006   56085  36360     6.10e-09    6.34e-07
2012 06 07  1007   56085  36420     6.43e-09    6.33e-07
2012 06 07  1008   56085  36480     5.79e-09    6.31e-07
2012 06 07  1009   56085  36540     6.37e-09    6.33e-07
2012 06 07  1010   56085  36600     7.67e-09    6.32e-07
2012 06 07  1011   56085  36660     6.69e-09    6.28e-07
2012 06 07  1012   56085  36720     5.91e-09    6.26e-07
2012 06 07  1013   56085  36780     5.21e-09    6.27e-07
2012 06 07  1014   56085  36840     5.32e-09    6.23e-07
2012 06 07  1015   56085  36900     6.18e-09    6.24e-07
2012 06 07  1016   56085  36960     5.87e-09    6.31e-07
2012 06 07  1017   56085  37020     6.21e-09    6.39e-07
2012 06 07  1018   56085  37080     5.94e-09    6.36e-07
2012 06 07  1019   56085  37140     5.29e-09    6.37e-07
2012 06 07  1020   56085  37200     6.10e-09    6.37e-07
2012 06 07  1021   56085  37260     5.02e-09    6.41e-07
2012 06 07  1022   56085  37320     4.79e-09    6.38e-07
2012 06 07  1023   56085  37380     7.14e-09    6.33e-07
2012 06 07  1024   56085  37440     8.29e-09    6.32e-07
2012 06 07  1025   56085  37500     5.45e-09    6.34e-07
2012 06 07  1026   56085  37560     7.94e-09    6.43e-07
2012 06 07  1027   56085  37620     9.63e-09    6.51e-07
2012 06 07  1028   56085  37680     1.04e-08    6.50e-07
2012 06 07  1029   56085  37740     1.09e-08    6.50e-07
2012 06 07  1030   56085  37800     1.01e-08    6.47e-07
2012 06 07  1031   56085  37860     9.37e-09    6.49e-07
2012 06 07  1032   56085  37920     1.05e-08    6.46e-07
2012 06 07  1033   56085  37980     7.75e-09    6.47e-07
2012 06 07  1034   56085  38040     5.47e-09    6.51e-07
2012 06 07  1035   56085  38100     8.90e-09    6.52e-07
2012 06 07  1036   56085  38160     7.71e-09    6.57e-07
2012 06 07  1037   56085  38220     7.36e-09    6.57e-07
2012 06 07  1038   56085  38280     9.36e-09    6.61e-07
2012 06 07  1039   56085  38340     9.36e-09    6.63e-07
2012 06 07  1040   56085  38400     6.91e-09    6.66e-07
2012 06 07  1041   56085  38460     6.84e-09    6.70e-07
2012 06 07  1042   56085  38520     6.87e-09    6.73e-07
2012 06 07  1043   56085  38580     1.17e-08    6.93e-07
2012 06 07  1044   56085  38640     1.19e-08    7.22e-07
2012 06 07  1045   56085  38700     1.18e-08    7.49e-07
2012 06 07  1046   56085  38760     1.26e-08    7.72e-07
2012 06 07  1047   56085  38820     1.49e-08    8.04e-07
2012 06 07  1048   56085  38880     1.75e-08    8.36e-07
2012 06 07  1049   56085  38940     1.65e-08    8.56e-07
2012 06 07  1050   56085  39000     1.54e-08    8.56e-07
2012 06 07  1051   56085  39060     1.52e-08    8.46e-07
2012 06 07  1052   56085  39120     1.36e-08    8.38e-07
2012 06 07  1053   56085  39180     1.14e-08    8.24e-07
2012 06 07  1054   56085  39240     1.06e-08    8.07e-07
2012 06 07  1055   56085  39300     1.06e-08    8.06e-07
2012 06 07  1056   56085  39360     1.26e-08    8.05e-07
2012 06 07  1057   56085  39420     1.31e-08    7.96e-07
2012 06 07  1058   56085  39480     1.25e-08    7.84e-07
2012 06 07  1059   56085  39540     1.32e-08    7.66e-07
2012 06 07  1100   56085  39600     1.09e-08    7.54e-07
2012 06 07  1101   56085  39660     8.77e-09    7.48e-07
2012 06 07  1102   56085  39720     9.25e-09    7.49e-07
2012 06 07  1103   56085  39780     8.56e-09    7.46e-07
2012 06 07  1104   56085  39840     7.66e-09    7.40e-07
2012 06 07  1105   56085  39900     7.71e-09    7.40e-07
2012 06 07  1106   56085  39960     1.00e-08    7.37e-07
2012 06 07  1107   56085  40020     1.10e-08    7.40e-07
2012 06 07  1108   56085  40080     1.21e-08    7.47e-07
2012 06 07  1109   56085  40140     1.09e-08    7.56e-07
2012 06 07  1110   56085  40200     9.90e-09    7.54e-07
2012 06 07  1111   56085  40260     9.03e-09    7.50e-07
2012 06 07  1112   56085  40320     8.60e-09    7.52e-07
2012 06 07  1113   56085  40380     9.13e-09    7.50e-07
2012 06 07  1114   56085  40440     1.23e-08    7.43e-07
2012 06 07  1115   56085  40500     1.06e-08    7.45e-07
2012 06 07  1116   56085  40560     9.13e-09    7.37e-07
2012 06 07  1117   56085  40620     9.75e-09    7.32e-07
2012 06 07  1118   56085  40680     1.14e-08    7.26e-07
2012 06 07  1119   56085  40740     8.83e-09    7.20e-07
2012 06 07  1120   56085  40800     9.52e-09    7.09e-07
2012 06 07  1121   56085  40860     9.33e-09    6.99e-07
2012 06 07  1122   56085  40920     9.36e-09    6.91e-07
2012 06 07  1123   56085  40980     1.08e-08    6.89e-07
2012 06 07  1124   56085  41040     9.25e-09    6.83e-07
2012 06 07  1125   56085  41100     8.40e-09    6.86e-07
2012 06 07  1126   56085  41160     7.25e-09    6.95e-07
2012 06 07  1127   56085  41220     3.95e-09    7.01e-07
2012 06 07  1128   56085  41280     4.02e-09    7.00e-07
2012 06 07  1129   56085  41340     4.60e-09    6.93e-07
2012 06 07  1130   56085  41400     4.87e-09    6.93e-07
2012 06 07  1131   56085  41460     6.58e-09    7.02e-07
2012 06 07  1132   56085  41520     7.02e-09    7.12e-07
2012 06 07  1133   56085  41580     8.94e-09    7.24e-07
2012 06 07  1134   56085  41640     6.48e-09    7.29e-07
2012 06 07  1135   56085  41700     3.87e-09    7.32e-07
2012 06 07  1136   56085  41760     4.48e-09    7.30e-07
2012 06 07  1137   56085  41820     4.75e-09    7.31e-07
2012 06 07  1138   56085  41880     5.65e-09    7.28e-07
2012 06 07  1139   56085  41940     5.52e-09    7.21e-07
2012 06 07  1140   56085  42000     3.83e-09    7.17e-07
2012 06 07  1141   56085  42060     5.99e-09    7.15e-07
2012 06 07  1142   56085  42120     6.18e-09    7.14e-07
2012 06 07  1143   56085  42180     6.37e-09    7.16e-07
2012 06 07  1144   56085  42240     6.18e-09    7.27e-07
2012 06 07  1145   56085  42300     5.73e-09    7.29e-07
2012 06 07  1146   56085  42360     5.87e-09    7.41e-07
2012 06 07  1147   56085  42420     8.40e-09    7.57e-07
2012 06 07  1148   56085  42480     9.22e-09    7.99e-07
2012 06 07  1149   56085  42540     1.07e-08    8.22e-07
2012 06 07  1150   56085  42600     1.02e-08    8.21e-07
2012 06 07  1151   56085  42660     9.96e-09    8.18e-07
2012 06 07  1152   56085  42720     1.01e-08    8.09e-07
2012 06 07  1153   56085  42780     1.12e-08    8.14e-07
2012 06 07  1154   56085  42840     1.31e-08    8.27e-07
2012 06 07  1155   56085  42900     1.52e-08    8.56e-07
2012 06 07  1156   56085  42960     1.60e-08    8.60e-07
2012 06 07  1157   56085  43020     1.42e-08    8.63e-07
2012 06 07  1158   56085  43080     1.44e-08    8.63e-07
2012 06 07  1159   56085  43140     1.81e-08    8.60e-07
2012 06 07  1200   56085  43200     1.92e-08    8.71e-07
2012 06 07  1201   56085  43260     1.97e-08    8.94e-07
2012 06 07  1202   56085  43320     1.99e-08    9.11e-07
2012 06 07  1203   56085  43380     2.39e-08    9.24e-07
2012 06 07  1204   56085  43440     2.64e-08    9.43e-07
2012 06 07  1205   56085  43500     2.56e-08    9.68e-07
2012 06 07  1206   56085  43560     3.18e-08    1.00e-06
2012 06 07  1207   56085  43620     4.29e-08    1.12e-06
2012 06 07  1208   56085  43680     6.39e-08    1.31e-06
2012 06 07  1209   56085  43740     8.26e-08    1.49e-06
2012 06 07  1210   56085  43800     9.42e-08    1.67e-06
2012 06 07  1211   56085  43860     1.02e-07    1.79e-06
2012 06 07  1212   56085  43920     1.03e-07    1.88e-06
2012 06 07  1213   56085  43980     1.02e-07    1.93e-06
2012 06 07  1214   56085  44040     9.93e-08    1.94e-06
2012 06 07  1215   56085  44100     9.90e-08    1.98e-06
2012 06 07  1216   56085  44160     9.78e-08    2.01e-06
2012 06 07  1217   56085  44220     9.40e-08    2.00e-06
2012 06 07  1218   56085  44280     8.53e-08    1.95e-06
2012 06 07  1219   56085  44340     7.71e-08    1.89e-06
2012 06 07  1220   56085  44400     6.87e-08    1.84e-06
2012 06 07  1221   56085  44460     6.53e-08    1.77e-06
2012 06 07  1222   56085  44520     5.89e-08    1.71e-06
2012 06 07  1223   56085  44580     5.42e-08    1.65e-06
2012 06 07  1224   56085  44640     5.21e-08    1.59e-06
2012 06 07  1225   56085  44700     4.66e-08    1.54e-06
2012 06 07  1226   56085  44760     3.98e-08    1.50e-06
2012 06 07  1227   56085  44820     3.84e-08    1.46e-06
2012 06 07  1228   56085  44880     3.35e-08    1.40e-06
2012 06 07  1229   56085  44940     3.05e-08    1.34e-06
2012 06 07  1230   56085  45000     2.65e-08    1.29e-06
2012 06 07  1231   56085  45060     2.33e-08    1.26e-06
2012 06 07  1232   56085  45120     2.01e-08    1.22e-06
2012 06 07  1233   56085  45180     1.87e-08    1.18e-06
2012 06 07  1234   56085  45240     1.76e-08    1.15e-06
2012 06 07  1235   56085  45300     1.49e-08    1.11e-06
2012 06 07  1236   56085  45360     1.12e-08    1.08e-06
2012 06 07  1237   56085  45420     1.03e-08    1.04e-06
2012 06 07  1238   56085  45480     9.94e-09    1.03e-06
2012 06 07  1239   56085  45540     1.12e-08    1.02e-06
2012 06 07  1240   56085  45600     1.22e-08    1.02e-06
2012 06 07  1241   56085  45660     1.19e-08    1.02e-06
2012 06 07  1242   56085  45720     1.21e-08    1.03e-06
2012 06 07  1243   56085  45780     1.46e-08    1.03e-06
2012 06 07  1244   56085  45840     1.35e-08    1.03e-06
2012 06 07  1245   56085  45900     1.32e-08    1.02e-06
2012 06 07  1246   56085  45960     1.42e-08    1.00e-06
2012 06 07  1247   56085  46020     1.50e-08    9.79e-07
2012 06 07  1248   56085  46080     1.13e-08    9.53e-07
2012 06 07  1249   56085  46140     1.14e-08    9.27e-07
2012 06 07  1250   56085  46200     8.71e-09    9.02e-07
2012 06 07  1251   56085  46260     8.40e-09    8.81e-07
2012 06 07  1252   56085  46320     8.70e-09    8.63e-07
2012 06 07  1253   56085  46380     8.33e-09    8.40e-07
2012 06 07  1254   56085  46440     7.29e-09    8.21e-07
2012 06 07  1255   56085  46500     7.29e-09    8.04e-07
2012 06 07  1256   56085  46560     9.67e-09    7.88e-07
2012 06 07  1257   56085  46620     1.08e-08    7.79e-07
2012 06 07  1258   56085  46680     1.01e-08    7.76e-07
2012 06 07  1259   56085  46740     8.85e-09    7.76e-07
2012 06 07  1300   56085  46800     1.07e-08    7.93e-07
2012 06 07  1301   56085  46860     1.67e-08    8.33e-07
2012 06 07  1302   56085  46920     1.91e-08    9.08e-07
2012 06 07  1303   56085  46980     2.72e-08    9.99e-07
2012 06 07  1304   56085  47040     3.23e-08    1.09e-06
2012 06 07  1305   56085  47100     3.75e-08    1.17e-06
2012 06 07  1306   56085  47160     3.63e-08    1.19e-06
2012 06 07  1307   56085  47220     3.40e-08    1.19e-06
2012 06 07  1308   56085  47280     3.20e-08    1.17e-06
2012 06 07  1309   56085  47340     2.72e-08    1.13e-06
2012 06 07  1310   56085  47400     2.23e-08    1.08e-06
2012 06 07  1311   56085  47460     1.80e-08    1.03e-06
2012 06 07  1312   56085  47520     1.56e-08    9.95e-07
2012 06 07  1313   56085  47580     1.41e-08    9.67e-07
2012 06 07  1314   56085  47640     1.32e-08    9.44e-07
2012 06 07  1315   56085  47700     1.58e-08    9.35e-07
2012 06 07  1316   56085  47760     1.21e-08    9.06e-07
2012 06 07  1317   56085  47820     1.18e-08    8.76e-07
2012 06 07  1318   56085  47880     1.20e-08    8.72e-07
2012 06 07  1319   56085  47940     1.08e-08    8.68e-07
2012 06 07  1320   56085  48000     9.94e-09    8.46e-07
2012 06 07  1321   56085  48060     8.48e-09    8.32e-07
2012 06 07  1322   56085  48120     8.44e-09    8.22e-07
2012 06 07  1323   56085  48180     8.71e-09    8.13e-07
2012 06 07  1324   56085  48240     8.33e-09    8.14e-07
2012 06 07  1325   56085  48300     8.33e-09    8.18e-07
2012 06 07  1326   56085  48360     1.09e-08    8.44e-07
2012 06 07  1327   56085  48420     1.40e-08    8.69e-07
2012 06 07  1328   56085  48480     1.30e-08    8.83e-07
2012 06 07  1329   56085  48540     1.65e-08    8.92e-07
2012 06 07  1330   56085  48600     1.56e-08    8.88e-07
2012 06 07  1331   56085  48660     1.57e-08    8.76e-07
2012 06 07  1332   56085  48720     1.52e-08    8.66e-07
2012 06 07  1333   56085  48780     1.39e-08    8.63e-07
2012 06 07  1334   56085  48840     1.48e-08    8.71e-07
2012 06 07  1335   56085  48900     1.63e-08    8.89e-07
2012 06 07  1336   56085  48960     2.08e-08    9.49e-07
2012 06 07  1337   56085  49020     2.46e-08    1.01e-06
2012 06 07  1338   56085  49080     2.93e-08    1.08e-06
2012 06 07  1339   56085  49140     3.46e-08    1.15e-06
2012 06 07  1340   56085  49200     4.13e-08    1.24e-06
2012 06 07  1341   56085  49260     4.48e-08    1.32e-06
2012 06 07  1342   56085  49320     4.55e-08    1.34e-06
2012 06 07  1343   56085  49380     4.19e-08    1.32e-06
2012 06 07  1344   56085  49440     3.56e-08    1.28e-06
2012 06 07  1345   56085  49500     2.96e-08    1.24e-06
2012 06 07  1346   56085  49560     2.64e-08    1.20e-06
2012 06 07  1347   56085  49620     2.22e-08    1.16e-06
2012 06 07  1348   56085  49680     1.98e-08    1.13e-06
2012 06 07  1349   56085  49740     1.95e-08    1.11e-06
2012 06 07  1350   56085  49800     1.67e-08    1.08e-06
2012 06 07  1351   56085  49860     1.59e-08    1.06e-06
2012 06 07  1352   56085  49920     1.76e-08    1.05e-06
2012 06 07  1353   56085  49980     1.98e-08    1.05e-06
2012 06 07  1354   56085  50040     1.87e-08    1.04e-06
2012 06 07  1355   56085  50100     1.80e-08    1.02e-06
2012 06 07  1356   56085  50160     1.52e-08    9.94e-07
2012 06 07  1357   56085  50220     1.25e-08    9.76e-07
2012 06 07  1358   56085  50280     1.52e-08    9.57e-07
2012 06 07  1359   56085  50340     1.03e-08    9.33e-07
2012 06 07  1400   56085  50400     9.27e-09    9.17e-07
2012 06 07  1401   56085  50460     8.21e-09    8.99e-07
2012 06 07  1402   56085  50520     8.94e-09    8.82e-07
2012 06 07  1403   56085  50580     7.88e-09    8.72e-07
2012 06 07  1404   56085  50640     8.25e-09    8.79e-07
2012 06 07  1405   56085  50700     7.14e-09    8.68e-07
2012 06 07  1406   56085  50760     7.40e-09    8.54e-07
2012 06 07  1407   56085  50820     7.52e-09    8.34e-07
2012 06 07  1408   56085  50880     7.67e-09    8.24e-07
2012 06 07  1409   56085  50940     7.17e-09    8.11e-07
2012 06 07  1410   56085  51000     7.75e-09    8.08e-07
2012 06 07  1411   56085  51060     7.37e-09    7.96e-07
2012 06 07  1412   56085  51120     7.60e-09    7.78e-07
2012 06 07  1413   56085  51180     8.25e-09    7.65e-07
2012 06 07  1414   56085  51240     7.98e-09    7.60e-07
2012 06 07  1415   56085  51300     5.25e-09    7.51e-07
2012 06 07  1416   56085  51360     7.06e-09    7.41e-07
2012 06 07  1417   56085  51420     8.52e-09    7.33e-07
2012 06 07  1418   56085  51480     1.09e-08    7.26e-07
2012 06 07  1419   56085  51540     9.18e-09    7.32e-07
2012 06 07  1420   56085  51600     1.13e-08    7.61e-07
2012 06 07  1421   56085  51660     2.75e-08    8.91e-07
2012 06 07  1422   56085  51720     7.15e-08    1.19e-06
2012 06 07  1423   56085  51780     1.16e-07    1.51e-06
2012 06 07  1424   56085  51840     1.65e-07    1.86e-06
2012 06 07  1425   56085  51900     2.06e-07    2.24e-06
2012 06 07  1426   56085  51960     2.18e-07    2.52e-06
2012 06 07  1427   56085  52020     2.07e-07    2.70e-06
2012 06 07  1428   56085  52080     1.84e-07    2.74e-06
2012 06 07  1429   56085  52140     1.60e-07    2.69e-06
2012 06 07  1430   56085  52200     1.33e-07    2.58e-06
2012 06 07  1431   56085  52260     1.09e-07    2.42e-06
2012 06 07  1432   56085  52320     9.11e-08    2.24e-06
2012 06 07  1433   56085  52380     7.59e-08    2.09e-06
2012 06 07  1434   56085  52440     6.52e-08    1.97e-06
2012 06 07  1435   56085  52500     6.05e-08    1.88e-06
2012 06 07  1436   56085  52560     5.18e-08    1.78e-06
2012 06 07  1437   56085  52620     4.66e-08    1.67e-06
2012 06 07  1438   56085  52680     3.94e-08    1.58e-06
2012 06 07  1439   56085  52740     3.41e-08    1.48e-06
2012 06 07  1440   56085  52800     3.15e-08    1.40e-06
2012 06 07  1441   56085  52860     2.84e-08    1.33e-06
2012 06 07  1442   56085  52920     2.39e-08    1.25e-06
2012 06 07  1443   56085  52980     1.97e-08    1.18e-06
2012 06 07  1444   56085  53040     1.66e-08    1.11e-06
2012 06 07  1445   56085  53100     1.51e-08    1.05e-06
2012 06 07  1446   56085  53160     1.57e-08    1.02e-06
2012 06 07  1447   56085  53220     1.37e-08    9.81e-07
2012 06 07  1448   56085  53280     1.28e-08    9.48e-07
2012 06 07  1449   56085  53340     1.40e-08    9.23e-07
2012 06 07  1450   56085  53400     1.18e-08    9.03e-07
2012 06 07  1451   56085  53460     1.07e-08    8.77e-07
2012 06 07  1452   56085  53520     1.20e-08    8.51e-07
2012 06 07  1453   56085  53580     1.37e-08    8.34e-07
2012 06 07  1454   56085  53640     1.12e-08    8.34e-07
2012 06 07  1455   56085  53700     1.21e-08    8.39e-07
2012 06 07  1456   56085  53760     9.48e-09    8.24e-07
2012 06 07  1457   56085  53820     9.63e-09    8.02e-07
2012 06 07  1458   56085  53880     9.17e-09    7.84e-07
2012 06 07  1459   56085  53940     1.15e-08    8.00e-07
2012 06 07  1500   56085  54000     1.44e-08    8.31e-07
2012 06 07  1501   56085  54060     1.16e-08    7.86e-07
2012 06 07  1502   56085  54120     1.18e-08    7.65e-07
2012 06 07  1503   56085  54180     1.14e-08    7.52e-07
2012 06 07  1504   56085  54240     1.18e-08    7.49e-07
2012 06 07  1505   56085  54300     1.37e-08    7.40e-07
2012 06 07  1506   56085  54360     1.26e-08    7.32e-07
2012 06 07  1507   56085  54420     7.55e-09    7.28e-07
2012 06 07  1508   56085  54480     6.06e-09    7.16e-07
2012 06 07  1509   56085  54540     5.64e-09    7.11e-07
2012 06 07  1510   56085  54600     6.25e-09    7.12e-07
2012 06 07  1511   56085  54660     6.37e-09    7.08e-07
2012 06 07  1512   56085  54720     7.10e-09    7.07e-07
2012 06 07  1513   56085  54780     7.03e-09    7.09e-07
2012 06 07  1514   56085  54840     7.06e-09    7.04e-07
2012 06 07  1515   56085  54900     6.87e-09    7.07e-07
2012 06 07  1516   56085  54960     8.14e-09    7.12e-07
2012 06 07  1517   56085  55020     8.51e-09    7.39e-07
2012 06 07  1518   56085  55080     7.52e-09    7.43e-07
2012 06 07  1519   56085  55140     1.03e-08    7.47e-07
2012 06 07  1520   56085  55200     8.99e-09    7.45e-07
2012 06 07  1521   56085  55260     1.04e-08    7.59e-07
2012 06 07  1522   56085  55320     1.09e-08    7.69e-07
2012 06 07  1523   56085  55380     1.21e-08    7.90e-07
2012 06 07  1524   56085  55440     1.19e-08    8.05e-07
2012 06 07  1525   56085  55500     1.20e-08    8.19e-07
2012 06 07  1526   56085  55560     1.45e-08    8.46e-07
2012 06 07  1527   56085  55620     1.72e-08    8.92e-07
2012 06 07  1528   56085  55680     2.04e-08    9.45e-07
2012 06 07  1529   56085  55740     2.78e-08    1.03e-06
2012 06 07  1530   56085  55800     3.68e-08    1.13e-06
2012 06 07  1531   56085  55860     4.58e-08    1.26e-06
2012 06 07  1532   56085  55920     6.55e-08    1.46e-06
2012 06 07  1533   56085  55980     9.87e-08    1.77e-06
2012 06 07  1534   56085  56040     1.50e-07    2.21e-06
2012 06 07  1535   56085  56100     2.15e-07    2.79e-06
2012 06 07  1536   56085  56160     3.34e-07    3.73e-06
2012 06 07  1537   56085  56220     5.45e-07    5.28e-06
2012 06 07  1538   56085  56280     7.32e-07    6.58e-06
2012 06 07  1539   56085  56340     8.13e-07    7.35e-06
2012 06 07  1540   56085  56400     8.71e-07    8.02e-06
2012 06 07  1541   56085  56460     9.31e-07    8.55e-06
2012 06 07  1542   56085  56520     9.65e-07    8.99e-06
2012 06 07  1543   56085  56580     9.31e-07    9.15e-06
2012 06 07  1544   56085  56640     8.54e-07    9.09e-06
2012 06 07  1545   56085  56700     7.73e-07    8.93e-06
2012 06 07  1546   56085  56760     6.89e-07    8.62e-06
2012 06 07  1547   56085  56820     6.15e-07    8.24e-06
2012 06 07  1548   56085  56880     5.46e-07    7.82e-06
2012 06 07  1549   56085  56940     4.91e-07    7.43e-06
2012 06 07  1550   56085  57000     4.43e-07    7.04e-06
2012 06 07  1551   56085  57060     3.96e-07    6.65e-06
2012 06 07  1552   56085  57120     3.42e-07    6.22e-06
2012 06 07  1553   56085  57180     2.93e-07    5.77e-06
2012 06 07  1554   56085  57240     2.50e-07    5.34e-06
2012 06 07  1555   56085  57300     2.16e-07    4.93e-06
2012 06 07  1556   56085  57360     1.86e-07    4.57e-06
2012 06 07  1557   56085  57420     1.64e-07    4.27e-06
2012 06 07  1558   56085  57480     1.47e-07    4.01e-06
2012 06 07  1559   56085  57540     1.31e-07    3.75e-06
2012 06 07  1600   56085  57600     1.17e-07    3.50e-06
2012 06 07  1601   56085  57660     1.03e-07    3.28e-06
2012 06 07  1602   56085  57720     9.14e-08    3.07e-06
2012 06 07  1603   56085  57780     8.01e-08    2.87e-06
2012 06 07  1604   56085  57840     7.27e-08    2.69e-06
2012 06 07  1605   56085  57900     6.35e-08    2.53e-06
2012 06 07  1606   56085  57960     5.81e-08    2.39e-06
2012 06 07  1607   56085  58020     5.04e-08    2.25e-06
2012 06 07  1608   56085  58080     4.69e-08    2.12e-06
2012 06 07  1609   56085  58140     4.38e-08    2.01e-06
2012 06 07  1610   56085  58200     3.83e-08    1.92e-06
2012 06 07  1611   56085  58260     3.83e-08    1.84e-06
2012 06 07  1612   56085  58320     3.41e-08    1.76e-06
2012 06 07  1613   56085  58380     3.30e-08    1.69e-06
2012 06 07  1614   56085  58440     2.79e-08    1.61e-06
2012 06 07  1615   56085  58500     2.67e-08    1.55e-06
2012 06 07  1616   56085  58560     2.57e-08    1.48e-06
2012 06 07  1617   56085  58620     2.48e-08    1.42e-06
2012 06 07  1618   56085  58680     2.29e-08    1.37e-06
2012 06 07  1619   56085  58740     1.96e-08    1.32e-06
2012 06 07  1620   56085  58800     1.89e-08    1.27e-06
2012 06 07  1621   56085  58860     1.83e-08    1.23e-06
2012 06 07  1622   56085  58920     1.69e-08    1.18e-06
2012 06 07  1623   56085  58980     1.69e-08    1.14e-06
2012 06 07  1624   56085  59040     1.85e-08    1.11e-06
2012 06 07  1625   56085  59100     1.62e-08    1.08e-06
2012 06 07  1626   56085  59160     1.61e-08    1.06e-06
2012 06 07  1627   56085  59220     1.75e-08    1.06e-06
2012 06 07  1628   56085  59280     2.28e-08    1.06e-06
2012 06 07  1629   56085  59340     2.19e-08    1.06e-06
2012 06 07  1630   56085  59400     2.11e-08    1.04e-06
2012 06 07  1631   56085  59460     1.64e-08    1.01e-06
2012 06 07  1632   56085  59520     1.41e-08    9.76e-07
2012 06 07  1633   56085  59580     1.46e-08    9.61e-07
2012 06 07  1634   56085  59640     1.32e-08    9.38e-07
2012 06 07  1635   56085  59700     1.24e-08    9.12e-07
2012 06 07  1636   56085  59760     1.04e-08    8.93e-07
2012 06 07  1637   56085  59820     9.18e-09    8.84e-07
2012 06 07  1638   56085  59880     1.04e-08    8.75e-07
2012 06 07  1639   56085  59940     1.13e-08    8.62e-07
2012 06 07  1640   56085  60000     1.21e-08    8.50e-07
2012 06 07  1641   56085  60060     1.09e-08    8.36e-07
2012 06 07  1642   56085  60120     9.90e-09    8.27e-07
2012 06 07  1643   56085  60180     9.83e-09    8.14e-07
2012 06 07  1644   56085  60240     8.92e-09    8.01e-07
2012 06 07  1645   56085  60300     8.56e-09    7.88e-07
2012 06 07  1646   56085  60360     7.79e-09    7.80e-07
2012 06 07  1647   56085  60420     9.44e-09    7.79e-07
2012 06 07  1648   56085  60480     7.56e-09    7.77e-07
2012 06 07  1649   56085  60540     8.33e-09    7.66e-07
2012 06 07  1650   56085  60600     7.40e-09    7.56e-07
2012 06 07  1651   56085  60660     7.84e-09    7.48e-07
2012 06 07  1652   56085  60720     8.56e-09    7.39e-07
2012 06 07  1653   56085  60780     1.12e-08    7.30e-07
2012 06 07  1654   56085  60840     9.70e-09    7.15e-07
2012 06 07  1655   56085  60900     8.98e-09    7.08e-07
2012 06 07  1656   56085  60960     6.87e-09    7.02e-07
2012 06 07  1657   56085  61020     7.40e-09    6.98e-07
2012 06 07  1658   56085  61080     7.55e-09    6.88e-07
2012 06 07  1659   56085  61140     9.48e-09    6.86e-07
2012 06 07  1700   56085  61200     7.29e-09    6.84e-07
2012 06 07  1701   56085  61260     7.25e-09    6.83e-07
2012 06 07  1702   56085  61320     4.68e-09    6.91e-07
2012 06 07  1703   56085  61380     3.94e-09    6.89e-07
2012 06 07  1704   56085  61440     4.65e-09    6.83e-07
2012 06 07  1705   56085  61500     3.91e-09    6.78e-07
2012 06 07  1706   56085  61560     7.21e-09    6.71e-07
2012 06 07  1707   56085  61620     7.79e-09    6.66e-07
2012 06 07  1708   56085  61680     7.29e-09    6.57e-07
2012 06 07  1709   56085  61740     7.83e-09    6.53e-07
2012 06 07  1710   56085  61800     8.83e-09    6.58e-07
2012 06 07  1711   56085  61860     6.88e-09    6.57e-07
2012 06 07  1712   56085  61920     7.02e-09    6.56e-07
2012 06 07  1713   56085  61980     7.90e-09    6.81e-07
2012 06 07  1714   56085  62040     1.07e-08    6.93e-07
2012 06 07  1715   56085  62100     1.49e-08    7.11e-07
2012 06 07  1716   56085  62160     1.94e-08    7.37e-07
2012 06 07  1717   56085  62220     1.90e-08    7.58e-07
2012 06 07  1718   56085  62280     1.87e-08    7.67e-07
2012 06 07  1719   56085  62340     1.85e-08    7.79e-07
2012 06 07  1720   56085  62400     1.72e-08    7.94e-07
2012 06 07  1721   56085  62460     1.68e-08    7.92e-07
2012 06 07  1722   56085  62520     1.55e-08    7.79e-07
2012 06 07  1723   56085  62580     1.32e-08    7.68e-07
2012 06 07  1724   56085  62640     1.36e-08    7.57e-07
2012 06 07  1725   56085  62700     1.41e-08    7.44e-07
2012 06 07  1726   56085  62760     1.31e-08    7.31e-07
2012 06 07  1727   56085  62820     1.13e-08    7.18e-07
2012 06 07  1728   56085  62880     1.03e-08    7.14e-07
2012 06 07  1729   56085  62940     7.21e-09    7.05e-07
2012 06 07  1730   56085  63000     7.40e-09    6.93e-07
2012 06 07  1731   56085  63060     6.77e-09    6.83e-07
2012 06 07  1732   56085  63120     6.71e-09    6.79e-07
2012 06 07  1733   56085  63180     7.14e-09    6.72e-07
2012 06 07  1734   56085  63240     6.71e-09    6.75e-07
2012 06 07  1735   56085  63300     8.18e-09    6.73e-07
2012 06 07  1736   56085  63360     6.79e-09    6.68e-07
2012 06 07  1737   56085  63420     5.68e-09    6.64e-07
2012 06 07  1738   56085  63480     5.13e-09    6.61e-07
2012 06 07  1739   56085  63540     4.56e-09    6.55e-07
2012 06 07  1740   56085  63600     7.14e-09    6.53e-07
2012 06 07  1741   56085  63660     6.17e-09    6.48e-07
2012 06 07  1742   56085  63720     8.48e-09    6.46e-07
2012 06 07  1743   56085  63780     8.10e-09    6.54e-07
2012 06 07  1744   56085  63840     6.98e-09    6.59e-07
2012 06 07  1745   56085  63900     7.10e-09    6.62e-07
2012 06 07  1746   56085  63960     7.71e-09    6.66e-07
2012 06 07  1747   56085  64020     8.21e-09    6.63e-07
2012 06 07  1748   56085  64080     7.36e-09    6.57e-07
2012 06 07  1749   56085  64140     8.63e-09    6.51e-07
2012 06 07  1750   56085  64200     8.06e-09    6.50e-07
2012 06 07  1751   56085  64260     7.69e-09    6.48e-07
2012 06 07  1752   56085  64320     9.36e-09    6.39e-07
2012 06 07  1753   56085  64380     1.12e-08    6.36e-07
2012 06 07  1754   56085  64440     1.31e-08    6.32e-07
2012 06 07  1755   56085  64500     1.13e-08    6.27e-07
2012 06 07  1756   56085  64560     9.79e-09    6.22e-07
2012 06 07  1757   56085  64620     8.79e-09    6.19e-07
2012 06 07  1758   56085  64680     8.81e-09    6.18e-07
2012 06 07  1759   56085  64740     9.21e-09    6.11e-07
2012 06 07  1800   56085  64800     8.06e-09    6.09e-07
2012 06 07  1801   56085  64860     7.62e-09    6.04e-07
2012 06 07  1802   56085  64920     9.17e-09    6.02e-07
2012 06 07  1803   56085  64980     1.02e-08    5.99e-07
2012 06 07  1804   56085  65040     9.75e-09    5.98e-07
2012 06 07  1805   56085  65100     9.03e-09    6.00e-07
2012 06 07  1806   56085  65160     9.60e-09    6.06e-07
2012 06 07  1807   56085  65220     7.94e-09    6.08e-07
2012 06 07  1808   56085  65280     8.59e-09    6.06e-07
2012 06 07  1809   56085  65340     8.63e-09    6.06e-07
2012 06 07  1810   56085  65400     7.52e-09    6.05e-07
2012 06 07  1811   56085  65460     7.64e-09    6.08e-07
2012 06 07  1812   56085  65520     9.18e-09    6.03e-07
2012 06 07  1813   56085  65580     1.05e-08    6.00e-07
2012 06 07  1814   56085  65640     9.13e-09    5.95e-07
2012 06 07  1815   56085  65700     7.88e-09    5.97e-07
2012 06 07  1816   56085  65760     8.52e-09    6.08e-07
2012 06 07  1817   56085  65820     9.52e-09    6.12e-07
2012 06 07  1818   56085  65880     9.51e-09    6.25e-07
2012 06 07  1819   56085  65940     1.01e-08    6.40e-07
2012 06 07  1820   56085  66000     1.22e-08    6.53e-07
2012 06 07  1821   56085  66060     1.56e-08    6.65e-07
2012 06 07  1822   56085  66120     1.30e-08    6.74e-07
2012 06 07  1823   56085  66180     1.30e-08    6.90e-07
2012 06 07  1824   56085  66240     1.39e-08    7.08e-07
2012 06 07  1825   56085  66300     1.50e-08    7.33e-07
2012 06 07  1826   56085  66360     1.41e-08    7.39e-07
2012 06 07  1827   56085  66420     1.51e-08    7.38e-07
2012 06 07  1828   56085  66480     1.81e-08    7.49e-07
2012 06 07  1829   56085  66540     2.22e-08    7.61e-07
2012 06 07  1830   56085  66600     2.42e-08    7.91e-07
2012 06 07  1831   56085  66660     2.60e-08    8.32e-07
2012 06 07  1832   56085  66720     3.24e-08    8.70e-07
2012 06 07  1833   56085  66780     3.64e-08    9.02e-07
2012 06 07  1834   56085  66840     3.29e-08    8.98e-07
2012 06 07  1835   56085  66900     2.80e-08    8.99e-07
2012 06 07  1836   56085  66960     2.70e-08    8.97e-07
2012 06 07  1837   56085  67020     2.43e-08    8.96e-07
2012 06 07  1838   56085  67080     2.13e-08    8.93e-07
2012 06 07  1839   56085  67140     2.19e-08    8.89e-07
2012 06 07  1840   56085  67200     2.30e-08    8.87e-07
2012 06 07  1841   56085  67260     2.21e-08    8.90e-07
2012 06 07  1842   56085  67320     2.42e-08    8.95e-07
2012 06 07  1843   56085  67380     2.12e-08    9.00e-07
2012 06 07  1844   56085  67440     2.20e-08    8.95e-07
2012 06 07  1845   56085  67500     2.51e-08    8.92e-07
2012 06 07  1846   56085  67560     2.44e-08    8.95e-07
2012 06 07  1847   56085  67620     2.28e-08    8.87e-07
2012 06 07  1848   56085  67680     2.04e-08    8.78e-07
2012 06 07  1849   56085  67740     1.77e-08    8.68e-07
2012 06 07  1850   56085  67800     1.56e-08    8.58e-07
2012 06 07  1851   56085  67860     1.65e-08    8.47e-07
2012 06 07  1852   56085  67920     1.75e-08    8.37e-07
2012 06 07  1853   56085  67980     1.99e-08    8.28e-07
2012 06 07  1854   56085  68040     2.02e-08    8.14e-07
2012 06 07  1855   56085  68100     2.05e-08    8.00e-07
2012 06 07  1856   56085  68160     1.62e-08    7.85e-07
2012 06 07  1857   56085  68220     1.57e-08    7.69e-07
2012 06 07  1858   56085  68280     1.48e-08    7.53e-07
2012 06 07  1859   56085  68340     1.64e-08    7.47e-07
2012 06 07  1900   56085  68400     1.40e-08    7.33e-07
2012 06 07  1901   56085  68460     1.73e-08    7.29e-07
2012 06 07  1902   56085  68520     1.96e-08    7.14e-07
2012 06 07  1903   56085  68580     1.95e-08    7.09e-07
2012 06 07  1904   56085  68640     1.84e-08    6.99e-07
2012 06 07  1905   56085  68700     1.84e-08    6.89e-07
2012 06 07  1906   56085  68760     1.45e-08    6.88e-07
2012 06 07  1907   56085  68820     1.31e-08    6.81e-07
2012 06 07  1908   56085  68880     1.27e-08    6.80e-07
2012 06 07  1909   56085  68940     1.02e-08    6.80e-07
2012 06 07  1910   56085  69000     1.06e-08    6.83e-07
2012 06 07  1911   56085  69060     1.04e-08    6.88e-07
2012 06 07  1912   56085  69120     1.02e-08    6.94e-07
2012 06 07  1913   56085  69180     8.63e-09    6.94e-07
2012 06 07  1914   56085  69240     8.75e-09    6.84e-07
2012 06 07  1915   56085  69300     7.40e-09    6.73e-07
2012 06 07  1916   56085  69360     9.56e-09    6.66e-07
2012 06 07  1917   56085  69420     9.17e-09    6.51e-07
2012 06 07  1918   56085  69480     9.25e-09    6.45e-07
2012 06 07  1919   56085  69540     9.63e-09    6.45e-07
2012 06 07  1920   56085  69600     8.40e-09    6.38e-07
2012 06 07  1921   56085  69660     7.52e-09    6.31e-07
2012 06 07  1922   56085  69720     7.58e-09    6.31e-07
2012 06 07  1923   56085  69780     8.44e-09    6.32e-07
2012 06 07  1924   56085  69840     7.64e-09    6.29e-07
2012 06 07  1925   56085  69900     1.02e-08    6.31e-07
2012 06 07  1926   56085  69960     1.12e-08    6.30e-07
2012 06 07  1927   56085  70020     1.18e-08    6.44e-07
2012 06 07  1928   56085  70080     1.36e-08    6.63e-07
2012 06 07  1929   56085  70140     2.32e-08    7.62e-07
2012 06 07  1930   56085  70200     4.21e-08    9.11e-07
2012 06 07  1931   56085  70260     6.39e-08    1.14e-06
2012 06 07  1932   56085  70320     6.93e-08    1.19e-06
2012 06 07  1933   56085  70380     5.30e-08    1.09e-06
2012 06 07  1934   56085  70440     4.00e-08    1.00e-06
2012 06 07  1935   56085  70500     2.52e-08    9.07e-07
2012 06 07  1936   56085  70560     3.06e-08    9.09e-07
2012 06 07  1937   56085  70620     5.67e-08    1.04e-06
2012 06 07  1938   56085  70680     8.39e-08    1.20e-06
2012 06 07  1939   56085  70740     1.06e-07    1.39e-06
2012 06 07  1940   56085  70800     1.38e-07    1.57e-06
2012 06 07  1941   56085  70860     1.74e-07    1.72e-06
2012 06 07  1942   56085  70920     1.83e-07    1.85e-06
2012 06 07  1943   56085  70980     1.29e-07    1.78e-06
2012 06 07  1944   56085  71040     6.99e-08    1.49e-06
2012 06 07  1945   56085  71100     3.62e-08    1.17e-06
2012 06 07  1946   56085  71160     1.84e-08    9.13e-07
2012 06 07  1947   56085  71220     1.17e-08    7.57e-07
2012 06 07  1948   56085  71280     1.22e-08    6.80e-07
2012 06 07  1949   56085  71340     1.29e-08    6.34e-07
2012 06 07  1950   56085  71400     8.79e-09    6.07e-07
2012 06 07  1951   56085  71460     8.02e-09    5.89e-07
2012 06 07  1952   56085  71520     8.10e-09    5.79e-07
2012 06 07  1953   56085  71580     7.87e-09    5.75e-07
2012 06 07  1954   56085  71640     8.98e-09    5.69e-07
2012 06 07  1955   56085  71700     5.83e-09    5.67e-07
2012 06 07  1956   56085  71760     7.77e-09    5.66e-07
2012 06 07  1957   56085  71820     6.56e-09    5.55e-07
2012 06 07  1958   56085  71880     6.06e-09    5.51e-07
2012 06 07  1959   56085  71940     5.95e-09    5.45e-07
2012 06 07  2000   56085  72000    -1.00e+05   -1.00e+05
2012 06 07  2001   56085  72060    -1.00e+05   -1.00e+05
2012 06 07  2002   56085  72120    -1.00e+05   -1.00e+05
2012 06 07  2003   56085  72180    -1.00e+05   -1.00e+05
2012 06 07  2004   56085  72240    -1.00e+05   -1.00e+05
2012 06 07  2005   56085  72300    -1.00e+05   -1.00e+05
2012 06 07  2006   56085  72360    -1.00e+05   -1.00e+05
2012 06 07  2007   56085  72420    -1.00e+05   -1.00e+05
2012 06 07  2008   56085  72480    -1.00e+05   -1.00e+05
2012 06 07  2009   56085  72540     9.25e-09    5.22e-07
2012 06 07  2010   56085  72600     9.56e-09    5.15e-07
2012 06 07  2011   56085  72660     9.02e-09    5.14e-07
2012 06 07  2012   56085  72720     7.67e-09    5.17e-07
2012 06 07  2013   56085  72780     7.66e-09    5.19e-07
2012 06 07  2014   56085  72840     8.75e-09    5.24e-07
2012 06 07  2015   56085  72900     8.63e-09    5.31e-07
2012 06 07  2016   56085  72960     9.51e-09    5.27e-07
2012 06 07  2017   56085  73020     7.40e-09    5.27e-07
2012 06 07  2018   56085  73080     7.75e-09    5.23e-07
2012 06 07  2019   56085  73140     7.84e-09    5.25e-07
2012 06 07  2020   56085  73200     1.08e-08    5.29e-07
2012 06 07  2021   56085  73260     1.10e-08    5.34e-07
2012 06 07  2022   56085  73320     1.37e-08    5.42e-07
2012 06 07  2023   56085  73380     1.24e-08    5.51e-07
2012 06 07  2024   56085  73440     1.22e-08    5.51e-07
2012 06 07  2025   56085  73500     1.15e-08    5.46e-07
2012 06 07  2026   56085  73560     1.12e-08    5.49e-07
2012 06 07  2027   56085  73620     1.22e-08    5.46e-07
2012 06 07  2028   56085  73680     1.20e-08    5.36e-07
2012 06 07  2029   56085  73740     9.86e-09    5.32e-07
2012 06 07  2030   56085  73800     1.01e-08    5.29e-07
2012 06 07  2031   56085  73860     9.67e-09    5.28e-07
2012 06 07  2032   56085  73920     9.13e-09    5.24e-07
2012 06 07  2033   56085  73980     8.88e-09    5.22e-07
2012 06 07  2034   56085  74040     7.67e-09    5.20e-07
2012 06 07  2035   56085  74100     1.05e-08    5.18e-07
2012 06 07  2036   56085  74160     8.96e-09    5.16e-07
2012 06 07  2037   56085  74220     8.94e-09    5.20e-07
2012 06 07  2038   56085  74280     9.06e-09    5.15e-07
2012 06 07  2039   56085  74340     1.05e-08    5.06e-07
2012 06 07  2040   56085  74400     9.51e-09    5.00e-07
2012 06 07  2041   56085  74460     9.94e-09    5.00e-07
2012 06 07  2042   56085  74520     9.25e-09    4.97e-07
2012 06 07  2043   56085  74580     9.22e-09    4.97e-07
2012 06 07  2044   56085  74640     9.33e-09    4.95e-07
2012 06 07  2045   56085  74700     1.01e-08    5.02e-07
2012 06 07  2046   56085  74760     9.55e-09    5.01e-07
2012 06 07  2047   56085  74820     8.79e-09    4.94e-07
2012 06 07  2048   56085  74880     7.67e-09    5.00e-07
2012 06 07  2049   56085  74940     8.14e-09    5.02e-07
2012 06 07  2050   56085  75000     8.25e-09    5.06e-07
2012 06 07  2051   56085  75060     8.71e-09    5.12e-07
2012 06 07  2052   56085  75120     1.01e-08    5.12e-07
2012 06 07  2053   56085  75180     9.66e-09    5.12e-07
2012 06 07  2054   56085  75240     1.10e-08    5.14e-07
2012 06 07  2055   56085  75300     8.67e-09    5.15e-07
2012 06 07  2056   56085  75360     8.81e-09    5.16e-07
2012 06 07  2057   56085  75420     8.14e-09    5.18e-07
2012 06 07  2058   56085  75480     7.29e-09    5.05e-07
2012 06 07  2059   56085  75540     6.94e-09    4.97e-07
2012 06 07  2100   56085  75600     8.59e-09    4.97e-07
2012 06 07  2101   56085  75660     9.06e-09    4.94e-07
2012 06 07  2102   56085  75720     8.87e-09    5.02e-07
2012 06 07  2103   56085  75780     9.63e-09    5.02e-07
2012 06 07  2104   56085  75840     9.10e-09    5.03e-07
2012 06 07  2105   56085  75900     1.14e-08    4.97e-07
2012 06 07  2106   56085  75960     9.63e-09    4.97e-07
2012 06 07  2107   56085  76020     1.25e-08    4.93e-07
2012 06 07  2108   56085  76080     9.60e-09    4.93e-07
2012 06 07  2109   56085  76140     8.94e-09    4.94e-07
2012 06 07  2110   56085  76200     8.62e-09    4.97e-07
2012 06 07  2111   56085  76260     8.71e-09    5.03e-07
2012 06 07  2112   56085  76320     8.14e-09    5.06e-07
2012 06 07  2113   56085  76380     8.44e-09    5.12e-07
2012 06 07  2114   56085  76440     9.44e-09    5.14e-07
2012 06 07  2115   56085  76500     9.94e-09    5.09e-07
2012 06 07  2116   56085  76560     1.01e-08    5.09e-07
2012 06 07  2117   56085  76620     8.92e-09    5.09e-07
2012 06 07  2118   56085  76680     9.75e-09    5.13e-07
2012 06 07  2119   56085  76740     9.25e-09    5.18e-07
2012 06 07  2120   56085  76800     9.29e-09    5.18e-07
2012 06 07  2121   56085  76860     8.98e-09    5.18e-07
2012 06 07  2122   56085  76920     1.01e-08    5.13e-07
2012 06 07  2123   56085  76980     1.03e-08    5.22e-07
2012 06 07  2124   56085  77040     9.21e-09    5.24e-07
2012 06 07  2125   56085  77100     9.52e-09    5.35e-07
2012 06 07  2126   56085  77160     1.17e-08    5.38e-07
2012 06 07  2127   56085  77220     1.05e-08    5.32e-07
2012 06 07  2128   56085  77280     9.44e-09    5.31e-07
2012 06 07  2129   56085  77340     7.25e-09    5.30e-07
2012 06 07  2130   56085  77400     7.10e-09    5.32e-07
2012 06 07  2131   56085  77460     8.25e-09    5.36e-07
2012 06 07  2132   56085  77520     1.06e-08    5.43e-07
2012 06 07  2133   56085  77580     1.24e-08    5.50e-07
2012 06 07  2134   56085  77640     1.17e-08    5.53e-07
2012 06 07  2135   56085  77700     1.37e-08    5.53e-07
2012 06 07  2136   56085  77760     1.16e-08    5.52e-07
2012 06 07  2137   56085  77820     1.32e-08    5.51e-07
2012 06 07  2138   56085  77880     1.19e-08    5.48e-07
2012 06 07  2139   56085  77940     1.17e-08    5.47e-07
2012 06 07  2140   56085  78000     1.24e-08    5.47e-07
2012 06 07  2141   56085  78060     8.44e-09    5.44e-07
2012 06 07  2142   56085  78120     6.44e-09    5.44e-07
2012 06 07  2143   56085  78180     7.25e-09    5.46e-07
2012 06 07  2144   56085  78240     7.92e-09    5.52e-07
2012 06 07  2145   56085  78300     8.40e-09    5.62e-07
2012 06 07  2146   56085  78360     8.90e-09    5.66e-07
2012 06 07  2147   56085  78420     1.00e-08    5.76e-07
2012 06 07  2148   56085  78480     1.35e-08    6.31e-07
2012 06 07  2149   56085  78540     1.81e-08    7.01e-07
2012 06 07  2150   56085  78600     1.80e-08    7.05e-07
2012 06 07  2151   56085  78660     1.72e-08    6.63e-07
2012 06 07  2152   56085  78720     1.29e-08    6.46e-07
2012 06 07  2153   56085  78780     1.13e-08    6.30e-07
2012 06 07  2154   56085  78840     1.04e-08    6.14e-07
2012 06 07  2155   56085  78900     9.94e-09    6.04e-07
2012 06 07  2156   56085  78960     1.47e-08    6.45e-07
2012 06 07  2157   56085  79020     1.64e-08    7.10e-07
2012 06 07  2158   56085  79080     1.52e-08    6.81e-07
2012 06 07  2159   56085  79140     1.11e-08    6.38e-07
2012 06 07  2200   56085  79200     1.25e-08    6.22e-07
2012 06 07  2201   56085  79260     1.48e-08    6.19e-07
2012 06 07  2202   56085  79320     1.44e-08    6.25e-07
2012 06 07  2203   56085  79380     1.39e-08    6.19e-07
2012 06 07  2204   56085  79440     8.59e-09    6.07e-07
2012 06 07  2205   56085  79500     9.17e-09    5.98e-07
2012 06 07  2206   56085  79560     8.44e-09    5.80e-07
2012 06 07  2207   56085  79620     8.62e-09    5.76e-07
2012 06 07  2208   56085  79680     7.71e-09    5.71e-07
2012 06 07  2209   56085  79740     6.91e-09    5.64e-07
2012 06 07  2210   56085  79800     6.64e-09    5.64e-07
2012 06 07  2211   56085  79860     8.51e-09    5.78e-07
2012 06 07  2212   56085  79920     9.56e-09    5.93e-07
2012 06 07  2213   56085  79980     1.30e-08    6.13e-07
2012 06 07  2214   56085  80040     1.49e-08    6.32e-07
2012 06 07  2215   56085  80100     1.82e-08    6.59e-07
2012 06 07  2216   56085  80160     1.84e-08    6.76e-07
2012 06 07  2217   56085  80220     1.96e-08    6.84e-07
2012 06 07  2218   56085  80280     2.11e-08    6.99e-07
2012 06 07  2219   56085  80340     1.90e-08    7.02e-07
2012 06 07  2220   56085  80400     1.81e-08    7.08e-07
2012 06 07  2221   56085  80460     1.64e-08    7.00e-07
2012 06 07  2222   56085  80520     1.35e-08    6.86e-07
2012 06 07  2223   56085  80580     1.29e-08    6.84e-07
2012 06 07  2224   56085  80640     1.44e-08    6.89e-07
2012 06 07  2225   56085  80700     1.74e-08    7.18e-07
2012 06 07  2226   56085  80760     2.50e-08    8.02e-07
2012 06 07  2227   56085  80820     3.41e-08    9.12e-07
2012 06 07  2228   56085  80880     3.78e-08    9.83e-07
2012 06 07  2229   56085  80940     4.66e-08    1.06e-06
2012 06 07  2230   56085  81000     5.24e-08    1.13e-06
2012 06 07  2231   56085  81060     5.05e-08    1.17e-06
2012 06 07  2232   56085  81120     4.55e-08    1.17e-06
2012 06 07  2233   56085  81180     3.90e-08    1.13e-06
2012 06 07  2234   56085  81240     3.55e-08    1.08e-06
2012 06 07  2235   56085  81300     3.08e-08    1.02e-06
2012 06 07  2236   56085  81360     2.53e-08    9.64e-07
2012 06 07  2237   56085  81420     2.13e-08    9.15e-07
2012 06 07  2238   56085  81480     1.92e-08    8.77e-07
2012 06 07  2239   56085  81540     4.12e-08    1.11e-06
2012 06 07  2240   56085  81600     5.79e-08    1.43e-06
2012 06 07  2241   56085  81660     2.81e-08    1.06e-06
2012 06 07  2242   56085  81720     3.00e-08    1.03e-06
2012 06 07  2243   56085  81780     2.65e-08    9.72e-07
2012 06 07  2244   56085  81840     2.01e-08    8.90e-07
2012 06 07  2245   56085  81900     2.02e-08    8.35e-07
2012 06 07  2246   56085  81960     1.47e-08    7.84e-07
2012 06 07  2247   56085  82020     1.23e-08    7.43e-07
2012 06 07  2248   56085  82080     1.15e-08    7.14e-07
2012 06 07  2249   56085  82140     1.46e-08    7.00e-07
2012 06 07  2250   56085  82200     1.39e-08    6.79e-07
2012 06 07  2251   56085  82260     1.32e-08    6.63e-07
2012 06 07  2252   56085  82320     1.33e-08    6.51e-07
2012 06 07  2253   56085  82380     1.41e-08    6.37e-07
2012 06 07  2254   56085  82440     1.05e-08    6.26e-07
2012 06 07  2255   56085  82500     6.67e-09    6.20e-07
2012 06 07  2256   56085  82560     8.48e-09    6.22e-07
2012 06 07  2257   56085  82620     8.67e-09    6.19e-07
2012 06 07  2258   56085  82680     8.14e-09    6.15e-07
2012 06 07  2259   56085  82740     7.52e-09    6.17e-07
2012 06 07  2300   56085  82800     7.25e-09    6.11e-07
2012 06 07  2301   56085  82860     8.51e-09    6.10e-07
2012 06 07  2302   56085  82920     7.25e-09    6.08e-07
2012 06 07  2303   56085  82980     8.02e-09    6.06e-07
2012 06 07  2304   56085  83040     7.88e-09    6.08e-07
2012 06 07  2305   56085  83100     9.36e-09    6.05e-07
2012 06 07  2306   56085  83160     7.17e-09    6.00e-07
2012 06 07  2307   56085  83220     9.29e-09    5.89e-07
2012 06 07  2308   56085  83280     8.14e-09    5.82e-07
2012 06 07  2309   56085  83340     8.33e-09    5.76e-07
2012 06 07  2310   56085  83400     1.01e-08    5.70e-07
2012 06 07  2311   56085  83460     7.51e-09    5.65e-07
2012 06 07  2312   56085  83520     6.83e-09    5.68e-07
2012 06 07  2313   56085  83580     7.83e-09    5.66e-07
2012 06 07  2314   56085  83640     9.18e-09    5.61e-07
2012 06 07  2315   56085  83700     1.02e-08    5.58e-07
2012 06 07  2316   56085  83760     8.63e-09    5.56e-07
2012 06 07  2317   56085  83820     8.25e-09    5.53e-07
2012 06 07  2318   56085  83880     6.99e-09    5.53e-07
2012 06 07  2319   56085  83940     7.75e-09    5.55e-07
2012 06 07  2320   56085  84000     7.33e-09    5.53e-07
2012 06 07  2321   56085  84060     5.65e-09    5.52e-07
2012 06 07  2322   56085  84120     6.37e-09    5.50e-07
2012 06 07  2323   56085  84180     5.98e-09    5.47e-07
2012 06 07  2324   56085  84240     6.71e-09    5.54e-07
2012 06 07  2325   56085  84300     6.77e-09    5.57e-07
2012 06 07  2326   56085  84360     7.14e-09    5.54e-07
2012 06 07  2327   56085  84420     7.33e-09    5.44e-07
2012 06 07  2328   56085  84480     7.25e-09    5.32e-07
2012 06 07  2329   56085  84540     5.18e-09    5.32e-07
2012 06 07  2330   56085  84600     6.60e-09    5.27e-07
2012 06 07  2331   56085  84660     6.32e-09    5.21e-07
2012 06 07  2332   56085  84720     9.21e-09    5.17e-07
2012 06 07  2333   56085  84780     8.83e-09    5.16e-07
2012 06 07  2334   56085  84840     6.06e-09    5.24e-07
2012 06 07  2335   56085  84900     7.99e-09    5.40e-07
2012 06 07  2336   56085  84960     8.37e-09    5.60e-07
2012 06 07  2337   56085  85020     9.29e-09    5.70e-07
2012 06 07  2338   56085  85080     1.24e-08    5.82e-07
2012 06 07  2339   56085  85140     1.18e-08    6.12e-07
2012 06 07  2340   56085  85200     1.24e-08    6.46e-07
2012 06 07  2341   56085  85260     1.33e-08    6.70e-07
2012 06 07  2342   56085  85320     1.26e-08    6.93e-07
2012 06 07  2343   56085  85380     1.32e-08    7.04e-07
2012 06 07  2344   56085  85440     1.66e-08    7.13e-07
2012 06 07  2345   56085  85500     1.66e-08    7.16e-07
2012 06 07  2346   56085  85560     1.45e-08    7.13e-07
2012 06 07  2347   56085  85620     1.68e-08    7.08e-07
2012 06 07  2348   56085  85680     1.68e-08    7.07e-07
2012 06 07  2349   56085  85740     1.47e-08    7.05e-07
2012 06 07  2350   56085  85800     1.33e-08    7.05e-07
2012 06 07  2351   56085  85860     1.33e-08    7.00e-07
2012 06 07  2352   56085  85920     1.20e-08    6.88e-07
2012 06 07  2353   56085  85980     9.17e-09    6.77e-07
2012 06 07  2354   56085  86040     8.63e-09    6.69e-07
2012 06 07  2355   56085  86100     8.18e-09    6.69e-07
2012 06 07  2356   56085  86160     9.02e-09    6.76e-07
2012 06 07  2357   56085  86220     7.90e-09    6.70e-07
2012 06 07  2358   56085  86280     1.21e-08    6.67e-07
2012 06 07  2359   56085  86340     9.60e-09    6.62e-07
