:Data_list: 20120627_Gp_xr_1m.txt
:Created: 2012 Jun 28 0010 UTC
# Prepared by the U.S. Dept. of Commerce, NOAA, Space Weather Prediction Center
# Please send comments and suggestions to SWPC.Webmaster@noaa.gov 
# 
# Label: Short = 0.05- 0.4 nanometer
# Label: Long  = 0.1 - 0.8 nanometer
# Units: Short = Watts per meter squared
# Units: Long  = Watts per meter squared
# Source: GOES-15
# Location: W135
# Missing data: -1.00e+05
#
#         1-minute GOES-15 Solar X-ray Flux
# 
#                 Modified Seconds
# UTC Date  Time   Julian  of the
# YR MO DA  HHMM    Day     Day       Short       Long
#-------------------------------------------------------
2012 06 27  0000   56105      0     1.22e-09    3.10e-07
2012 06 27  0001   56105     60     1.15e-09    3.08e-07
2012 06 27  0002   56105    120     1.90e-09    3.08e-07
2012 06 27  0003   56105    180     1.51e-09    3.04e-07
2012 06 27  0004   56105    240     3.05e-09    2.98e-07
2012 06 27  0005   56105    300     1.22e-09    2.95e-07
2012 06 27  0006   56105    360     1.00e-09    2.96e-07
2012 06 27  0007   56105    420     1.23e-09    2.98e-07
2012 06 27  0008   56105    480     2.15e-09    2.93e-07
2012 06 27  0009   56105    540     1.83e-09    2.97e-07
2012 06 27  0010   56105    600     2.27e-09    2.99e-07
2012 06 27  0011   56105    660     2.83e-09    3.09e-07
2012 06 27  0012   56105    720     1.08e-09    3.26e-07
2012 06 27  0013   56105    780     1.54e-09    3.40e-07
2012 06 27  0014   56105    840     2.63e-09    3.58e-07
2012 06 27  0015   56105    900     2.87e-09    3.60e-07
2012 06 27  0016   56105    960     2.09e-09    3.61e-07
2012 06 27  0017   56105   1020     2.43e-09    3.59e-07
2012 06 27  0018   56105   1080     2.12e-09    3.53e-07
2012 06 27  0019   56105   1140     1.97e-09    3.48e-07
2012 06 27  0020   56105   1200     2.50e-09    3.54e-07
2012 06 27  0021   56105   1260     3.18e-09    3.66e-07
2012 06 27  0022   56105   1320     5.84e-09    3.79e-07
2012 06 27  0023   56105   1380     5.21e-09    3.85e-07
2012 06 27  0024   56105   1440     3.06e-09    3.88e-07
2012 06 27  0025   56105   1500     2.00e-09    3.88e-07
2012 06 27  0026   56105   1560     1.55e-09    3.90e-07
2012 06 27  0027   56105   1620     2.46e-09    3.81e-07
2012 06 27  0028   56105   1680     1.82e-09    3.72e-07
2012 06 27  0029   56105   1740     1.47e-09    3.74e-07
2012 06 27  0030   56105   1800     1.96e-09    3.82e-07
2012 06 27  0031   56105   1860     2.10e-09    3.99e-07
2012 06 27  0032   56105   1920     1.93e-09    4.08e-07
2012 06 27  0033   56105   1980     1.24e-09    4.06e-07
2012 06 27  0034   56105   2040     1.91e-09    3.98e-07
2012 06 27  0035   56105   2100     1.16e-09    3.94e-07
2012 06 27  0036   56105   2160     1.04e-09    3.97e-07
2012 06 27  0037   56105   2220     2.33e-09    4.10e-07
2012 06 27  0038   56105   2280     2.99e-09    4.26e-07
2012 06 27  0039   56105   2340     5.58e-09    4.41e-07
2012 06 27  0040   56105   2400     3.79e-09    4.53e-07
2012 06 27  0041   56105   2460     7.87e-09    4.69e-07
2012 06 27  0042   56105   2520     9.59e-09    5.00e-07
2012 06 27  0043   56105   2580     1.48e-08    5.45e-07
2012 06 27  0044   56105   2640     1.91e-08    5.63e-07
2012 06 27  0045   56105   2700     1.88e-08    5.68e-07
2012 06 27  0046   56105   2760     1.65e-08    5.70e-07
2012 06 27  0047   56105   2820     1.31e-08    5.67e-07
2012 06 27  0048   56105   2880     1.56e-08    5.70e-07
2012 06 27  0049   56105   2940     1.82e-08    5.75e-07
2012 06 27  0050   56105   3000     1.73e-08    5.79e-07
2012 06 27  0051   56105   3060     1.66e-08    5.81e-07
2012 06 27  0052   56105   3120     1.42e-08    5.74e-07
2012 06 27  0053   56105   3180     1.23e-08    5.47e-07
2012 06 27  0054   56105   3240     1.08e-08    5.26e-07
2012 06 27  0055   56105   3300     8.60e-09    5.10e-07
2012 06 27  0056   56105   3360     5.73e-09    5.04e-07
2012 06 27  0057   56105   3420     5.21e-09    4.89e-07
2012 06 27  0058   56105   3480     5.48e-09    4.83e-07
2012 06 27  0059   56105   3540     6.77e-09    4.78e-07
2012 06 27  0100   56105   3600     7.60e-09    4.69e-07
2012 06 27  0101   56105   3660     5.94e-09    4.61e-07
2012 06 27  0102   56105   3720     7.51e-09    4.62e-07
2012 06 27  0103   56105   3780     4.83e-09    4.65e-07
2012 06 27  0104   56105   3840     5.83e-09    4.53e-07
2012 06 27  0105   56105   3900     5.37e-09    4.40e-07
2012 06 27  0106   56105   3960     5.54e-09    4.34e-07
2012 06 27  0107   56105   4020     5.48e-09    4.27e-07
2012 06 27  0108   56105   4080     3.83e-09    4.21e-07
2012 06 27  0109   56105   4140     3.83e-09    4.17e-07
2012 06 27  0110   56105   4200     3.43e-09    4.09e-07
2012 06 27  0111   56105   4260     3.33e-09    4.00e-07
2012 06 27  0112   56105   4320     4.41e-09    3.92e-07
2012 06 27  0113   56105   4380     4.07e-09    3.88e-07
2012 06 27  0114   56105   4440     2.48e-09    3.89e-07
2012 06 27  0115   56105   4500     2.93e-09    3.82e-07
2012 06 27  0116   56105   4560     4.50e-09    3.84e-07
2012 06 27  0117   56105   4620     2.31e-09    3.79e-07
2012 06 27  0118   56105   4680     1.27e-09    3.70e-07
2012 06 27  0119   56105   4740     1.33e-09    3.58e-07
2012 06 27  0120   56105   4800     1.79e-09    3.51e-07
2012 06 27  0121   56105   4860     1.08e-09    3.54e-07
2012 06 27  0122   56105   4920     1.38e-09    3.61e-07
2012 06 27  0123   56105   4980     1.22e-09    3.57e-07
2012 06 27  0124   56105   5040     1.17e-09    3.58e-07
2012 06 27  0125   56105   5100     2.46e-09    3.54e-07
2012 06 27  0126   56105   5160     1.23e-09    3.50e-07
2012 06 27  0127   56105   5220     1.28e-09    3.35e-07
2012 06 27  0128   56105   5280     1.52e-09    3.29e-07
2012 06 27  0129   56105   5340     2.08e-09    3.22e-07
2012 06 27  0130   56105   5400     1.12e-09    3.25e-07
2012 06 27  0131   56105   5460     1.22e-09    3.26e-07
2012 06 27  0132   56105   5520     1.02e-09    3.24e-07
2012 06 27  0133   56105   5580     2.56e-09    3.21e-07
2012 06 27  0134   56105   5640     1.37e-09    3.16e-07
2012 06 27  0135   56105   5700     1.78e-09    3.11e-07
2012 06 27  0136   56105   5760     1.06e-09    3.09e-07
2012 06 27  0137   56105   5820     1.21e-09    3.09e-07
2012 06 27  0138   56105   5880     1.44e-09    3.08e-07
2012 06 27  0139   56105   5940     1.08e-09    3.15e-07
2012 06 27  0140   56105   6000     1.19e-09    3.20e-07
2012 06 27  0141   56105   6060     2.78e-09    3.46e-07
2012 06 27  0142   56105   6120     1.06e-08    4.15e-07
2012 06 27  0143   56105   6180     2.04e-08    5.14e-07
2012 06 27  0144   56105   6240     3.71e-08    6.24e-07
2012 06 27  0145   56105   6300     4.36e-08    7.22e-07
2012 06 27  0146   56105   6360     4.91e-08    7.99e-07
2012 06 27  0147   56105   6420     5.12e-08    8.44e-07
2012 06 27  0148   56105   6480     4.59e-08    8.63e-07
2012 06 27  0149   56105   6540     4.56e-08    8.84e-07
2012 06 27  0150   56105   6600     4.54e-08    8.97e-07
2012 06 27  0151   56105   6660     4.19e-08    8.87e-07
2012 06 27  0152   56105   6720     3.58e-08    8.70e-07
2012 06 27  0153   56105   6780     3.08e-08    8.51e-07
2012 06 27  0154   56105   6840     2.72e-08    8.26e-07
2012 06 27  0155   56105   6900     2.27e-08    7.89e-07
2012 06 27  0156   56105   6960     1.76e-08    7.51e-07
2012 06 27  0157   56105   7020     1.57e-08    7.07e-07
2012 06 27  0158   56105   7080     1.16e-08    6.62e-07
2012 06 27  0159   56105   7140     6.44e-09    6.21e-07
2012 06 27  0200   56105   7200     4.29e-09    5.78e-07
2012 06 27  0201   56105   7260     3.14e-09    5.40e-07
2012 06 27  0202   56105   7320     3.33e-09    5.13e-07
2012 06 27  0203   56105   7380     3.94e-09    4.90e-07
2012 06 27  0204   56105   7440     3.49e-09    4.77e-07
2012 06 27  0205   56105   7500     5.79e-09    4.67e-07
2012 06 27  0206   56105   7560     4.98e-09    4.58e-07
2012 06 27  0207   56105   7620     3.43e-09    4.43e-07
2012 06 27  0208   56105   7680     2.27e-09    4.28e-07
2012 06 27  0209   56105   7740     3.18e-09    4.18e-07
2012 06 27  0210   56105   7800     3.16e-09    4.13e-07
2012 06 27  0211   56105   7860     3.33e-09    4.12e-07
2012 06 27  0212   56105   7920     2.68e-09    4.14e-07
2012 06 27  0213   56105   7980     2.82e-09    4.13e-07
2012 06 27  0214   56105   8040     6.83e-09    4.27e-07
2012 06 27  0215   56105   8100     4.64e-09    4.39e-07
2012 06 27  0216   56105   8160     3.64e-09    4.46e-07
2012 06 27  0217   56105   8220     5.17e-09    4.45e-07
2012 06 27  0218   56105   8280     2.69e-09    4.43e-07
2012 06 27  0219   56105   8340     2.25e-09    4.39e-07
2012 06 27  0220   56105   8400     2.34e-09    4.30e-07
2012 06 27  0221   56105   8460     1.61e-09    4.24e-07
2012 06 27  0222   56105   8520     1.06e-09    4.21e-07
2012 06 27  0223   56105   8580     1.00e-09    4.15e-07
2012 06 27  0224   56105   8640     1.08e-09    4.06e-07
2012 06 27  0225   56105   8700     1.49e-09    3.99e-07
2012 06 27  0226   56105   8760     1.00e-09    3.93e-07
2012 06 27  0227   56105   8820     1.06e-09    3.92e-07
2012 06 27  0228   56105   8880     2.93e-09    4.02e-07
2012 06 27  0229   56105   8940     1.31e-09    3.96e-07
2012 06 27  0230   56105   9000     1.18e-09    3.84e-07
2012 06 27  0231   56105   9060     1.46e-09    3.77e-07
2012 06 27  0232   56105   9120     1.58e-09    3.74e-07
2012 06 27  0233   56105   9180     3.07e-09    3.66e-07
2012 06 27  0234   56105   9240     1.02e-09    3.57e-07
2012 06 27  0235   56105   9300     1.00e-09    3.50e-07
2012 06 27  0236   56105   9360     1.72e-09    3.50e-07
2012 06 27  0237   56105   9420     2.52e-09    3.43e-07
2012 06 27  0238   56105   9480     1.37e-09    3.47e-07
2012 06 27  0239   56105   9540     6.56e-09    3.87e-07
2012 06 27  0240   56105   9600     9.77e-09    4.24e-07
2012 06 27  0241   56105   9660     7.48e-09    4.22e-07
2012 06 27  0242   56105   9720     6.14e-09    4.12e-07
2012 06 27  0243   56105   9780     5.06e-09    4.01e-07
2012 06 27  0244   56105   9840     3.35e-09    3.90e-07
2012 06 27  0245   56105   9900     3.87e-09    3.84e-07
2012 06 27  0246   56105   9960     5.33e-09    3.92e-07
2012 06 27  0247   56105  10020     5.09e-09    3.84e-07
2012 06 27  0248   56105  10080     2.04e-09    3.76e-07
2012 06 27  0249   56105  10140     2.29e-09    3.66e-07
2012 06 27  0250   56105  10200     3.61e-09    3.69e-07
2012 06 27  0251   56105  10260     2.36e-09    3.76e-07
2012 06 27  0252   56105  10320     2.85e-09    3.87e-07
2012 06 27  0253   56105  10380     7.21e-09    4.28e-07
2012 06 27  0254   56105  10440     1.23e-08    4.72e-07
2012 06 27  0255   56105  10500     1.09e-08    4.75e-07
2012 06 27  0256   56105  10560     9.44e-09    4.69e-07
2012 06 27  0257   56105  10620     6.73e-09    4.62e-07
2012 06 27  0258   56105  10680     5.06e-09    4.45e-07
2012 06 27  0259   56105  10740     7.48e-09    4.69e-07
2012 06 27  0300   56105  10800     1.34e-08    5.48e-07
2012 06 27  0301   56105  10860     2.28e-08    6.64e-07
2012 06 27  0302   56105  10920     2.68e-08    7.41e-07
2012 06 27  0303   56105  10980     2.53e-08    7.75e-07
2012 06 27  0304   56105  11040     2.15e-08    7.66e-07
2012 06 27  0305   56105  11100     2.07e-08    7.55e-07
2012 06 27  0306   56105  11160     1.99e-08    7.28e-07
2012 06 27  0307   56105  11220     1.68e-08    6.99e-07
2012 06 27  0308   56105  11280     1.36e-08    6.62e-07
2012 06 27  0309   56105  11340     1.21e-08    6.18e-07
2012 06 27  0310   56105  11400     8.96e-09    5.80e-07
2012 06 27  0311   56105  11460     6.94e-09    5.59e-07
2012 06 27  0312   56105  11520     6.44e-09    5.31e-07
2012 06 27  0313   56105  11580     5.79e-09    5.12e-07
2012 06 27  0314   56105  11640     5.50e-09    4.95e-07
2012 06 27  0315   56105  11700     5.33e-09    4.74e-07
2012 06 27  0316   56105  11760     2.32e-09    4.53e-07
2012 06 27  0317   56105  11820     1.93e-09    4.34e-07
2012 06 27  0318   56105  11880     1.34e-09    4.16e-07
2012 06 27  0319   56105  11940     1.19e-09    4.07e-07
2012 06 27  0320   56105  12000     1.12e-09    3.96e-07
2012 06 27  0321   56105  12060     1.02e-09    3.82e-07
2012 06 27  0322   56105  12120     1.44e-09    3.78e-07
2012 06 27  0323   56105  12180     1.96e-09    3.78e-07
2012 06 27  0324   56105  12240     2.23e-09    3.71e-07
2012 06 27  0325   56105  12300     2.44e-09    3.65e-07
2012 06 27  0326   56105  12360     2.26e-09    3.65e-07
2012 06 27  0327   56105  12420     1.28e-09    3.70e-07
2012 06 27  0328   56105  12480     1.54e-09    3.73e-07
2012 06 27  0329   56105  12540     1.65e-09    3.73e-07
2012 06 27  0330   56105  12600     1.24e-09    3.63e-07
2012 06 27  0331   56105  12660     1.73e-09    3.63e-07
2012 06 27  0332   56105  12720     2.43e-09    3.59e-07
2012 06 27  0333   56105  12780     1.93e-09    3.58e-07
2012 06 27  0334   56105  12840     1.04e-09    3.57e-07
2012 06 27  0335   56105  12900     1.00e-09    3.55e-07
2012 06 27  0336   56105  12960     1.42e-09    3.55e-07
2012 06 27  0337   56105  13020     1.20e-09    3.61e-07
2012 06 27  0338   56105  13080     1.36e-09    3.62e-07
2012 06 27  0339   56105  13140     1.28e-09    3.78e-07
2012 06 27  0340   56105  13200     2.02e-09    3.88e-07
2012 06 27  0341   56105  13260     1.16e-09    3.98e-07
2012 06 27  0342   56105  13320     1.58e-09    3.92e-07
2012 06 27  0343   56105  13380     1.65e-09    3.90e-07
2012 06 27  0344   56105  13440     2.49e-09    3.92e-07
2012 06 27  0345   56105  13500     2.60e-09    3.99e-07
2012 06 27  0346   56105  13560     4.41e-09    4.28e-07
2012 06 27  0347   56105  13620     4.64e-09    4.30e-07
2012 06 27  0348   56105  13680     3.16e-09    4.28e-07
2012 06 27  0349   56105  13740     2.50e-09    4.21e-07
2012 06 27  0350   56105  13800     1.65e-09    4.16e-07
2012 06 27  0351   56105  13860     1.82e-09    4.11e-07
2012 06 27  0352   56105  13920     1.17e-09    3.97e-07
2012 06 27  0353   56105  13980     3.03e-09    3.91e-07
2012 06 27  0354   56105  14040     1.88e-09    3.96e-07
2012 06 27  0355   56105  14100     1.49e-09    4.00e-07
2012 06 27  0356   56105  14160     1.57e-09    4.04e-07
2012 06 27  0357   56105  14220     2.08e-09    3.98e-07
2012 06 27  0358   56105  14280     5.15e-09    3.95e-07
2012 06 27  0359   56105  14340     3.06e-09    3.91e-07
2012 06 27  0400   56105  14400     2.52e-09    3.88e-07
2012 06 27  0401   56105  14460     1.28e-09    3.83e-07
2012 06 27  0402   56105  14520     2.01e-09    3.73e-07
2012 06 27  0403   56105  14580     1.15e-09    3.65e-07
2012 06 27  0404   56105  14640     1.57e-09    3.59e-07
2012 06 27  0405   56105  14700     1.97e-09    3.58e-07
2012 06 27  0406   56105  14760     1.26e-09    3.57e-07
2012 06 27  0407   56105  14820     1.08e-09    3.63e-07
2012 06 27  0408   56105  14880     1.26e-09    3.72e-07
2012 06 27  0409   56105  14940     1.40e-09    3.89e-07
2012 06 27  0410   56105  15000     4.45e-09    3.91e-07
2012 06 27  0411   56105  15060     2.77e-09    3.78e-07
2012 06 27  0412   56105  15120     1.52e-09    3.70e-07
2012 06 27  0413   56105  15180     1.00e-09    3.59e-07
2012 06 27  0414   56105  15240     1.04e-09    3.51e-07
2012 06 27  0415   56105  15300     1.24e-09    3.43e-07
2012 06 27  0416   56105  15360     1.67e-09    3.38e-07
2012 06 27  0417   56105  15420     1.28e-09    3.40e-07
2012 06 27  0418   56105  15480     1.30e-09    3.36e-07
2012 06 27  0419   56105  15540     1.12e-09    3.32e-07
2012 06 27  0420   56105  15600     1.00e-09    3.33e-07
2012 06 27  0421   56105  15660     1.00e-09    3.30e-07
2012 06 27  0422   56105  15720     1.08e-09    3.24e-07
2012 06 27  0423   56105  15780     1.00e-09    3.24e-07
2012 06 27  0424   56105  15840     2.04e-09    3.18e-07
2012 06 27  0425   56105  15900     1.34e-09    3.21e-07
2012 06 27  0426   56105  15960     2.85e-09    3.23e-07
2012 06 27  0427   56105  16020     5.18e-09    3.21e-07
2012 06 27  0428   56105  16080     3.76e-09    3.19e-07
2012 06 27  0429   56105  16140     3.67e-09    3.18e-07
2012 06 27  0430   56105  16200     1.77e-09    3.21e-07
2012 06 27  0431   56105  16260     4.24e-09    3.18e-07
2012 06 27  0432   56105  16320     3.34e-09    3.20e-07
2012 06 27  0433   56105  16380     1.24e-09    3.24e-07
2012 06 27  0434   56105  16440     1.08e-09    3.25e-07
2012 06 27  0435   56105  16500     2.62e-09    3.16e-07
2012 06 27  0436   56105  16560     1.45e-09    3.07e-07
2012 06 27  0437   56105  16620     1.29e-09    3.00e-07
2012 06 27  0438   56105  16680     2.75e-09    3.01e-07
2012 06 27  0439   56105  16740     1.53e-09    2.97e-07
2012 06 27  0440   56105  16800     2.81e-09    2.99e-07
2012 06 27  0441   56105  16860     1.35e-09    3.04e-07
2012 06 27  0442   56105  16920     1.04e-09    3.19e-07
2012 06 27  0443   56105  16980     1.00e-09    3.19e-07
2012 06 27  0444   56105  17040     1.31e-09    3.23e-07
2012 06 27  0445   56105  17100     1.22e-09    3.23e-07
2012 06 27  0446   56105  17160     1.10e-09    3.27e-07
2012 06 27  0447   56105  17220     1.00e-09    3.33e-07
2012 06 27  0448   56105  17280     1.00e-09    3.44e-07
2012 06 27  0449   56105  17340     1.04e-09    3.64e-07
2012 06 27  0450   56105  17400     1.06e-09    3.93e-07
2012 06 27  0451   56105  17460     2.49e-09    4.18e-07
2012 06 27  0452   56105  17520     4.35e-09    4.36e-07
2012 06 27  0453   56105  17580     5.37e-09    4.66e-07
2012 06 27  0454   56105  17640     8.67e-09    4.87e-07
2012 06 27  0455   56105  17700     5.95e-09    4.89e-07
2012 06 27  0456   56105  17760     5.33e-09    4.91e-07
2012 06 27  0457   56105  17820     3.22e-09    4.90e-07
2012 06 27  0458   56105  17880     3.49e-09    4.87e-07
2012 06 27  0459   56105  17940     2.79e-09    4.83e-07
2012 06 27  0500   56105  18000     4.71e-09    4.92e-07
2012 06 27  0501   56105  18060     5.75e-09    4.89e-07
2012 06 27  0502   56105  18120     5.28e-09    4.73e-07
2012 06 27  0503   56105  18180     3.87e-09    4.54e-07
2012 06 27  0504   56105  18240     6.02e-09    4.52e-07
2012 06 27  0505   56105  18300     4.05e-09    4.63e-07
2012 06 27  0506   56105  18360     6.02e-09    4.75e-07
2012 06 27  0507   56105  18420     7.60e-09    4.83e-07
2012 06 27  0508   56105  18480     8.07e-09    4.88e-07
2012 06 27  0509   56105  18540     8.14e-09    4.88e-07
2012 06 27  0510   56105  18600     7.75e-09    4.91e-07
2012 06 27  0511   56105  18660     6.94e-09    4.91e-07
2012 06 27  0512   56105  18720     7.88e-09    4.90e-07
2012 06 27  0513   56105  18780     6.83e-09    4.85e-07
2012 06 27  0514   56105  18840     6.37e-09    4.74e-07
2012 06 27  0515   56105  18900     7.14e-09    4.68e-07
2012 06 27  0516   56105  18960     5.41e-09    4.68e-07
2012 06 27  0517   56105  19020     4.95e-09    4.67e-07
2012 06 27  0518   56105  19080     4.95e-09    4.72e-07
2012 06 27  0519   56105  19140     6.37e-09    4.96e-07
2012 06 27  0520   56105  19200     1.21e-08    5.46e-07
2012 06 27  0521   56105  19260     2.20e-08    6.62e-07
2012 06 27  0522   56105  19320     7.49e-08    9.93e-07
2012 06 27  0523   56105  19380     2.40e-07    1.78e-06
2012 06 27  0524   56105  19440     3.94e-07    2.61e-06
2012 06 27  0525   56105  19500     4.25e-07    3.18e-06
2012 06 27  0526   56105  19560     3.83e-07    3.43e-06
2012 06 27  0527   56105  19620     3.28e-07    3.43e-06
2012 06 27  0528   56105  19680     2.79e-07    3.28e-06
2012 06 27  0529   56105  19740     2.43e-07    3.06e-06
2012 06 27  0530   56105  19800     2.16e-07    2.83e-06
2012 06 27  0531   56105  19860     1.97e-07    2.62e-06
2012 06 27  0532   56105  19920     1.70e-07    2.40e-06
2012 06 27  0533   56105  19980     1.43e-07    2.18e-06
2012 06 27  0534   56105  20040     1.24e-07    1.99e-06
2012 06 27  0535   56105  20100     1.06e-07    1.82e-06
2012 06 27  0536   56105  20160     9.23e-08    1.66e-06
2012 06 27  0537   56105  20220     7.92e-08    1.52e-06
2012 06 27  0538   56105  20280     6.88e-08    1.40e-06
2012 06 27  0539   56105  20340     5.94e-08    1.29e-06
2012 06 27  0540   56105  20400     5.39e-08    1.21e-06
2012 06 27  0541   56105  20460     4.89e-08    1.13e-06
2012 06 27  0542   56105  20520     3.91e-08    1.06e-06
2012 06 27  0543   56105  20580     3.15e-08    9.96e-07
2012 06 27  0544   56105  20640     3.03e-08    9.66e-07
2012 06 27  0545   56105  20700     2.94e-08    9.88e-07
2012 06 27  0546   56105  20760     4.43e-08    1.05e-06
2012 06 27  0547   56105  20820     6.22e-08    1.27e-06
2012 06 27  0548   56105  20880     4.54e-08    1.16e-06
2012 06 27  0549   56105  20940     3.62e-08    1.06e-06
2012 06 27  0550   56105  21000     2.46e-08    9.50e-07
2012 06 27  0551   56105  21060     1.63e-08    8.38e-07
2012 06 27  0552   56105  21120     1.20e-08    7.40e-07
2012 06 27  0553   56105  21180     8.10e-09    6.62e-07
2012 06 27  0554   56105  21240     7.67e-09    6.35e-07
2012 06 27  0555   56105  21300     8.56e-09    6.14e-07
2012 06 27  0556   56105  21360     1.37e-08    6.27e-07
2012 06 27  0557   56105  21420     1.94e-08    6.81e-07
2012 06 27  0558   56105  21480     1.87e-08    6.73e-07
2012 06 27  0559   56105  21540     1.59e-08    6.58e-07
2012 06 27  0600   56105  21600     9.17e-09    5.91e-07
2012 06 27  0601   56105  21660     5.18e-09    5.20e-07
2012 06 27  0602   56105  21720     2.45e-09    4.73e-07
2012 06 27  0603   56105  21780     1.42e-09    4.36e-07
2012 06 27  0604   56105  21840     1.02e-09    4.07e-07
2012 06 27  0605   56105  21900     1.33e-09    3.89e-07
2012 06 27  0606   56105  21960     1.00e-09    3.77e-07
2012 06 27  0607   56105  22020     1.02e-09    3.66e-07
2012 06 27  0608   56105  22080     1.00e-09    3.60e-07
2012 06 27  0609   56105  22140     1.18e-09    3.55e-07
2012 06 27  0610   56105  22200     1.02e-09    3.53e-07
2012 06 27  0611   56105  22260     1.00e-09    3.47e-07
2012 06 27  0612   56105  22320     1.00e-09    3.42e-07
2012 06 27  0613   56105  22380     1.20e-09    3.41e-07
2012 06 27  0614   56105  22440     1.18e-09    3.39e-07
2012 06 27  0615   56105  22500     1.64e-09    3.39e-07
2012 06 27  0616   56105  22560     1.45e-09    3.39e-07
2012 06 27  0617   56105  22620     1.06e-09    3.33e-07
2012 06 27  0618   56105  22680     1.78e-09    3.34e-07
2012 06 27  0619   56105  22740     2.98e-09    3.34e-07
2012 06 27  0620   56105  22800     2.95e-09    3.32e-07
2012 06 27  0621   56105  22860     3.77e-09    3.31e-07
2012 06 27  0622   56105  22920     3.98e-09    3.29e-07
2012 06 27  0623   56105  22980     2.56e-09    3.26e-07
2012 06 27  0624   56105  23040     2.03e-09    3.22e-07
2012 06 27  0625   56105  23100     1.00e-09    3.21e-07
2012 06 27  0626   56105  23160     2.81e-09    3.22e-07
2012 06 27  0627   56105  23220     3.75e-09    3.20e-07
2012 06 27  0628   56105  23280     5.52e-09    3.18e-07
2012 06 27  0629   56105  23340     3.87e-09    3.18e-07
2012 06 27  0630   56105  23400     1.99e-09    3.19e-07
2012 06 27  0631   56105  23460     1.22e-09    3.17e-07
2012 06 27  0632   56105  23520     1.02e-09    3.20e-07
2012 06 27  0633   56105  23580     1.00e-09    3.27e-07
2012 06 27  0634   56105  23640     1.00e-09    3.36e-07
2012 06 27  0635   56105  23700     1.00e-09    3.49e-07
2012 06 27  0636   56105  23760     1.00e-09    3.60e-07
2012 06 27  0637   56105  23820     1.08e-09    3.66e-07
2012 06 27  0638   56105  23880     3.13e-09    3.69e-07
2012 06 27  0639   56105  23940     2.88e-09    3.61e-07
2012 06 27  0640   56105  24000     1.75e-09    3.52e-07
2012 06 27  0641   56105  24060     1.04e-09    3.46e-07
2012 06 27  0642   56105  24120     1.59e-09    3.40e-07
2012 06 27  0643   56105  24180     1.81e-09    3.36e-07
2012 06 27  0644   56105  24240     2.30e-09    3.51e-07
2012 06 27  0645   56105  24300     2.67e-09    3.57e-07
2012 06 27  0646   56105  24360     1.71e-09    3.52e-07
2012 06 27  0647   56105  24420     1.22e-09    3.50e-07
2012 06 27  0648   56105  24480     1.91e-09    3.44e-07
2012 06 27  0649   56105  24540     2.06e-09    3.45e-07
2012 06 27  0650   56105  24600     1.00e-09    3.46e-07
2012 06 27  0651   56105  24660     1.02e-09    3.46e-07
2012 06 27  0652   56105  24720     1.02e-09    3.41e-07
2012 06 27  0653   56105  24780     1.02e-09    3.39e-07
2012 06 27  0654   56105  24840     1.00e-09    3.40e-07
2012 06 27  0655   56105  24900     1.00e-09    3.40e-07
2012 06 27  0656   56105  24960     1.00e-09    3.30e-07
2012 06 27  0657   56105  25020     1.00e-09    3.27e-07
2012 06 27  0658   56105  25080     1.25e-09    3.24e-07
2012 06 27  0659   56105  25140     1.06e-09    3.22e-07
2012 06 27  0700   56105  25200     1.54e-09    3.19e-07
2012 06 27  0701   56105  25260     1.00e-09    3.18e-07
2012 06 27  0702   56105  25320     1.00e-09    3.22e-07
2012 06 27  0703   56105  25380     1.02e-09    3.21e-07
2012 06 27  0704   56105  25440     1.00e-09    3.15e-07
2012 06 27  0705   56105  25500     1.10e-09    3.18e-07
2012 06 27  0706   56105  25560     1.02e-09    3.18e-07
2012 06 27  0707   56105  25620     1.04e-09    3.23e-07
2012 06 27  0708   56105  25680     1.71e-09    3.24e-07
2012 06 27  0709   56105  25740     1.00e-09    3.20e-07
2012 06 27  0710   56105  25800     1.12e-09    3.12e-07
2012 06 27  0711   56105  25860     1.10e-09    3.11e-07
2012 06 27  0712   56105  25920     1.02e-09    3.08e-07
2012 06 27  0713   56105  25980     1.00e-09    3.06e-07
2012 06 27  0714   56105  26040     1.00e-09    3.11e-07
2012 06 27  0715   56105  26100     1.81e-09    3.12e-07
2012 06 27  0716   56105  26160     1.14e-09    3.05e-07
2012 06 27  0717   56105  26220     1.36e-09    3.00e-07
2012 06 27  0718   56105  26280     1.06e-09    2.99e-07
2012 06 27  0719   56105  26340     1.00e-09    2.97e-07
2012 06 27  0720   56105  26400     1.32e-09    2.95e-07
2012 06 27  0721   56105  26460     1.02e-09    3.01e-07
2012 06 27  0722   56105  26520     1.02e-09    3.13e-07
2012 06 27  0723   56105  26580     1.02e-09    3.10e-07
2012 06 27  0724   56105  26640     1.00e-09    3.06e-07
2012 06 27  0725   56105  26700     1.00e-09    3.03e-07
2012 06 27  0726   56105  26760     1.00e-09    3.03e-07
2012 06 27  0727   56105  26820     1.06e-09    3.04e-07
2012 06 27  0728   56105  26880     1.06e-09    3.11e-07
2012 06 27  0729   56105  26940     1.04e-09    3.07e-07
2012 06 27  0730   56105  27000     1.49e-09    3.04e-07
2012 06 27  0731   56105  27060     1.00e-09    3.02e-07
2012 06 27  0732   56105  27120     1.00e-09    3.14e-07
2012 06 27  0733   56105  27180     1.08e-09    3.16e-07
2012 06 27  0734   56105  27240     1.00e-09    3.16e-07
2012 06 27  0735   56105  27300     1.00e-09    3.16e-07
2012 06 27  0736   56105  27360     1.39e-09    3.21e-07
2012 06 27  0737   56105  27420     1.10e-09    3.32e-07
2012 06 27  0738   56105  27480     1.15e-09    3.46e-07
2012 06 27  0739   56105  27540     1.35e-09    3.52e-07
2012 06 27  0740   56105  27600     1.98e-09    3.63e-07
2012 06 27  0741   56105  27660     2.83e-09    3.80e-07
2012 06 27  0742   56105  27720     4.45e-09    4.09e-07
2012 06 27  0743   56105  27780     6.25e-09    4.32e-07
2012 06 27  0744   56105  27840     9.40e-09    4.70e-07
2012 06 27  0745   56105  27900     1.14e-08    5.03e-07
2012 06 27  0746   56105  27960     1.39e-08    5.41e-07
2012 06 27  0747   56105  28020     1.67e-08    5.83e-07
2012 06 27  0748   56105  28080     2.04e-08    6.24e-07
2012 06 27  0749   56105  28140     2.27e-08    6.57e-07
2012 06 27  0750   56105  28200     2.53e-08    7.00e-07
2012 06 27  0751   56105  28260     2.90e-08    7.46e-07
2012 06 27  0752   56105  28320     3.65e-08    8.02e-07
2012 06 27  0753   56105  28380     4.16e-08    8.59e-07
2012 06 27  0754   56105  28440     4.25e-08    9.15e-07
2012 06 27  0755   56105  28500     4.83e-08    9.61e-07
2012 06 27  0756   56105  28560     5.11e-08    1.01e-06
2012 06 27  0757   56105  28620     5.91e-08    1.09e-06
2012 06 27  0758   56105  28680     7.55e-08    1.20e-06
2012 06 27  0759   56105  28740     9.45e-08    1.33e-06
2012 06 27  0800   56105  28800     1.32e-07    1.54e-06
2012 06 27  0801   56105  28860     1.82e-07    1.81e-06
2012 06 27  0802   56105  28920     2.50e-07    2.14e-06
2012 06 27  0803   56105  28980     3.02e-07    2.44e-06
2012 06 27  0804   56105  29040     3.09e-07    2.66e-06
2012 06 27  0805   56105  29100     3.12e-07    2.87e-06
2012 06 27  0806   56105  29160     3.16e-07    3.08e-06
2012 06 27  0807   56105  29220     3.09e-07    3.20e-06
2012 06 27  0808   56105  29280     2.93e-07    3.25e-06
2012 06 27  0809   56105  29340     2.67e-07    3.24e-06
2012 06 27  0810   56105  29400     2.35e-07    3.18e-06
2012 06 27  0811   56105  29460     2.09e-07    3.08e-06
2012 06 27  0812   56105  29520     1.81e-07    2.95e-06
2012 06 27  0813   56105  29580     1.60e-07    2.82e-06
2012 06 27  0814   56105  29640     1.44e-07    2.70e-06
2012 06 27  0815   56105  29700     1.29e-07    2.57e-06
2012 06 27  0816   56105  29760     1.14e-07    2.44e-06
2012 06 27  0817   56105  29820     9.88e-08    2.30e-06
2012 06 27  0818   56105  29880     8.68e-08    2.17e-06
2012 06 27  0819   56105  29940     7.74e-08    2.05e-06
2012 06 27  0820   56105  30000     6.86e-08    1.92e-06
2012 06 27  0821   56105  30060     6.17e-08    1.82e-06
2012 06 27  0822   56105  30120     6.25e-08    1.74e-06
2012 06 27  0823   56105  30180     6.35e-08    1.71e-06
2012 06 27  0824   56105  30240     6.65e-08    1.72e-06
2012 06 27  0825   56105  30300     6.58e-08    1.72e-06
2012 06 27  0826   56105  30360     6.10e-08    1.69e-06
2012 06 27  0827   56105  30420     5.38e-08    1.63e-06
2012 06 27  0828   56105  30480     4.56e-08    1.55e-06
2012 06 27  0829   56105  30540     4.29e-08    1.47e-06
2012 06 27  0830   56105  30600     4.24e-08    1.43e-06
2012 06 27  0831   56105  30660     4.71e-08    1.41e-06
2012 06 27  0832   56105  30720     4.73e-08    1.39e-06
2012 06 27  0833   56105  30780     4.63e-08    1.37e-06
2012 06 27  0834   56105  30840     4.58e-08    1.35e-06
2012 06 27  0835   56105  30900     4.10e-08    1.31e-06
2012 06 27  0836   56105  30960     3.50e-08    1.25e-06
2012 06 27  0837   56105  31020     2.97e-08    1.17e-06
2012 06 27  0838   56105  31080     2.61e-08    1.09e-06
2012 06 27  0839   56105  31140     2.14e-08    1.02e-06
2012 06 27  0840   56105  31200     1.56e-08    9.57e-07
2012 06 27  0841   56105  31260     1.15e-08    8.89e-07
2012 06 27  0842   56105  31320     1.01e-08    8.32e-07
2012 06 27  0843   56105  31380     6.64e-09    7.85e-07
2012 06 27  0844   56105  31440     5.13e-09    7.40e-07
2012 06 27  0845   56105  31500     3.60e-09    6.90e-07
2012 06 27  0846   56105  31560     2.04e-09    6.50e-07
2012 06 27  0847   56105  31620     1.54e-09    6.15e-07
2012 06 27  0848   56105  31680     1.18e-09    5.89e-07
2012 06 27  0849   56105  31740     1.88e-09    5.57e-07
2012 06 27  0850   56105  31800     2.19e-09    5.28e-07
2012 06 27  0851   56105  31860     2.45e-09    5.06e-07
2012 06 27  0852   56105  31920     1.78e-09    4.93e-07
2012 06 27  0853   56105  31980     1.10e-09    4.69e-07
2012 06 27  0854   56105  32040     1.27e-09    4.50e-07
2012 06 27  0855   56105  32100     1.06e-09    4.35e-07
2012 06 27  0856   56105  32160     1.59e-09    4.22e-07
2012 06 27  0857   56105  32220     1.14e-09    4.09e-07
2012 06 27  0858   56105  32280     1.16e-09    3.99e-07
2012 06 27  0859   56105  32340     1.00e-09    3.93e-07
2012 06 27  0900   56105  32400     1.00e-09    3.78e-07
2012 06 27  0901   56105  32460     1.00e-09    3.70e-07
2012 06 27  0902   56105  32520     1.00e-09    3.65e-07
2012 06 27  0903   56105  32580     1.00e-09    3.62e-07
2012 06 27  0904   56105  32640     1.00e-09    3.55e-07
2012 06 27  0905   56105  32700     1.23e-09    3.53e-07
2012 06 27  0906   56105  32760     2.26e-09    3.52e-07
2012 06 27  0907   56105  32820     1.73e-09    3.54e-07
2012 06 27  0908   56105  32880     1.21e-09    3.54e-07
2012 06 27  0909   56105  32940     1.04e-09    3.46e-07
2012 06 27  0910   56105  33000     1.00e-09    3.48e-07
2012 06 27  0911   56105  33060     1.00e-09    3.39e-07
2012 06 27  0912   56105  33120     1.00e-09    3.34e-07
2012 06 27  0913   56105  33180     1.00e-09    3.34e-07
2012 06 27  0914   56105  33240     1.00e-09    3.33e-07
2012 06 27  0915   56105  33300     1.00e-09    3.34e-07
2012 06 27  0916   56105  33360     1.00e-09    3.37e-07
2012 06 27  0917   56105  33420     1.00e-09    3.34e-07
2012 06 27  0918   56105  33480     1.00e-09    3.30e-07
2012 06 27  0919   56105  33540     1.00e-09    3.26e-07
2012 06 27  0920   56105  33600     1.00e-09    3.23e-07
2012 06 27  0921   56105  33660     1.00e-09    3.18e-07
2012 06 27  0922   56105  33720     1.00e-09    3.16e-07
2012 06 27  0923   56105  33780     1.00e-09    3.14e-07
2012 06 27  0924   56105  33840     1.00e-09    3.13e-07
2012 06 27  0925   56105  33900     1.00e-09    3.13e-07
2012 06 27  0926   56105  33960     1.00e-09    3.15e-07
2012 06 27  0927   56105  34020     1.00e-09    3.19e-07
2012 06 27  0928   56105  34080     1.00e-09    3.22e-07
2012 06 27  0929   56105  34140     1.00e-09    3.16e-07
2012 06 27  0930   56105  34200     1.00e-09    3.17e-07
2012 06 27  0931   56105  34260     1.02e-09    3.20e-07
2012 06 27  0932   56105  34320     1.00e-09    3.19e-07
2012 06 27  0933   56105  34380     1.00e-09    3.21e-07
2012 06 27  0934   56105  34440     1.02e-09    3.18e-07
2012 06 27  0935   56105  34500     1.02e-09    3.21e-07
2012 06 27  0936   56105  34560     1.02e-09    3.20e-07
2012 06 27  0937   56105  34620     1.00e-09    3.18e-07
2012 06 27  0938   56105  34680     1.04e-09    3.19e-07
2012 06 27  0939   56105  34740     1.23e-09    3.41e-07
2012 06 27  0940   56105  34800     2.47e-09    3.68e-07
2012 06 27  0941   56105  34860     3.65e-09    3.85e-07
2012 06 27  0942   56105  34920     4.25e-09    3.91e-07
2012 06 27  0943   56105  34980     4.48e-09    4.02e-07
2012 06 27  0944   56105  35040     3.24e-09    4.15e-07
2012 06 27  0945   56105  35100     4.45e-09    4.25e-07
2012 06 27  0946   56105  35160     5.75e-09    4.46e-07
2012 06 27  0947   56105  35220     5.21e-09    4.50e-07
2012 06 27  0948   56105  35280     5.17e-09    4.46e-07
2012 06 27  0949   56105  35340     2.62e-09    4.27e-07
2012 06 27  0950   56105  35400     2.29e-09    4.18e-07
2012 06 27  0951   56105  35460     1.86e-09    4.16e-07
2012 06 27  0952   56105  35520     1.06e-09    4.09e-07
2012 06 27  0953   56105  35580     1.02e-09    3.99e-07
2012 06 27  0954   56105  35640     1.14e-09    4.00e-07
2012 06 27  0955   56105  35700     3.49e-09    4.12e-07
2012 06 27  0956   56105  35760     4.10e-09    4.30e-07
2012 06 27  0957   56105  35820     5.52e-09    4.48e-07
2012 06 27  0958   56105  35880     5.95e-09    4.61e-07
2012 06 27  0959   56105  35940     8.25e-09    4.78e-07
2012 06 27  1000   56105  36000     1.00e-08    5.03e-07
2012 06 27  1001   56105  36060     8.62e-09    5.04e-07
2012 06 27  1002   56105  36120     8.60e-09    5.17e-07
2012 06 27  1003   56105  36180     7.56e-09    5.27e-07
2012 06 27  1004   56105  36240     7.14e-09    5.35e-07
2012 06 27  1005   56105  36300     8.36e-09    5.45e-07
2012 06 27  1006   56105  36360     8.94e-09    5.58e-07
2012 06 27  1007   56105  36420     6.44e-09    5.60e-07
2012 06 27  1008   56105  36480     5.17e-09    5.61e-07
2012 06 27  1009   56105  36540     6.37e-09    5.63e-07
2012 06 27  1010   56105  36600     6.29e-09    5.63e-07
2012 06 27  1011   56105  36660     4.72e-09    5.54e-07
2012 06 27  1012   56105  36720     5.33e-09    5.45e-07
2012 06 27  1013   56105  36780     6.18e-09    5.35e-07
2012 06 27  1014   56105  36840     3.45e-09    5.29e-07
2012 06 27  1015   56105  36900     1.92e-09    5.20e-07
2012 06 27  1016   56105  36960     2.83e-09    5.17e-07
2012 06 27  1017   56105  37020     3.02e-09    5.18e-07
2012 06 27  1018   56105  37080     2.70e-09    5.22e-07
2012 06 27  1019   56105  37140     1.20e-09    5.28e-07
2012 06 27  1020   56105  37200     2.49e-09    5.42e-07
2012 06 27  1021   56105  37260     3.05e-09    5.51e-07
2012 06 27  1022   56105  37320     2.73e-09    5.44e-07
2012 06 27  1023   56105  37380     2.93e-09    5.40e-07
2012 06 27  1024   56105  37440     4.83e-09    5.38e-07
2012 06 27  1025   56105  37500     7.99e-09    5.41e-07
2012 06 27  1026   56105  37560     7.67e-09    5.48e-07
2012 06 27  1027   56105  37620     8.10e-09    5.56e-07
2012 06 27  1028   56105  37680     6.06e-09    5.61e-07
2012 06 27  1029   56105  37740     5.37e-09    5.62e-07
2012 06 27  1030   56105  37800     5.94e-09    5.64e-07
2012 06 27  1031   56105  37860     7.51e-09    5.61e-07
2012 06 27  1032   56105  37920     4.52e-09    5.62e-07
2012 06 27  1033   56105  37980     2.95e-09    5.57e-07
2012 06 27  1034   56105  38040     2.52e-09    5.57e-07
2012 06 27  1035   56105  38100     1.40e-09    5.56e-07
2012 06 27  1036   56105  38160     2.70e-09    5.57e-07
2012 06 27  1037   56105  38220     2.39e-09    5.65e-07
2012 06 27  1038   56105  38280     4.20e-09    5.93e-07
2012 06 27  1039   56105  38340     9.02e-09    6.23e-07
2012 06 27  1040   56105  38400     1.09e-08    6.17e-07
2012 06 27  1041   56105  38460     1.01e-08    6.11e-07
2012 06 27  1042   56105  38520     1.06e-08    5.99e-07
2012 06 27  1043   56105  38580     6.48e-09    5.88e-07
2012 06 27  1044   56105  38640     5.75e-09    5.80e-07
2012 06 27  1045   56105  38700     6.65e-09    5.76e-07
2012 06 27  1046   56105  38760     5.71e-09    5.63e-07
2012 06 27  1047   56105  38820     6.87e-09    5.60e-07
2012 06 27  1048   56105  38880     7.58e-09    5.66e-07
2012 06 27  1049   56105  38940     8.33e-09    5.75e-07
2012 06 27  1050   56105  39000     7.29e-09    5.76e-07
2012 06 27  1051   56105  39060     1.33e-08    6.36e-07
2012 06 27  1052   56105  39120     1.78e-08    7.07e-07
2012 06 27  1053   56105  39180     1.65e-08    7.15e-07
2012 06 27  1054   56105  39240     1.49e-08    7.29e-07
2012 06 27  1055   56105  39300     1.01e-08    6.66e-07
2012 06 27  1056   56105  39360     8.48e-09    6.17e-07
2012 06 27  1057   56105  39420     8.06e-09    5.97e-07
2012 06 27  1058   56105  39480     4.98e-09    5.93e-07
2012 06 27  1059   56105  39540     5.33e-09    5.98e-07
2012 06 27  1100   56105  39600     1.06e-08    6.07e-07
2012 06 27  1101   56105  39660     1.06e-08    6.36e-07
2012 06 27  1102   56105  39720     2.33e-08    7.39e-07
2012 06 27  1103   56105  39780     5.02e-08    9.54e-07
2012 06 27  1104   56105  39840     8.98e-08    1.29e-06
2012 06 27  1105   56105  39900     1.22e-07    1.60e-06
2012 06 27  1106   56105  39960     1.12e-07    1.68e-06
2012 06 27  1107   56105  40020     9.20e-08    1.63e-06
2012 06 27  1108   56105  40080     7.02e-08    1.50e-06
2012 06 27  1109   56105  40140     5.64e-08    1.37e-06
2012 06 27  1110   56105  40200     4.48e-08    1.25e-06
2012 06 27  1111   56105  40260     3.61e-08    1.16e-06
2012 06 27  1112   56105  40320     3.06e-08    1.08e-06
2012 06 27  1113   56105  40380     2.89e-08    1.02e-06
2012 06 27  1114   56105  40440     2.57e-08    9.81e-07
2012 06 27  1115   56105  40500     2.37e-08    9.30e-07
2012 06 27  1116   56105  40560     2.09e-08    8.90e-07
2012 06 27  1117   56105  40620     1.76e-08    8.54e-07
2012 06 27  1118   56105  40680     1.61e-08    8.25e-07
2012 06 27  1119   56105  40740     1.32e-08    7.97e-07
2012 06 27  1120   56105  40800     1.29e-08    7.80e-07
2012 06 27  1121   56105  40860     1.35e-08    7.79e-07
2012 06 27  1122   56105  40920     1.66e-08    8.15e-07
2012 06 27  1123   56105  40980     1.65e-08    7.90e-07
2012 06 27  1124   56105  41040     1.26e-08    7.80e-07
2012 06 27  1125   56105  41100     1.22e-08    7.66e-07
2012 06 27  1126   56105  41160     1.04e-08    7.32e-07
2012 06 27  1127   56105  41220     7.37e-09    6.87e-07
2012 06 27  1128   56105  41280     4.98e-09    6.47e-07
2012 06 27  1129   56105  41340     4.72e-09    6.32e-07
2012 06 27  1130   56105  41400     4.64e-09    6.22e-07
2012 06 27  1131   56105  41460     3.68e-09    5.89e-07
2012 06 27  1132   56105  41520     2.41e-09    5.61e-07
2012 06 27  1133   56105  41580     3.25e-09    5.52e-07
2012 06 27  1134   56105  41640     4.41e-09    5.55e-07
2012 06 27  1135   56105  41700     5.28e-09    5.62e-07
2012 06 27  1136   56105  41760     9.67e-09    5.89e-07
2012 06 27  1137   56105  41820     1.31e-08    6.01e-07
2012 06 27  1138   56105  41880     1.29e-08    6.16e-07
2012 06 27  1139   56105  41940     1.18e-08    6.19e-07
2012 06 27  1140   56105  42000     1.20e-08    6.55e-07
2012 06 27  1141   56105  42060     1.31e-08    6.45e-07
2012 06 27  1142   56105  42120     8.73e-09    6.01e-07
2012 06 27  1143   56105  42180     5.94e-09    5.84e-07
2012 06 27  1144   56105  42240     5.06e-09    5.68e-07
2012 06 27  1145   56105  42300     4.45e-09    5.58e-07
2012 06 27  1146   56105  42360     3.94e-09    5.53e-07
2012 06 27  1147   56105  42420     4.29e-09    5.56e-07
2012 06 27  1148   56105  42480     3.33e-09    5.56e-07
2012 06 27  1149   56105  42540     1.96e-09    5.44e-07
2012 06 27  1150   56105  42600     1.46e-09    5.31e-07
2012 06 27  1151   56105  42660     1.44e-09    5.15e-07
2012 06 27  1152   56105  42720     1.33e-09    5.08e-07
2012 06 27  1153   56105  42780     3.04e-09    5.00e-07
2012 06 27  1154   56105  42840     1.06e-09    4.94e-07
2012 06 27  1155   56105  42900     1.45e-09    4.89e-07
2012 06 27  1156   56105  42960     1.49e-09    4.81e-07
2012 06 27  1157   56105  43020     1.22e-09    4.81e-07
2012 06 27  1158   56105  43080     1.08e-09    4.77e-07
2012 06 27  1159   56105  43140     1.21e-09    4.66e-07
2012 06 27  1200   56105  43200     1.00e-09    4.61e-07
2012 06 27  1201   56105  43260     1.20e-09    4.59e-07
2012 06 27  1202   56105  43320     1.30e-09    4.54e-07
2012 06 27  1203   56105  43380     1.62e-09    4.42e-07
2012 06 27  1204   56105  43440     1.04e-09    4.36e-07
2012 06 27  1205   56105  43500     1.00e-09    4.37e-07
2012 06 27  1206   56105  43560     1.04e-09    4.45e-07
2012 06 27  1207   56105  43620     1.31e-09    4.47e-07
2012 06 27  1208   56105  43680     1.19e-09    4.53e-07
2012 06 27  1209   56105  43740     1.04e-09    4.56e-07
2012 06 27  1210   56105  43800     1.43e-09    4.53e-07
2012 06 27  1211   56105  43860     1.83e-09    4.53e-07
2012 06 27  1212   56105  43920     1.20e-09    4.54e-07
2012 06 27  1213   56105  43980     1.28e-09    4.52e-07
2012 06 27  1214   56105  44040     1.41e-09    4.52e-07
2012 06 27  1215   56105  44100     2.11e-09    4.57e-07
2012 06 27  1216   56105  44160     2.00e-09    4.61e-07
2012 06 27  1217   56105  44220     2.79e-09    4.58e-07
2012 06 27  1218   56105  44280     1.40e-09    4.47e-07
2012 06 27  1219   56105  44340     1.08e-09    4.40e-07
2012 06 27  1220   56105  44400     1.40e-09    4.39e-07
2012 06 27  1221   56105  44460     1.39e-09    4.35e-07
2012 06 27  1222   56105  44520     1.22e-09    4.37e-07
2012 06 27  1223   56105  44580     1.10e-09    4.35e-07
2012 06 27  1224   56105  44640     1.28e-09    4.31e-07
2012 06 27  1225   56105  44700     2.62e-09    4.26e-07
2012 06 27  1226   56105  44760     3.16e-09    4.24e-07
2012 06 27  1227   56105  44820     1.75e-09    4.20e-07
2012 06 27  1228   56105  44880     2.75e-09    4.16e-07
2012 06 27  1229   56105  44940     1.63e-09    4.18e-07
2012 06 27  1230   56105  45000     1.00e-09    4.17e-07
2012 06 27  1231   56105  45060     1.00e-09    4.14e-07
2012 06 27  1232   56105  45120     1.02e-09    4.16e-07
2012 06 27  1233   56105  45180     1.74e-09    4.16e-07
2012 06 27  1234   56105  45240     1.24e-09    4.19e-07
2012 06 27  1235   56105  45300     5.78e-09    4.80e-07
2012 06 27  1236   56105  45360     6.51e-08    1.15e-06
2012 06 27  1237   56105  45420     2.95e-07    2.07e-06
2012 06 27  1238   56105  45480     4.70e-07    3.49e-06
2012 06 27  1239   56105  45540     2.32e-07    2.58e-06
2012 06 27  1240   56105  45600     1.00e-07    1.72e-06
2012 06 27  1241   56105  45660     4.51e-08    1.14e-06
2012 06 27  1242   56105  45720     2.63e-08    8.86e-07
2012 06 27  1243   56105  45780     1.90e-08    7.70e-07
2012 06 27  1244   56105  45840     1.42e-08    7.02e-07
2012 06 27  1245   56105  45900     1.08e-08    6.56e-07
2012 06 27  1246   56105  45960     9.66e-09    6.35e-07
2012 06 27  1247   56105  46020     1.01e-08    6.28e-07
2012 06 27  1248   56105  46080     7.21e-09    6.11e-07
2012 06 27  1249   56105  46140     6.39e-09    6.08e-07
2012 06 27  1250   56105  46200     5.83e-09    6.01e-07
2012 06 27  1251   56105  46260     4.68e-09    5.62e-07
2012 06 27  1252   56105  46320     4.60e-09    5.44e-07
2012 06 27  1253   56105  46380     5.54e-09    5.41e-07
2012 06 27  1254   56105  46440     9.67e-09    5.42e-07
2012 06 27  1255   56105  46500     8.17e-09    5.33e-07
2012 06 27  1256   56105  46560     6.17e-09    5.20e-07
2012 06 27  1257   56105  46620     5.71e-09    5.04e-07
2012 06 27  1258   56105  46680     4.02e-09    4.90e-07
2012 06 27  1259   56105  46740     3.98e-09    4.77e-07
2012 06 27  1300   56105  46800     4.10e-09    4.69e-07
2012 06 27  1301   56105  46860     3.79e-09    4.60e-07
2012 06 27  1302   56105  46920     2.43e-09    4.61e-07
2012 06 27  1303   56105  46980     3.16e-09    4.67e-07
2012 06 27  1304   56105  47040     4.06e-09    4.73e-07
2012 06 27  1305   56105  47100     3.89e-09    4.83e-07
2012 06 27  1306   56105  47160     2.72e-09    4.88e-07
2012 06 27  1307   56105  47220     2.43e-09    4.88e-07
2012 06 27  1308   56105  47280     3.56e-09    4.85e-07
2012 06 27  1309   56105  47340     3.25e-09    4.84e-07
2012 06 27  1310   56105  47400     4.54e-09    4.79e-07
2012 06 27  1311   56105  47460     2.13e-09    4.76e-07
2012 06 27  1312   56105  47520     3.14e-09    4.71e-07
2012 06 27  1313   56105  47580     2.46e-09    4.64e-07
2012 06 27  1314   56105  47640     2.68e-09    4.60e-07
2012 06 27  1315   56105  47700     4.68e-09    4.62e-07
2012 06 27  1316   56105  47760     2.52e-09    4.57e-07
2012 06 27  1317   56105  47820     1.12e-09    4.56e-07
2012 06 27  1318   56105  47880     1.00e-09    4.51e-07
2012 06 27  1319   56105  47940     1.52e-09    4.44e-07
2012 06 27  1320   56105  48000     1.90e-09    4.28e-07
2012 06 27  1321   56105  48060     2.80e-09    4.35e-07
2012 06 27  1322   56105  48120     1.33e-09    4.58e-07
2012 06 27  1323   56105  48180     1.19e-09    4.42e-07
2012 06 27  1324   56105  48240     1.00e-09    4.38e-07
2012 06 27  1325   56105  48300     1.20e-09    4.41e-07
2012 06 27  1326   56105  48360     1.00e-09    4.41e-07
2012 06 27  1327   56105  48420     1.12e-09    4.23e-07
2012 06 27  1328   56105  48480     1.19e-09    4.27e-07
2012 06 27  1329   56105  48540     1.74e-09    4.17e-07
2012 06 27  1330   56105  48600     1.27e-09    4.02e-07
2012 06 27  1331   56105  48660     1.23e-09    3.94e-07
2012 06 27  1332   56105  48720     1.00e-09    3.88e-07
2012 06 27  1333   56105  48780     1.08e-09    3.82e-07
2012 06 27  1334   56105  48840     1.06e-09    3.77e-07
2012 06 27  1335   56105  48900     1.27e-09    3.72e-07
2012 06 27  1336   56105  48960     2.92e-09    3.71e-07
2012 06 27  1337   56105  49020     3.22e-09    3.71e-07
2012 06 27  1338   56105  49080     6.67e-09    3.73e-07
2012 06 27  1339   56105  49140     2.62e-09    3.72e-07
2012 06 27  1340   56105  49200     1.97e-09    3.72e-07
2012 06 27  1341   56105  49260     2.15e-09    3.77e-07
2012 06 27  1342   56105  49320     2.12e-09    3.80e-07
2012 06 27  1343   56105  49380     1.87e-09    3.75e-07
2012 06 27  1344   56105  49440     2.62e-09    3.70e-07
2012 06 27  1345   56105  49500     1.25e-09    3.66e-07
2012 06 27  1346   56105  49560     1.33e-09    3.70e-07
2012 06 27  1347   56105  49620     2.38e-09    3.72e-07
2012 06 27  1348   56105  49680     2.19e-09    3.76e-07
2012 06 27  1349   56105  49740     2.16e-09    3.82e-07
2012 06 27  1350   56105  49800     1.51e-09    3.82e-07
2012 06 27  1351   56105  49860     1.90e-09    3.86e-07
2012 06 27  1352   56105  49920     2.03e-09    3.85e-07
2012 06 27  1353   56105  49980     3.42e-09    3.85e-07
2012 06 27  1354   56105  50040     2.70e-09    3.90e-07
2012 06 27  1355   56105  50100     3.18e-09    3.97e-07
2012 06 27  1356   56105  50160     2.75e-09    4.04e-07
2012 06 27  1357   56105  50220     2.76e-09    4.11e-07
2012 06 27  1358   56105  50280     3.00e-09    3.92e-07
2012 06 27  1359   56105  50340     3.22e-09    3.90e-07
2012 06 27  1400   56105  50400     4.69e-09    3.85e-07
2012 06 27  1401   56105  50460     2.83e-09    3.81e-07
2012 06 27  1402   56105  50520     3.45e-09    3.81e-07
2012 06 27  1403   56105  50580     3.50e-09    3.87e-07
2012 06 27  1404   56105  50640     4.18e-09    4.03e-07
2012 06 27  1405   56105  50700     1.98e-09    3.89e-07
2012 06 27  1406   56105  50760     1.08e-09    3.79e-07
2012 06 27  1407   56105  50820     1.44e-09    3.75e-07
2012 06 27  1408   56105  50880     1.65e-09    3.76e-07
2012 06 27  1409   56105  50940     1.51e-09    3.80e-07
2012 06 27  1410   56105  51000     2.32e-09    3.87e-07
2012 06 27  1411   56105  51060     1.76e-09    3.90e-07
2012 06 27  1412   56105  51120     2.94e-09    3.86e-07
2012 06 27  1413   56105  51180     2.54e-09    4.14e-07
2012 06 27  1414   56105  51240     1.41e-09    4.01e-07
2012 06 27  1415   56105  51300     1.34e-09    3.91e-07
2012 06 27  1416   56105  51360     2.73e-09    3.88e-07
2012 06 27  1417   56105  51420     3.05e-09    3.93e-07
2012 06 27  1418   56105  51480     6.48e-09    4.23e-07
2012 06 27  1419   56105  51540     6.06e-09    4.46e-07
2012 06 27  1420   56105  51600     8.03e-09    4.66e-07
2012 06 27  1421   56105  51660     1.14e-08    5.31e-07
2012 06 27  1422   56105  51720     1.10e-08    5.14e-07
2012 06 27  1423   56105  51780     9.56e-09    4.70e-07
2012 06 27  1424   56105  51840     8.25e-09    4.60e-07
2012 06 27  1425   56105  51900     3.98e-09    4.76e-07
2012 06 27  1426   56105  51960     6.14e-09    4.85e-07
2012 06 27  1427   56105  52020     7.03e-09    4.75e-07
2012 06 27  1428   56105  52080     6.64e-09    4.56e-07
2012 06 27  1429   56105  52140     9.10e-09    4.32e-07
2012 06 27  1430   56105  52200     6.21e-09    4.23e-07
2012 06 27  1431   56105  52260     6.25e-09    4.22e-07
2012 06 27  1432   56105  52320     6.06e-09    4.20e-07
2012 06 27  1433   56105  52380     6.02e-09    4.21e-07
2012 06 27  1434   56105  52440     4.43e-09    4.19e-07
2012 06 27  1435   56105  52500     7.33e-09    4.16e-07
2012 06 27  1436   56105  52560     6.29e-09    4.24e-07
2012 06 27  1437   56105  52620     7.25e-09    4.27e-07
2012 06 27  1438   56105  52680     7.60e-09    4.24e-07
2012 06 27  1439   56105  52740     6.91e-09    4.27e-07
2012 06 27  1440   56105  52800     5.39e-09    4.19e-07
2012 06 27  1441   56105  52860     4.45e-09    4.20e-07
2012 06 27  1442   56105  52920     4.25e-09    4.20e-07
2012 06 27  1443   56105  52980     4.06e-09    4.07e-07
2012 06 27  1444   56105  53040     4.31e-09    4.10e-07
2012 06 27  1445   56105  53100     5.02e-09    4.25e-07
2012 06 27  1446   56105  53160     5.98e-09    4.20e-07
2012 06 27  1447   56105  53220     3.70e-09    4.11e-07
2012 06 27  1448   56105  53280     3.06e-09    4.12e-07
2012 06 27  1449   56105  53340     4.83e-09    4.16e-07
2012 06 27  1450   56105  53400     3.50e-09    4.22e-07
2012 06 27  1451   56105  53460     4.06e-09    4.18e-07
2012 06 27  1452   56105  53520     4.22e-09    4.12e-07
2012 06 27  1453   56105  53580     3.02e-09    4.11e-07
2012 06 27  1454   56105  53640     4.35e-09    4.11e-07
2012 06 27  1455   56105  53700     3.79e-09    4.04e-07
2012 06 27  1456   56105  53760     3.10e-09    4.03e-07
2012 06 27  1457   56105  53820     3.94e-09    4.05e-07
2012 06 27  1458   56105  53880     4.95e-09    4.06e-07
2012 06 27  1459   56105  53940     2.99e-09    4.09e-07
2012 06 27  1500   56105  54000     3.60e-09    4.15e-07
2012 06 27  1501   56105  54060     4.69e-09    4.24e-07
2012 06 27  1502   56105  54120     5.06e-09    4.31e-07
2012 06 27  1503   56105  54180     5.60e-09    4.40e-07
2012 06 27  1504   56105  54240     7.10e-09    4.50e-07
2012 06 27  1505   56105  54300     6.75e-09    4.63e-07
2012 06 27  1506   56105  54360     6.29e-09    4.59e-07
2012 06 27  1507   56105  54420     9.63e-09    4.62e-07
2012 06 27  1508   56105  54480     9.90e-09    4.76e-07
2012 06 27  1509   56105  54540     1.26e-08    4.99e-07
2012 06 27  1510   56105  54600     1.36e-08    5.08e-07
2012 06 27  1511   56105  54660     1.76e-08    5.35e-07
2012 06 27  1512   56105  54720     1.84e-08    5.51e-07
2012 06 27  1513   56105  54780     1.94e-08    5.60e-07
2012 06 27  1514   56105  54840     2.08e-08    5.68e-07
2012 06 27  1515   56105  54900     1.85e-08    5.57e-07
2012 06 27  1516   56105  54960     1.56e-08    5.53e-07
2012 06 27  1517   56105  55020     1.53e-08    5.49e-07
2012 06 27  1518   56105  55080     1.41e-08    5.43e-07
2012 06 27  1519   56105  55140     1.29e-08    5.41e-07
2012 06 27  1520   56105  55200     1.26e-08    5.36e-07
2012 06 27  1521   56105  55260     1.15e-08    5.33e-07
2012 06 27  1522   56105  55320     1.07e-08    5.28e-07
2012 06 27  1523   56105  55380     1.06e-08    5.21e-07
2012 06 27  1524   56105  55440     1.13e-08    5.10e-07
2012 06 27  1525   56105  55500     1.34e-08    5.18e-07
2012 06 27  1526   56105  55560     1.46e-08    5.21e-07
2012 06 27  1527   56105  55620     1.26e-08    5.15e-07
2012 06 27  1528   56105  55680     1.06e-08    5.07e-07
2012 06 27  1529   56105  55740     1.03e-08    5.05e-07
2012 06 27  1530   56105  55800     1.47e-08    5.03e-07
2012 06 27  1531   56105  55860     1.41e-08    5.04e-07
2012 06 27  1532   56105  55920     1.34e-08    5.29e-07
2012 06 27  1533   56105  55980     1.03e-08    5.25e-07
2012 06 27  1534   56105  56040     1.07e-08    5.16e-07
2012 06 27  1535   56105  56100     1.17e-08    5.29e-07
2012 06 27  1536   56105  56160     1.09e-08    5.18e-07
2012 06 27  1537   56105  56220     9.63e-09    5.07e-07
2012 06 27  1538   56105  56280     1.00e-08    4.95e-07
2012 06 27  1539   56105  56340     1.10e-08    4.91e-07
2012 06 27  1540   56105  56400     9.36e-09    4.89e-07
2012 06 27  1541   56105  56460     1.19e-08    4.91e-07
2012 06 27  1542   56105  56520     9.75e-09    4.97e-07
2012 06 27  1543   56105  56580     9.21e-09    5.03e-07
2012 06 27  1544   56105  56640     9.96e-09    5.07e-07
2012 06 27  1545   56105  56700     1.19e-08    5.29e-07
2012 06 27  1546   56105  56760     1.42e-08    5.57e-07
2012 06 27  1547   56105  56820     1.76e-08    5.86e-07
2012 06 27  1548   56105  56880     2.38e-08    6.36e-07
2012 06 27  1549   56105  56940     2.65e-08    6.78e-07
2012 06 27  1550   56105  57000     2.55e-08    6.61e-07
2012 06 27  1551   56105  57060     2.08e-08    6.29e-07
2012 06 27  1552   56105  57120     1.53e-08    6.02e-07
2012 06 27  1553   56105  57180     1.44e-08    5.86e-07
2012 06 27  1554   56105  57240     1.42e-08    5.77e-07
2012 06 27  1555   56105  57300     1.48e-08    5.69e-07
2012 06 27  1556   56105  57360     1.25e-08    5.67e-07
2012 06 27  1557   56105  57420     1.32e-08    5.70e-07
2012 06 27  1558   56105  57480     1.20e-08    5.75e-07
2012 06 27  1559   56105  57540     1.34e-08    5.78e-07
2012 06 27  1600   56105  57600     9.94e-09    5.76e-07
2012 06 27  1601   56105  57660     1.08e-08    5.65e-07
2012 06 27  1602   56105  57720     9.60e-09    5.62e-07
2012 06 27  1603   56105  57780     9.56e-09    5.56e-07
2012 06 27  1604   56105  57840     9.63e-09    5.51e-07
2012 06 27  1605   56105  57900     9.33e-09    5.46e-07
2012 06 27  1606   56105  57960     9.29e-09    5.35e-07
2012 06 27  1607   56105  58020     1.04e-08    5.33e-07
2012 06 27  1608   56105  58080     9.40e-09    5.35e-07
2012 06 27  1609   56105  58140     1.02e-08    5.39e-07
2012 06 27  1610   56105  58200     1.12e-08    5.48e-07
2012 06 27  1611   56105  58260     1.11e-08    5.46e-07
2012 06 27  1612   56105  58320     1.21e-08    5.44e-07
2012 06 27  1613   56105  58380     1.26e-08    5.57e-07
2012 06 27  1614   56105  58440     1.14e-08    5.56e-07
2012 06 27  1615   56105  58500     1.05e-08    5.62e-07
2012 06 27  1616   56105  58560     1.51e-08    5.69e-07
2012 06 27  1617   56105  58620     1.57e-08    5.95e-07
2012 06 27  1618   56105  58680     1.61e-08    6.26e-07
2012 06 27  1619   56105  58740     1.78e-08    6.52e-07
2012 06 27  1620   56105  58800     1.87e-08    6.62e-07
2012 06 27  1621   56105  58860     1.59e-08    6.67e-07
2012 06 27  1622   56105  58920     1.57e-08    6.71e-07
2012 06 27  1623   56105  58980     1.47e-08    6.71e-07
2012 06 27  1624   56105  59040     1.54e-08    6.59e-07
2012 06 27  1625   56105  59100     1.47e-08    6.49e-07
2012 06 27  1626   56105  59160     1.56e-08    6.47e-07
2012 06 27  1627   56105  59220     1.56e-08    6.47e-07
2012 06 27  1628   56105  59280     1.48e-08    6.39e-07
2012 06 27  1629   56105  59340     1.22e-08    6.34e-07
2012 06 27  1630   56105  59400     9.75e-09    6.43e-07
2012 06 27  1631   56105  59460     1.02e-08    6.55e-07
2012 06 27  1632   56105  59520     1.10e-08    6.69e-07
2012 06 27  1633   56105  59580     1.27e-08    6.75e-07
2012 06 27  1634   56105  59640     1.32e-08    6.83e-07
2012 06 27  1635   56105  59700     1.31e-08    6.87e-07
2012 06 27  1636   56105  59760     1.37e-08    6.96e-07
2012 06 27  1637   56105  59820     1.47e-08    7.04e-07
2012 06 27  1638   56105  59880     1.49e-08    6.88e-07
2012 06 27  1639   56105  59940     1.54e-08    6.87e-07
2012 06 27  1640   56105  60000     1.80e-08    7.09e-07
2012 06 27  1641   56105  60060     1.72e-08    7.12e-07
2012 06 27  1642   56105  60120     1.59e-08    7.07e-07
2012 06 27  1643   56105  60180     1.66e-08    7.03e-07
2012 06 27  1644   56105  60240     1.83e-08    7.14e-07
2012 06 27  1645   56105  60300     1.74e-08    7.16e-07
2012 06 27  1646   56105  60360     1.75e-08    7.21e-07
2012 06 27  1647   56105  60420     1.69e-08    7.16e-07
2012 06 27  1648   56105  60480     1.66e-08    7.17e-07
2012 06 27  1649   56105  60540     1.46e-08    7.27e-07
2012 06 27  1650   56105  60600     1.49e-08    7.27e-07
2012 06 27  1651   56105  60660     1.26e-08    7.05e-07
2012 06 27  1652   56105  60720     1.22e-08    6.77e-07
2012 06 27  1653   56105  60780     1.24e-08    6.57e-07
2012 06 27  1654   56105  60840     1.57e-08    6.45e-07
2012 06 27  1655   56105  60900     1.55e-08    6.37e-07
2012 06 27  1656   56105  60960     1.46e-08    6.28e-07
2012 06 27  1657   56105  61020     1.35e-08    6.20e-07
2012 06 27  1658   56105  61080     1.30e-08    6.19e-07
2012 06 27  1659   56105  61140     1.11e-08    6.14e-07
2012 06 27  1700   56105  61200     1.12e-08    6.08e-07
2012 06 27  1701   56105  61260     1.29e-08    5.99e-07
2012 06 27  1702   56105  61320     9.74e-09    5.99e-07
2012 06 27  1703   56105  61380     8.83e-09    5.99e-07
2012 06 27  1704   56105  61440     8.37e-09    5.94e-07
2012 06 27  1705   56105  61500     7.47e-09    5.91e-07
2012 06 27  1706   56105  61560     8.14e-09    5.96e-07
2012 06 27  1707   56105  61620     1.01e-08    6.23e-07
2012 06 27  1708   56105  61680     1.80e-08    6.70e-07
2012 06 27  1709   56105  61740     2.42e-08    7.38e-07
2012 06 27  1710   56105  61800     4.01e-08    8.63e-07
2012 06 27  1711   56105  61860     4.40e-08    9.29e-07
2012 06 27  1712   56105  61920     4.51e-08    9.72e-07
2012 06 27  1713   56105  61980     4.86e-08    1.01e-06
2012 06 27  1714   56105  62040     5.31e-08    1.05e-06
2012 06 27  1715   56105  62100     5.34e-08    1.08e-06
2012 06 27  1716   56105  62160     4.99e-08    1.07e-06
2012 06 27  1717   56105  62220     4.68e-08    1.06e-06
2012 06 27  1718   56105  62280     4.08e-08    1.04e-06
2012 06 27  1719   56105  62340     3.97e-08    1.02e-06
2012 06 27  1720   56105  62400     3.36e-08    9.97e-07
2012 06 27  1721   56105  62460     3.07e-08    9.74e-07
2012 06 27  1722   56105  62520     2.79e-08    9.53e-07
2012 06 27  1723   56105  62580     2.41e-08    9.29e-07
2012 06 27  1724   56105  62640     2.39e-08    9.08e-07
2012 06 27  1725   56105  62700     2.21e-08    8.93e-07
2012 06 27  1726   56105  62760     2.14e-08    8.79e-07
2012 06 27  1727   56105  62820     2.18e-08    8.69e-07
2012 06 27  1728   56105  62880     2.23e-08    8.81e-07
2012 06 27  1729   56105  62940     2.29e-08    8.89e-07
2012 06 27  1730   56105  63000     2.04e-08    8.78e-07
2012 06 27  1731   56105  63060     2.06e-08    8.62e-07
2012 06 27  1732   56105  63120     1.78e-08    8.50e-07
2012 06 27  1733   56105  63180     2.04e-08    8.50e-07
2012 06 27  1734   56105  63240     1.86e-08    8.38e-07
2012 06 27  1735   56105  63300     1.69e-08    8.24e-07
2012 06 27  1736   56105  63360     1.74e-08    8.15e-07
2012 06 27  1737   56105  63420     1.34e-08    8.06e-07
2012 06 27  1738   56105  63480     1.53e-08    8.06e-07
2012 06 27  1739   56105  63540     1.59e-08    8.05e-07
2012 06 27  1740   56105  63600     1.61e-08    8.28e-07
2012 06 27  1741   56105  63660     1.77e-08    8.32e-07
2012 06 27  1742   56105  63720     1.67e-08    8.38e-07
2012 06 27  1743   56105  63780     1.76e-08    8.43e-07
2012 06 27  1744   56105  63840     1.78e-08    8.40e-07
2012 06 27  1745   56105  63900     1.89e-08    8.50e-07
2012 06 27  1746   56105  63960     1.87e-08    8.57e-07
2012 06 27  1747   56105  64020     1.70e-08    8.51e-07
2012 06 27  1748   56105  64080     2.16e-08    8.74e-07
2012 06 27  1749   56105  64140     3.86e-08    9.72e-07
2012 06 27  1750   56105  64200     3.41e-08    9.78e-07
2012 06 27  1751   56105  64260     2.57e-08    9.47e-07
2012 06 27  1752   56105  64320     2.12e-08    9.21e-07
2012 06 27  1753   56105  64380     1.93e-08    9.00e-07
2012 06 27  1754   56105  64440     1.78e-08    8.81e-07
2012 06 27  1755   56105  64500     1.54e-08    8.64e-07
2012 06 27  1756   56105  64560     1.71e-08    8.44e-07
2012 06 27  1757   56105  64620     1.47e-08    8.30e-07
2012 06 27  1758   56105  64680     1.60e-08    8.26e-07
2012 06 27  1759   56105  64740     1.54e-08    8.22e-07
2012 06 27  1800   56105  64800     1.42e-08    8.17e-07
2012 06 27  1801   56105  64860     1.45e-08    8.22e-07
2012 06 27  1802   56105  64920     1.95e-08    8.43e-07
2012 06 27  1803   56105  64980     2.85e-08    9.17e-07
2012 06 27  1804   56105  65040     3.95e-08    9.94e-07
2012 06 27  1805   56105  65100     4.89e-08    1.08e-06
2012 06 27  1806   56105  65160     5.26e-08    1.16e-06
2012 06 27  1807   56105  65220     5.03e-08    1.17e-06
2012 06 27  1808   56105  65280     4.61e-08    1.14e-06
2012 06 27  1809   56105  65340     4.00e-08    1.12e-06
2012 06 27  1810   56105  65400     3.74e-08    1.09e-06
2012 06 27  1811   56105  65460     3.50e-08    1.05e-06
2012 06 27  1812   56105  65520     3.30e-08    9.98e-07
2012 06 27  1813   56105  65580     2.80e-08    9.49e-07
2012 06 27  1814   56105  65640     2.22e-08    8.88e-07
2012 06 27  1815   56105  65700     1.77e-08    8.34e-07
2012 06 27  1816   56105  65760     1.58e-08    7.86e-07
2012 06 27  1817   56105  65820     1.15e-08    7.32e-07
2012 06 27  1818   56105  65880     1.01e-08    6.88e-07
2012 06 27  1819   56105  65940     7.88e-09    6.49e-07
2012 06 27  1820   56105  66000     6.37e-09    6.16e-07
2012 06 27  1821   56105  66060     5.75e-09    5.90e-07
2012 06 27  1822   56105  66120     4.24e-09    5.67e-07
2012 06 27  1823   56105  66180     4.75e-09    5.54e-07
2012 06 27  1824   56105  66240     5.68e-09    5.41e-07
2012 06 27  1825   56105  66300     4.91e-09    5.33e-07
2012 06 27  1826   56105  66360     4.72e-09    5.20e-07
2012 06 27  1827   56105  66420     3.29e-09    5.19e-07
2012 06 27  1828   56105  66480     3.52e-09    5.18e-07
2012 06 27  1829   56105  66540     4.76e-09    5.14e-07
2012 06 27  1830   56105  66600     6.14e-09    5.14e-07
2012 06 27  1831   56105  66660     4.56e-09    5.17e-07
2012 06 27  1832   56105  66720     6.17e-09    5.15e-07
2012 06 27  1833   56105  66780     6.75e-09    5.08e-07
2012 06 27  1834   56105  66840     4.71e-09    5.08e-07
2012 06 27  1835   56105  66900     2.91e-09    5.19e-07
2012 06 27  1836   56105  66960     5.87e-09    5.44e-07
2012 06 27  1837   56105  67020     1.05e-08    5.88e-07
2012 06 27  1838   56105  67080     1.49e-08    6.47e-07
2012 06 27  1839   56105  67140     1.84e-08    7.05e-07
2012 06 27  1840   56105  67200     2.18e-08    7.59e-07
2012 06 27  1841   56105  67260     2.28e-08    8.07e-07
2012 06 27  1842   56105  67320     2.24e-08    8.33e-07
2012 06 27  1843   56105  67380     2.26e-08    8.47e-07
2012 06 27  1844   56105  67440     1.99e-08    8.38e-07
2012 06 27  1845   56105  67500     2.07e-08    8.26e-07
2012 06 27  1846   56105  67560     1.85e-08    8.09e-07
2012 06 27  1847   56105  67620     1.74e-08    8.02e-07
2012 06 27  1848   56105  67680     1.77e-08    7.88e-07
2012 06 27  1849   56105  67740     1.61e-08    7.66e-07
2012 06 27  1850   56105  67800     1.52e-08    7.54e-07
2012 06 27  1851   56105  67860     1.54e-08    7.40e-07
2012 06 27  1852   56105  67920     1.52e-08    7.25e-07
2012 06 27  1853   56105  67980     1.21e-08    7.19e-07
2012 06 27  1854   56105  68040     9.21e-09    6.97e-07
2012 06 27  1855   56105  68100     7.87e-09    6.81e-07
2012 06 27  1856   56105  68160     6.95e-09    6.59e-07
2012 06 27  1857   56105  68220     6.67e-09    6.46e-07
2012 06 27  1858   56105  68280     6.18e-09    6.41e-07
2012 06 27  1859   56105  68340     8.07e-09    6.37e-07
2012 06 27  1900   56105  68400     7.64e-09    6.38e-07
2012 06 27  1901   56105  68460     6.33e-09    6.22e-07
2012 06 27  1902   56105  68520     5.02e-09    6.03e-07
2012 06 27  1903   56105  68580     5.02e-09    5.85e-07
2012 06 27  1904   56105  68640     3.41e-09    5.66e-07
2012 06 27  1905   56105  68700     4.41e-09    5.54e-07
2012 06 27  1906   56105  68760     2.28e-09    5.45e-07
2012 06 27  1907   56105  68820     1.81e-09    5.34e-07
2012 06 27  1908   56105  68880     4.12e-09    5.24e-07
2012 06 27  1909   56105  68940     1.68e-09    5.08e-07
2012 06 27  1910   56105  69000     3.25e-09    4.99e-07
2012 06 27  1911   56105  69060     6.29e-09    5.43e-07
2012 06 27  1912   56105  69120     1.18e-08    6.15e-07
2012 06 27  1913   56105  69180     1.35e-08    6.19e-07
2012 06 27  1914   56105  69240     1.75e-08    6.35e-07
2012 06 27  1915   56105  69300     1.06e-08    5.70e-07
2012 06 27  1916   56105  69360     8.18e-09    5.60e-07
2012 06 27  1917   56105  69420     4.71e-09    5.11e-07
2012 06 27  1918   56105  69480     4.52e-09    5.06e-07
2012 06 27  1919   56105  69540     4.75e-09    5.01e-07
2012 06 27  1920   56105  69600     2.81e-08    6.49e-07
2012 06 27  1921   56105  69660     3.30e-08    7.38e-07
2012 06 27  1922   56105  69720     4.81e-08    8.06e-07
2012 06 27  1923   56105  69780     5.22e-08    8.57e-07
2012 06 27  1924   56105  69840     3.74e-08    8.30e-07
2012 06 27  1925   56105  69900     2.72e-08    7.84e-07
2012 06 27  1926   56105  69960     2.29e-08    7.45e-07
2012 06 27  1927   56105  70020     1.45e-08    7.02e-07
2012 06 27  1928   56105  70080     1.06e-08    6.58e-07
2012 06 27  1929   56105  70140     8.10e-09    6.21e-07
2012 06 27  1930   56105  70200     6.47e-09    5.89e-07
2012 06 27  1931   56105  70260     4.52e-09    5.64e-07
2012 06 27  1932   56105  70320     4.56e-09    5.43e-07
2012 06 27  1933   56105  70380     4.20e-09    5.27e-07
2012 06 27  1934   56105  70440     3.52e-09    5.19e-07
2012 06 27  1935   56105  70500     3.68e-09    5.11e-07
2012 06 27  1936   56105  70560     3.25e-09    5.03e-07
2012 06 27  1937   56105  70620     4.14e-09    4.94e-07
2012 06 27  1938   56105  70680     2.35e-09    4.81e-07
2012 06 27  1939   56105  70740     2.33e-09    4.71e-07
2012 06 27  1940   56105  70800     1.60e-09    4.58e-07
2012 06 27  1941   56105  70860     1.12e-09    4.49e-07
2012 06 27  1942   56105  70920     1.10e-09    4.42e-07
2012 06 27  1943   56105  70980     3.12e-09    4.40e-07
2012 06 27  1944   56105  71040     1.64e-09    4.44e-07
2012 06 27  1945   56105  71100     1.04e-09    4.38e-07
2012 06 27  1946   56105  71160     1.00e-09    4.30e-07
2012 06 27  1947   56105  71220     1.00e-09    4.22e-07
2012 06 27  1948   56105  71280     1.00e-09    4.15e-07
2012 06 27  1949   56105  71340     1.00e-09    4.10e-07
2012 06 27  1950   56105  71400     1.87e-09    4.08e-07
2012 06 27  1951   56105  71460     3.79e-09    4.05e-07
2012 06 27  1952   56105  71520     2.12e-09    3.98e-07
2012 06 27  1953   56105  71580     2.51e-09    4.06e-07
2012 06 27  1954   56105  71640     3.72e-09    4.19e-07
2012 06 27  1955   56105  71700     2.89e-09    4.22e-07
2012 06 27  1956   56105  71760     1.68e-09    4.18e-07
2012 06 27  1957   56105  71820     1.84e-09    4.12e-07
2012 06 27  1958   56105  71880     1.44e-09    4.09e-07
2012 06 27  1959   56105  71940     1.88e-09    4.05e-07
2012 06 27  2000   56105  72000     2.14e-09    4.04e-07
2012 06 27  2001   56105  72060     3.52e-09    3.99e-07
2012 06 27  2002   56105  72120     3.75e-09    4.10e-07
2012 06 27  2003   56105  72180     3.46e-09    4.11e-07
2012 06 27  2004   56105  72240     1.91e-09    4.04e-07
2012 06 27  2005   56105  72300     1.10e-09    4.03e-07
2012 06 27  2006   56105  72360     1.24e-09    4.23e-07
2012 06 27  2007   56105  72420     1.14e-09    4.28e-07
2012 06 27  2008   56105  72480     2.83e-09    4.31e-07
2012 06 27  2009   56105  72540     4.41e-09    4.49e-07
2012 06 27  2010   56105  72600     3.87e-09    4.62e-07
2012 06 27  2011   56105  72660     2.52e-09    4.55e-07
2012 06 27  2012   56105  72720     5.00e-09    4.38e-07
2012 06 27  2013   56105  72780     5.21e-09    4.27e-07
2012 06 27  2014   56105  72840     4.98e-09    4.17e-07
2012 06 27  2015   56105  72900     2.57e-09    4.13e-07
2012 06 27  2016   56105  72960     1.02e-09    4.12e-07
2012 06 27  2017   56105  73020     1.08e-09    4.06e-07
2012 06 27  2018   56105  73080     1.02e-09    4.04e-07
2012 06 27  2019   56105  73140     1.06e-09    4.02e-07
2012 06 27  2020   56105  73200     2.01e-09    4.05e-07
2012 06 27  2021   56105  73260     1.08e-09    3.98e-07
2012 06 27  2022   56105  73320     1.02e-09    3.93e-07
2012 06 27  2023   56105  73380     1.00e-09    3.89e-07
2012 06 27  2024   56105  73440     1.27e-09    3.90e-07
2012 06 27  2025   56105  73500     1.24e-09    3.97e-07
2012 06 27  2026   56105  73560     1.02e-09    3.96e-07
2012 06 27  2027   56105  73620     1.16e-09    3.99e-07
2012 06 27  2028   56105  73680     1.12e-09    3.98e-07
2012 06 27  2029   56105  73740     1.00e-09    3.97e-07
2012 06 27  2030   56105  73800     1.13e-09    3.89e-07
2012 06 27  2031   56105  73860     1.00e-09    3.84e-07
2012 06 27  2032   56105  73920     1.04e-09    3.82e-07
2012 06 27  2033   56105  73980     1.70e-09    3.82e-07
2012 06 27  2034   56105  74040     2.35e-09    3.84e-07
2012 06 27  2035   56105  74100     1.22e-09    3.83e-07
2012 06 27  2036   56105  74160     3.02e-09    3.84e-07
2012 06 27  2037   56105  74220     3.24e-09    3.90e-07
2012 06 27  2038   56105  74280     4.79e-09    3.99e-07
2012 06 27  2039   56105  74340     3.33e-09    4.07e-07
2012 06 27  2040   56105  74400     1.73e-09    4.04e-07
2012 06 27  2041   56105  74460     1.20e-09    4.02e-07
2012 06 27  2042   56105  74520     1.00e-09    4.01e-07
2012 06 27  2043   56105  74580     1.92e-09    4.04e-07
2012 06 27  2044   56105  74640     1.63e-09    4.01e-07
2012 06 27  2045   56105  74700     1.00e-09    3.97e-07
2012 06 27  2046   56105  74760     1.00e-09    3.96e-07
2012 06 27  2047   56105  74820     1.00e-09    3.93e-07
2012 06 27  2048   56105  74880     1.43e-09    3.94e-07
2012 06 27  2049   56105  74940     1.09e-09    4.01e-07
2012 06 27  2050   56105  75000     1.06e-09    4.03e-07
2012 06 27  2051   56105  75060     1.02e-09    4.13e-07
2012 06 27  2052   56105  75120     1.12e-09    4.16e-07
2012 06 27  2053   56105  75180     2.39e-09    4.20e-07
2012 06 27  2054   56105  75240     3.68e-09    4.13e-07
2012 06 27  2055   56105  75300     1.88e-09    4.07e-07
2012 06 27  2056   56105  75360     2.04e-09    4.01e-07
2012 06 27  2057   56105  75420     1.45e-09    3.98e-07
2012 06 27  2058   56105  75480     1.94e-09    4.05e-07
2012 06 27  2059   56105  75540     7.52e-09    4.59e-07
2012 06 27  2100   56105  75600     1.05e-08    4.84e-07
2012 06 27  2101   56105  75660     7.06e-09    4.67e-07
2012 06 27  2102   56105  75720     4.83e-09    4.44e-07
2012 06 27  2103   56105  75780     3.05e-09    4.23e-07
2012 06 27  2104   56105  75840     1.00e-09    4.05e-07
2012 06 27  2105   56105  75900     1.04e-09    4.00e-07
2012 06 27  2106   56105  75960     1.26e-09    3.94e-07
2012 06 27  2107   56105  76020     3.15e-09    3.86e-07
2012 06 27  2108   56105  76080     1.83e-09    3.84e-07
2012 06 27  2109   56105  76140     1.16e-09    3.78e-07
2012 06 27  2110   56105  76200     1.00e-09    3.70e-07
2012 06 27  2111   56105  76260     1.00e-09    3.68e-07
2012 06 27  2112   56105  76320     1.02e-09    3.74e-07
2012 06 27  2113   56105  76380     1.00e-09    3.76e-07
2012 06 27  2114   56105  76440     1.06e-09    3.75e-07
2012 06 27  2115   56105  76500     1.83e-09    3.70e-07
2012 06 27  2116   56105  76560     1.12e-09    3.64e-07
2012 06 27  2117   56105  76620     1.00e-09    3.59e-07
2012 06 27  2118   56105  76680     1.31e-09    3.52e-07
2012 06 27  2119   56105  76740     1.14e-09    3.49e-07
2012 06 27  2120   56105  76800     1.55e-09    3.48e-07
2012 06 27  2121   56105  76860     1.14e-09    3.49e-07
2012 06 27  2122   56105  76920     1.06e-09    3.52e-07
2012 06 27  2123   56105  76980     1.14e-09    3.56e-07
2012 06 27  2124   56105  77040     1.00e-09    3.63e-07
2012 06 27  2125   56105  77100     1.15e-09    3.64e-07
2012 06 27  2126   56105  77160     2.06e-09    3.66e-07
2012 06 27  2127   56105  77220     1.26e-09    3.66e-07
2012 06 27  2128   56105  77280     1.34e-09    3.68e-07
2012 06 27  2129   56105  77340     2.30e-09    3.68e-07
2012 06 27  2130   56105  77400     1.04e-09    3.70e-07
2012 06 27  2131   56105  77460     1.08e-09    3.65e-07
2012 06 27  2132   56105  77520     1.12e-09    3.67e-07
2012 06 27  2133   56105  77580     1.39e-09    3.66e-07
2012 06 27  2134   56105  77640     1.78e-09    3.74e-07
2012 06 27  2135   56105  77700     1.04e-09    3.84e-07
2012 06 27  2136   56105  77760     1.47e-09    3.90e-07
2012 06 27  2137   56105  77820     1.00e-09    3.89e-07
2012 06 27  2138   56105  77880     1.08e-09    3.92e-07
2012 06 27  2139   56105  77940     2.28e-09    4.06e-07
2012 06 27  2140   56105  78000     3.27e-09    4.07e-07
2012 06 27  2141   56105  78060     1.06e-09    4.10e-07
2012 06 27  2142   56105  78120     1.12e-09    4.13e-07
2012 06 27  2143   56105  78180     1.39e-09    4.19e-07
2012 06 27  2144   56105  78240     1.93e-09    4.19e-07
2012 06 27  2145   56105  78300     2.32e-09    4.20e-07
2012 06 27  2146   56105  78360     1.06e-09    4.24e-07
2012 06 27  2147   56105  78420     1.00e-09    4.32e-07
2012 06 27  2148   56105  78480     1.00e-09    4.32e-07
2012 06 27  2149   56105  78540     1.22e-09    4.32e-07
2012 06 27  2150   56105  78600     1.00e-09    4.33e-07
2012 06 27  2151   56105  78660     1.02e-09    4.33e-07
2012 06 27  2152   56105  78720     1.16e-09    4.29e-07
2012 06 27  2153   56105  78780     1.49e-09    4.32e-07
2012 06 27  2154   56105  78840     3.27e-09    4.36e-07
2012 06 27  2155   56105  78900     4.33e-09    4.33e-07
2012 06 27  2156   56105  78960     1.80e-09    4.32e-07
2012 06 27  2157   56105  79020     1.96e-09    4.41e-07
2012 06 27  2158   56105  79080     2.96e-09    4.48e-07
2012 06 27  2159   56105  79140     2.91e-09    4.64e-07
2012 06 27  2200   56105  79200     8.57e-09    5.01e-07
2012 06 27  2201   56105  79260     5.24e-09    4.98e-07
2012 06 27  2202   56105  79320     2.77e-09    4.58e-07
2012 06 27  2203   56105  79380     1.47e-09    4.24e-07
2012 06 27  2204   56105  79440     1.08e-09    4.08e-07
2012 06 27  2205   56105  79500     1.35e-09    3.97e-07
2012 06 27  2206   56105  79560     1.79e-09    3.97e-07
2012 06 27  2207   56105  79620     1.15e-09    3.94e-07
2012 06 27  2208   56105  79680     2.26e-09    3.97e-07
2012 06 27  2209   56105  79740     1.48e-09    3.96e-07
2012 06 27  2210   56105  79800     1.06e-09    3.92e-07
2012 06 27  2211   56105  79860     1.23e-09    3.89e-07
2012 06 27  2212   56105  79920     1.00e-09    3.90e-07
2012 06 27  2213   56105  79980     1.40e-09    3.91e-07
2012 06 27  2214   56105  80040     1.08e-09    3.93e-07
2012 06 27  2215   56105  80100     1.52e-09    3.96e-07
2012 06 27  2216   56105  80160     2.11e-09    4.16e-07
2012 06 27  2217   56105  80220     4.30e-09    4.26e-07
2012 06 27  2218   56105  80280     5.25e-09    4.28e-07
2012 06 27  2219   56105  80340     4.69e-09    4.35e-07
2012 06 27  2220   56105  80400     3.99e-09    4.50e-07
2012 06 27  2221   56105  80460     4.98e-09    4.64e-07
2012 06 27  2222   56105  80520     8.25e-09    4.94e-07
2012 06 27  2223   56105  80580     1.00e-08    5.15e-07
2012 06 27  2224   56105  80640     9.98e-09    5.41e-07
2012 06 27  2225   56105  80700     1.30e-08    5.68e-07
2012 06 27  2226   56105  80760     1.13e-08    5.92e-07
2012 06 27  2227   56105  80820     1.27e-08    6.21e-07
2012 06 27  2228   56105  80880     1.52e-08    6.36e-07
2012 06 27  2229   56105  80940     1.58e-08    6.50e-07
2012 06 27  2230   56105  81000     1.90e-08    6.75e-07
2012 06 27  2231   56105  81060     2.21e-08    6.99e-07
2012 06 27  2232   56105  81120     2.95e-08    7.58e-07
2012 06 27  2233   56105  81180     3.67e-08    8.37e-07
2012 06 27  2234   56105  81240     3.42e-08    8.70e-07
2012 06 27  2235   56105  81300     3.20e-08    8.68e-07
2012 06 27  2236   56105  81360     3.01e-08    8.50e-07
2012 06 27  2237   56105  81420     2.63e-08    8.22e-07
2012 06 27  2238   56105  81480     2.28e-08    7.90e-07
2012 06 27  2239   56105  81540     1.95e-08    7.47e-07
2012 06 27  2240   56105  81600     1.96e-08    7.34e-07
2012 06 27  2241   56105  81660     1.37e-08    7.07e-07
2012 06 27  2242   56105  81720     1.09e-08    6.75e-07
2012 06 27  2243   56105  81780     9.98e-09    6.56e-07
2012 06 27  2244   56105  81840     7.83e-09    6.31e-07
2012 06 27  2245   56105  81900     6.06e-09    6.12e-07
2012 06 27  2246   56105  81960     5.60e-09    5.91e-07
2012 06 27  2247   56105  82020     6.60e-09    5.69e-07
2012 06 27  2248   56105  82080     7.99e-09    5.45e-07
2012 06 27  2249   56105  82140     6.06e-09    5.31e-07
2012 06 27  2250   56105  82200     4.45e-09    5.16e-07
2012 06 27  2251   56105  82260     4.18e-09    5.02e-07
2012 06 27  2252   56105  82320     5.91e-09    5.09e-07
2012 06 27  2253   56105  82380     5.21e-09    4.98e-07
2012 06 27  2254   56105  82440     3.41e-09    4.79e-07
2012 06 27  2255   56105  82500     2.07e-09    4.64e-07
2012 06 27  2256   56105  82560     2.21e-09    4.53e-07
2012 06 27  2257   56105  82620     1.94e-09    4.44e-07
2012 06 27  2258   56105  82680     1.86e-09    4.32e-07
2012 06 27  2259   56105  82740     1.08e-09    4.27e-07
2012 06 27  2300   56105  82800     2.00e-09    4.23e-07
2012 06 27  2301   56105  82860     3.23e-09    4.18e-07
2012 06 27  2302   56105  82920     3.09e-09    4.10e-07
2012 06 27  2303   56105  82980     2.31e-09    3.98e-07
2012 06 27  2304   56105  83040     2.75e-09    3.94e-07
2012 06 27  2305   56105  83100     1.00e-09    3.88e-07
2012 06 27  2306   56105  83160     1.00e-09    3.78e-07
2012 06 27  2307   56105  83220     1.89e-09    3.68e-07
2012 06 27  2308   56105  83280     1.20e-09    3.69e-07
2012 06 27  2309   56105  83340     1.30e-09    3.68e-07
2012 06 27  2310   56105  83400     5.18e-09    3.62e-07
2012 06 27  2311   56105  83460     1.16e-09    3.59e-07
2012 06 27  2312   56105  83520     1.00e-09    3.57e-07
2012 06 27  2313   56105  83580     1.32e-09    3.56e-07
2012 06 27  2314   56105  83640     1.00e-09    3.54e-07
2012 06 27  2315   56105  83700     1.00e-09    3.50e-07
2012 06 27  2316   56105  83760     1.00e-09    3.45e-07
2012 06 27  2317   56105  83820     1.04e-09    3.45e-07
2012 06 27  2318   56105  83880     1.20e-09    3.43e-07
2012 06 27  2319   56105  83940     1.00e-09    3.45e-07
2012 06 27  2320   56105  84000     1.00e-09    3.51e-07
2012 06 27  2321   56105  84060     1.00e-09    3.49e-07
2012 06 27  2322   56105  84120     1.00e-09    3.51e-07
2012 06 27  2323   56105  84180     1.00e-09    3.53e-07
2012 06 27  2324   56105  84240     1.04e-09    3.64e-07
2012 06 27  2325   56105  84300     1.42e-09    3.73e-07
2012 06 27  2326   56105  84360     1.69e-09    3.76e-07
2012 06 27  2327   56105  84420     4.77e-09    3.88e-07
2012 06 27  2328   56105  84480     3.56e-09    4.02e-07
2012 06 27  2329   56105  84540     3.61e-09    4.08e-07
2012 06 27  2330   56105  84600     2.45e-09    4.04e-07
2012 06 27  2331   56105  84660     2.75e-09    4.02e-07
2012 06 27  2332   56105  84720     2.05e-09    4.00e-07
2012 06 27  2333   56105  84780     2.39e-09    3.94e-07
2012 06 27  2334   56105  84840     2.37e-09    3.93e-07
2012 06 27  2335   56105  84900     5.54e-09    3.98e-07
2012 06 27  2336   56105  84960     5.29e-09    4.06e-07
2012 06 27  2337   56105  85020     3.60e-09    4.28e-07
2012 06 27  2338   56105  85080     5.79e-09    4.43e-07
2012 06 27  2339   56105  85140     3.04e-09    4.45e-07
2012 06 27  2340   56105  85200     3.33e-09    4.41e-07
2012 06 27  2341   56105  85260     2.75e-09    4.35e-07
2012 06 27  2342   56105  85320     2.00e-09    4.37e-07
2012 06 27  2343   56105  85380     1.15e-09    4.34e-07
2012 06 27  2344   56105  85440     1.33e-09    4.35e-07
2012 06 27  2345   56105  85500     1.77e-09    4.32e-07
2012 06 27  2346   56105  85560     1.70e-09    4.35e-07
2012 06 27  2347   56105  85620     2.87e-09    4.40e-07
2012 06 27  2348   56105  85680     3.83e-09    4.47e-07
2012 06 27  2349   56105  85740     3.61e-09    4.40e-07
2012 06 27  2350   56105  85800     2.08e-09    4.28e-07
2012 06 27  2351   56105  85860     2.25e-09    4.16e-07
2012 06 27  2352   56105  85920     1.44e-09    4.04e-07
2012 06 27  2353   56105  85980     1.35e-09    3.98e-07
2012 06 27  2354   56105  86040     1.58e-09    3.85e-07
2012 06 27  2355   56105  86100     1.20e-09    3.76e-07
2012 06 27  2356   56105  86160     1.60e-09    3.74e-07
2012 06 27  2357   56105  86220     1.00e-09    3.82e-07
2012 06 27  2358   56105  86280     1.02e-09    3.87e-07
2012 06 27  2359   56105  86340     1.38e-09    3.88e-07
