:Data_list: 20120629_Gp_xr_1m.txt
:Created: 2012 Jun 30 0010 UTC
# Prepared by the U.S. Dept. of Commerce, NOAA, Space Weather Prediction Center
# Please send comments and suggestions to SWPC.Webmaster@noaa.gov 
# 
# Label: Short = 0.05- 0.4 nanometer
# Label: Long  = 0.1 - 0.8 nanometer
# Units: Short = Watts per meter squared
# Units: Long  = Watts per meter squared
# Source: GOES-15
# Location: W135
# Missing data: -1.00e+05
#
#         1-minute GOES-15 Solar X-ray Flux
# 
#                 Modified Seconds
# UTC Date  Time   Julian  of the
# YR MO DA  HHMM    Day     Day       Short       Long
#-------------------------------------------------------
2012 06 29  0000   56107      0     1.00e-09    3.19e-07
2012 06 29  0001   56107     60     1.00e-09    3.17e-07
2012 06 29  0002   56107    120     1.04e-09    3.23e-07
2012 06 29  0003   56107    180     1.00e-09    3.22e-07
2012 06 29  0004   56107    240     1.14e-09    3.43e-07
2012 06 29  0005   56107    300     1.68e-09    3.42e-07
2012 06 29  0006   56107    360     1.23e-09    3.48e-07
2012 06 29  0007   56107    420     1.59e-09    3.49e-07
2012 06 29  0008   56107    480     1.06e-09    3.65e-07
2012 06 29  0009   56107    540     1.04e-09    3.90e-07
2012 06 29  0010   56107    600     1.00e-09    3.97e-07
2012 06 29  0011   56107    660     1.00e-09    3.92e-07
2012 06 29  0012   56107    720     2.00e-09    3.92e-07
2012 06 29  0013   56107    780     1.00e-09    3.79e-07
2012 06 29  0014   56107    840     1.00e-09    3.73e-07
2012 06 29  0015   56107    900     1.00e-09    3.69e-07
2012 06 29  0016   56107    960     1.00e-09    3.62e-07
2012 06 29  0017   56107   1020     1.16e-09    3.68e-07
2012 06 29  0018   56107   1080     1.00e-09    3.57e-07
2012 06 29  0019   56107   1140     1.00e-09    3.53e-07
2012 06 29  0020   56107   1200     1.33e-09    3.55e-07
2012 06 29  0021   56107   1260     3.69e-09    3.65e-07
2012 06 29  0022   56107   1320     4.25e-09    3.83e-07
2012 06 29  0023   56107   1380     5.84e-09    4.09e-07
2012 06 29  0024   56107   1440     6.02e-09    4.22e-07
2012 06 29  0025   56107   1500     9.48e-09    4.33e-07
2012 06 29  0026   56107   1560     7.79e-09    4.49e-07
2012 06 29  0027   56107   1620     5.99e-09    4.48e-07
2012 06 29  0028   56107   1680     5.18e-09    4.47e-07
2012 06 29  0029   56107   1740     2.12e-09    4.48e-07
2012 06 29  0030   56107   1800     4.57e-09    4.59e-07
2012 06 29  0031   56107   1860     6.10e-09    4.74e-07
2012 06 29  0032   56107   1920     8.63e-09    5.13e-07
2012 06 29  0033   56107   1980     1.18e-08    5.40e-07
2012 06 29  0034   56107   2040     2.30e-08    6.35e-07
2012 06 29  0035   56107   2100     3.19e-08    7.03e-07
2012 06 29  0036   56107   2160     7.78e-08    1.01e-06
2012 06 29  0037   56107   2220     1.34e-07    1.30e-06
2012 06 29  0038   56107   2280     1.18e-07    1.40e-06
2012 06 29  0039   56107   2340     7.80e-08    1.28e-06
2012 06 29  0040   56107   2400     4.24e-08    1.05e-06
2012 06 29  0041   56107   2460     2.20e-08    8.28e-07
2012 06 29  0042   56107   2520     1.15e-08    6.71e-07
2012 06 29  0043   56107   2580     7.66e-09    5.67e-07
2012 06 29  0044   56107   2640     4.14e-09    4.90e-07
2012 06 29  0045   56107   2700     3.06e-09    4.32e-07
2012 06 29  0046   56107   2760     3.16e-09    4.00e-07
2012 06 29  0047   56107   2820     5.80e-09    4.00e-07
2012 06 29  0048   56107   2880     3.66e-09    4.00e-07
2012 06 29  0049   56107   2940     3.69e-09    3.98e-07
2012 06 29  0050   56107   3000     1.08e-09    3.63e-07
2012 06 29  0051   56107   3060     1.00e-09    3.47e-07
2012 06 29  0052   56107   3120     1.08e-09    3.41e-07
2012 06 29  0053   56107   3180     1.39e-09    3.41e-07
2012 06 29  0054   56107   3240     1.04e-09    3.40e-07
2012 06 29  0055   56107   3300     2.48e-09    3.49e-07
2012 06 29  0056   56107   3360     1.00e-09    3.52e-07
2012 06 29  0057   56107   3420     1.00e-09    3.45e-07
2012 06 29  0058   56107   3480     1.00e-09    3.39e-07
2012 06 29  0059   56107   3540     1.00e-09    3.36e-07
2012 06 29  0100   56107   3600     1.52e-09    3.36e-07
2012 06 29  0101   56107   3660     2.01e-09    3.37e-07
2012 06 29  0102   56107   3720     1.23e-09    3.44e-07
2012 06 29  0103   56107   3780     1.16e-09    3.42e-07
2012 06 29  0104   56107   3840     2.82e-09    3.55e-07
2012 06 29  0105   56107   3900     1.58e-09    3.70e-07
2012 06 29  0106   56107   3960     1.33e-09    3.71e-07
2012 06 29  0107   56107   4020     1.00e-09    3.64e-07
2012 06 29  0108   56107   4080     1.00e-09    3.64e-07
2012 06 29  0109   56107   4140     1.00e-09    3.50e-07
2012 06 29  0110   56107   4200     1.00e-09    3.44e-07
2012 06 29  0111   56107   4260     1.00e-09    3.42e-07
2012 06 29  0112   56107   4320     1.00e-09    3.40e-07
2012 06 29  0113   56107   4380     1.00e-09    3.39e-07
2012 06 29  0114   56107   4440     1.08e-09    3.47e-07
2012 06 29  0115   56107   4500     1.28e-09    3.50e-07
2012 06 29  0116   56107   4560     1.00e-09    3.49e-07
2012 06 29  0117   56107   4620     1.02e-09    3.51e-07
2012 06 29  0118   56107   4680     1.00e-09    3.63e-07
2012 06 29  0119   56107   4740     1.40e-09    3.93e-07
2012 06 29  0120   56107   4800     3.38e-09    4.24e-07
2012 06 29  0121   56107   4860     1.85e-08    5.93e-07
2012 06 29  0122   56107   4920     7.85e-08    1.06e-06
2012 06 29  0123   56107   4980     5.81e-07    2.87e-06
2012 06 29  0124   56107   5040     1.51e-06    5.91e-06
2012 06 29  0125   56107   5100     1.27e-06    6.78e-06
2012 06 29  0126   56107   5160     7.73e-07    6.21e-06
2012 06 29  0127   56107   5220     3.50e-07    4.38e-06
2012 06 29  0128   56107   5280     1.38e-07    2.60e-06
2012 06 29  0129   56107   5340     5.18e-08    1.43e-06
2012 06 29  0130   56107   5400     2.16e-08    8.67e-07
2012 06 29  0131   56107   5460     1.21e-08    6.20e-07
2012 06 29  0132   56107   5520     7.14e-09    4.94e-07
2012 06 29  0133   56107   5580     3.45e-09    4.39e-07
2012 06 29  0134   56107   5640     2.46e-09    4.15e-07
2012 06 29  0135   56107   5700     1.08e-09    3.97e-07
2012 06 29  0136   56107   5760     1.04e-09    3.90e-07
2012 06 29  0137   56107   5820     1.82e-09    3.88e-07
2012 06 29  0138   56107   5880     2.98e-09    3.93e-07
2012 06 29  0139   56107   5940     2.65e-09    3.99e-07
2012 06 29  0140   56107   6000     1.04e-09    4.04e-07
2012 06 29  0141   56107   6060     1.06e-09    4.04e-07
2012 06 29  0142   56107   6120     1.71e-09    4.15e-07
2012 06 29  0143   56107   6180     2.18e-09    4.10e-07
2012 06 29  0144   56107   6240     1.64e-09    4.05e-07
2012 06 29  0145   56107   6300     1.02e-09    4.07e-07
2012 06 29  0146   56107   6360     1.00e-09    4.14e-07
2012 06 29  0147   56107   6420     2.13e-09    4.35e-07
2012 06 29  0148   56107   6480     2.36e-09    4.28e-07
2012 06 29  0149   56107   6540     3.79e-09    4.27e-07
2012 06 29  0150   56107   6600     4.68e-09    4.24e-07
2012 06 29  0151   56107   6660     4.65e-09    4.37e-07
2012 06 29  0152   56107   6720     3.14e-09    4.12e-07
2012 06 29  0153   56107   6780     1.02e-09    3.98e-07
2012 06 29  0154   56107   6840     1.00e-09    3.95e-07
2012 06 29  0155   56107   6900     1.17e-09    3.88e-07
2012 06 29  0156   56107   6960     1.02e-09    3.84e-07
2012 06 29  0157   56107   7020     1.00e-09    3.83e-07
2012 06 29  0158   56107   7080     1.10e-09    3.80e-07
2012 06 29  0159   56107   7140     1.06e-09    3.81e-07
2012 06 29  0200   56107   7200     1.00e-09    3.82e-07
2012 06 29  0201   56107   7260     1.00e-09    3.80e-07
2012 06 29  0202   56107   7320     1.29e-09    3.79e-07
2012 06 29  0203   56107   7380     2.36e-09    3.81e-07
2012 06 29  0204   56107   7440     3.14e-09    3.89e-07
2012 06 29  0205   56107   7500     3.55e-09    4.03e-07
2012 06 29  0206   56107   7560     1.00e-09    3.94e-07
2012 06 29  0207   56107   7620     1.00e-09    3.89e-07
2012 06 29  0208   56107   7680     1.00e-09    3.96e-07
2012 06 29  0209   56107   7740     1.63e-09    4.06e-07
2012 06 29  0210   56107   7800     2.91e-09    4.15e-07
2012 06 29  0211   56107   7860     5.43e-09    4.33e-07
2012 06 29  0212   56107   7920     1.20e-08    5.19e-07
2012 06 29  0213   56107   7980     1.06e-08    5.40e-07
2012 06 29  0214   56107   8040     7.51e-09    5.25e-07
2012 06 29  0215   56107   8100     5.91e-09    5.08e-07
2012 06 29  0216   56107   8160     3.68e-09    5.00e-07
2012 06 29  0217   56107   8220     4.75e-09    4.94e-07
2012 06 29  0218   56107   8280     6.06e-09    4.90e-07
2012 06 29  0219   56107   8340     2.66e-09    4.93e-07
2012 06 29  0220   56107   8400     1.06e-09    4.98e-07
2012 06 29  0221   56107   8460     3.36e-09    5.05e-07
2012 06 29  0222   56107   8520     7.40e-09    5.27e-07
2012 06 29  0223   56107   8580     7.94e-09    5.36e-07
2012 06 29  0224   56107   8640     1.24e-08    5.68e-07
2012 06 29  0225   56107   8700     2.75e-09    5.38e-07
2012 06 29  0226   56107   8760     1.00e-09    5.00e-07
2012 06 29  0227   56107   8820     1.00e-09    4.89e-07
2012 06 29  0228   56107   8880     1.70e-09    4.95e-07
2012 06 29  0229   56107   8940     4.94e-09    5.33e-07
2012 06 29  0230   56107   9000     7.52e-09    5.57e-07
2012 06 29  0231   56107   9060     4.83e-09    5.20e-07
2012 06 29  0232   56107   9120     2.95e-09    4.96e-07
2012 06 29  0233   56107   9180     1.57e-09    4.80e-07
2012 06 29  0234   56107   9240     1.18e-09    4.61e-07
2012 06 29  0235   56107   9300     1.61e-09    4.51e-07
2012 06 29  0236   56107   9360     1.28e-09    4.38e-07
2012 06 29  0237   56107   9420     1.04e-09    4.32e-07
2012 06 29  0238   56107   9480     1.43e-09    4.31e-07
2012 06 29  0239   56107   9540     1.42e-09    4.25e-07
2012 06 29  0240   56107   9600     1.28e-09    4.20e-07
2012 06 29  0241   56107   9660     1.17e-09    4.20e-07
2012 06 29  0242   56107   9720     1.00e-09    4.16e-07
2012 06 29  0243   56107   9780     1.00e-09    4.11e-07
2012 06 29  0244   56107   9840     1.73e-09    4.09e-07
2012 06 29  0245   56107   9900     1.33e-09    4.06e-07
2012 06 29  0246   56107   9960     1.06e-09    4.05e-07
2012 06 29  0247   56107  10020     1.00e-09    4.13e-07
2012 06 29  0248   56107  10080     1.00e-09    4.15e-07
2012 06 29  0249   56107  10140     1.00e-09    4.08e-07
2012 06 29  0250   56107  10200     1.00e-09    4.04e-07
2012 06 29  0251   56107  10260     1.18e-09    4.02e-07
2012 06 29  0252   56107  10320     1.02e-09    4.00e-07
2012 06 29  0253   56107  10380     1.51e-09    4.11e-07
2012 06 29  0254   56107  10440     1.00e-09    4.17e-07
2012 06 29  0255   56107  10500     1.00e-09    4.35e-07
2012 06 29  0256   56107  10560     1.10e-09    4.39e-07
2012 06 29  0257   56107  10620     3.14e-09    4.70e-07
2012 06 29  0258   56107  10680     4.80e-09    5.20e-07
2012 06 29  0259   56107  10740     7.29e-09    5.41e-07
2012 06 29  0300   56107  10800     6.44e-09    5.45e-07
2012 06 29  0301   56107  10860     6.10e-09    5.37e-07
2012 06 29  0302   56107  10920     7.52e-09    5.45e-07
2012 06 29  0303   56107  10980     1.11e-08    5.84e-07
2012 06 29  0304   56107  11040     6.41e-09    5.51e-07
2012 06 29  0305   56107  11100     5.02e-09    5.23e-07
2012 06 29  0306   56107  11160     3.46e-09    4.91e-07
2012 06 29  0307   56107  11220     2.04e-09    4.59e-07
2012 06 29  0308   56107  11280     1.88e-09    4.52e-07
2012 06 29  0309   56107  11340     2.12e-09    4.43e-07
2012 06 29  0310   56107  11400     1.28e-09    4.31e-07
2012 06 29  0311   56107  11460     1.02e-09    4.28e-07
2012 06 29  0312   56107  11520     1.02e-09    4.27e-07
2012 06 29  0313   56107  11580     1.00e-09    4.22e-07
2012 06 29  0314   56107  11640     1.00e-09    4.15e-07
2012 06 29  0315   56107  11700     1.00e-09    4.09e-07
2012 06 29  0316   56107  11760     1.32e-09    4.11e-07
2012 06 29  0317   56107  11820     1.02e-09    4.17e-07
2012 06 29  0318   56107  11880     1.00e-09    4.16e-07
2012 06 29  0319   56107  11940     1.00e-09    4.10e-07
2012 06 29  0320   56107  12000     1.00e-09    4.27e-07
2012 06 29  0321   56107  12060     1.17e-09    4.31e-07
2012 06 29  0322   56107  12120     1.00e-09    4.35e-07
2012 06 29  0323   56107  12180     1.00e-09    4.29e-07
2012 06 29  0324   56107  12240     1.10e-09    4.26e-07
2012 06 29  0325   56107  12300     1.21e-09    4.31e-07
2012 06 29  0326   56107  12360     1.28e-09    4.32e-07
2012 06 29  0327   56107  12420     1.02e-09    4.36e-07
2012 06 29  0328   56107  12480     1.04e-09    4.31e-07
2012 06 29  0329   56107  12540     1.00e-09    4.31e-07
2012 06 29  0330   56107  12600     1.00e-09    4.27e-07
2012 06 29  0331   56107  12660     1.06e-09    4.26e-07
2012 06 29  0332   56107  12720     1.41e-09    4.28e-07
2012 06 29  0333   56107  12780     2.11e-09    4.37e-07
2012 06 29  0334   56107  12840     5.48e-09    4.39e-07
2012 06 29  0335   56107  12900     1.10e-08    5.14e-07
2012 06 29  0336   56107  12960     9.36e-09    5.19e-07
2012 06 29  0337   56107  13020     1.22e-08    5.45e-07
2012 06 29  0338   56107  13080     1.56e-08    5.93e-07
2012 06 29  0339   56107  13140     9.18e-09    5.51e-07
2012 06 29  0340   56107  13200     5.48e-09    4.96e-07
2012 06 29  0341   56107  13260     2.64e-09    4.72e-07
2012 06 29  0342   56107  13320     5.21e-09    4.61e-07
2012 06 29  0343   56107  13380     5.45e-09    4.63e-07
2012 06 29  0344   56107  13440     5.02e-09    4.79e-07
2012 06 29  0345   56107  13500     2.40e-09    4.83e-07
2012 06 29  0346   56107  13560     3.95e-09    4.80e-07
2012 06 29  0347   56107  13620     3.75e-09    4.72e-07
2012 06 29  0348   56107  13680     1.62e-09    4.49e-07
2012 06 29  0349   56107  13740     2.16e-09    4.35e-07
2012 06 29  0350   56107  13800     1.04e-09    4.33e-07
2012 06 29  0351   56107  13860     1.44e-09    4.46e-07
2012 06 29  0352   56107  13920     1.61e-09    4.53e-07
2012 06 29  0353   56107  13980     1.85e-09    4.64e-07
2012 06 29  0354   56107  14040     1.47e-09    4.66e-07
2012 06 29  0355   56107  14100     3.49e-09    4.61e-07
2012 06 29  0356   56107  14160     1.77e-09    4.50e-07
2012 06 29  0357   56107  14220     1.14e-09    4.39e-07
2012 06 29  0358   56107  14280     1.12e-09    4.33e-07
2012 06 29  0359   56107  14340     1.14e-09    4.22e-07
2012 06 29  0400   56107  14400     1.00e-09    4.19e-07
2012 06 29  0401   56107  14460     1.00e-09    4.13e-07
2012 06 29  0402   56107  14520     1.00e-09    4.07e-07
2012 06 29  0403   56107  14580     1.36e-09    4.07e-07
2012 06 29  0404   56107  14640     3.71e-09    4.41e-07
2012 06 29  0405   56107  14700     2.26e-09    4.47e-07
2012 06 29  0406   56107  14760     1.10e-09    4.34e-07
2012 06 29  0407   56107  14820     1.14e-09    4.46e-07
2012 06 29  0408   56107  14880     4.33e-09    4.78e-07
2012 06 29  0409   56107  14940     1.22e-09    4.43e-07
2012 06 29  0410   56107  15000     4.29e-09    4.71e-07
2012 06 29  0411   56107  15060     4.61e-08    7.23e-07
2012 06 29  0412   56107  15120     1.74e-07    1.51e-06
2012 06 29  0413   56107  15180     5.52e-07    3.18e-06
2012 06 29  0414   56107  15240     8.64e-07    4.63e-06
2012 06 29  0415   56107  15300     4.27e-07    3.26e-06
2012 06 29  0416   56107  15360     1.10e-07    1.44e-06
2012 06 29  0417   56107  15420     1.34e-07    1.25e-06
2012 06 29  0418   56107  15480     4.58e-08    8.41e-07
2012 06 29  0419   56107  15540     4.63e-09    5.13e-07
2012 06 29  0420   56107  15600     1.02e-09    4.24e-07
2012 06 29  0421   56107  15660     1.16e-09    4.07e-07
2012 06 29  0422   56107  15720     1.02e-09    3.98e-07
2012 06 29  0423   56107  15780     1.00e-09    4.09e-07
2012 06 29  0424   56107  15840     1.23e-09    4.18e-07
2012 06 29  0425   56107  15900     1.14e-09    4.11e-07
2012 06 29  0426   56107  15960     1.00e-09    4.00e-07
2012 06 29  0427   56107  16020     1.00e-09    3.95e-07
2012 06 29  0428   56107  16080     1.04e-09    3.99e-07
2012 06 29  0429   56107  16140     1.00e-09    4.05e-07
2012 06 29  0430   56107  16200     1.00e-09    4.10e-07
2012 06 29  0431   56107  16260     1.18e-09    4.16e-07
2012 06 29  0432   56107  16320     1.08e-09    4.24e-07
2012 06 29  0433   56107  16380     1.39e-09    4.11e-07
2012 06 29  0434   56107  16440     1.59e-09    4.13e-07
2012 06 29  0435   56107  16500     1.02e-09    4.28e-07
2012 06 29  0436   56107  16560     2.87e-09    4.43e-07
2012 06 29  0437   56107  16620     1.62e-09    4.48e-07
2012 06 29  0438   56107  16680     2.33e-09    4.52e-07
2012 06 29  0439   56107  16740     3.50e-09    4.76e-07
2012 06 29  0440   56107  16800     7.60e-09    5.29e-07
2012 06 29  0441   56107  16860     9.25e-09    5.21e-07
2012 06 29  0442   56107  16920     6.91e-09    5.06e-07
2012 06 29  0443   56107  16980     5.24e-09    5.00e-07
2012 06 29  0444   56107  17040     5.68e-09    5.18e-07
2012 06 29  0445   56107  17100     1.39e-08    6.10e-07
2012 06 29  0446   56107  17160     1.33e-08    6.46e-07
2012 06 29  0447   56107  17220     2.17e-09    5.11e-07
2012 06 29  0448   56107  17280     1.00e-09    4.47e-07
2012 06 29  0449   56107  17340     1.02e-09    4.43e-07
2012 06 29  0450   56107  17400     2.07e-09    4.63e-07
2012 06 29  0451   56107  17460     2.33e-09    4.77e-07
2012 06 29  0452   56107  17520     4.06e-09    4.85e-07
2012 06 29  0453   56107  17580     4.28e-09    4.83e-07
2012 06 29  0454   56107  17640     3.83e-09    4.75e-07
2012 06 29  0455   56107  17700     3.96e-09    4.71e-07
2012 06 29  0456   56107  17760     2.45e-09    4.72e-07
2012 06 29  0457   56107  17820     1.31e-09    4.66e-07
2012 06 29  0458   56107  17880     1.14e-09    4.61e-07
2012 06 29  0459   56107  17940     1.39e-09    4.61e-07
2012 06 29  0500   56107  18000     1.08e-09    4.65e-07
2012 06 29  0501   56107  18060     1.08e-09    4.67e-07
2012 06 29  0502   56107  18120     1.66e-09    4.58e-07
2012 06 29  0503   56107  18180     2.18e-09    5.15e-07
2012 06 29  0504   56107  18240     1.12e-09    4.84e-07
2012 06 29  0505   56107  18300     1.06e-09    4.67e-07
2012 06 29  0506   56107  18360     1.10e-09    4.63e-07
2012 06 29  0507   56107  18420     1.00e-09    4.54e-07
2012 06 29  0508   56107  18480     1.20e-09    4.43e-07
2012 06 29  0509   56107  18540     1.30e-09    4.35e-07
2012 06 29  0510   56107  18600     1.84e-09    4.28e-07
2012 06 29  0511   56107  18660     1.71e-09    4.30e-07
2012 06 29  0512   56107  18720     7.63e-09    4.94e-07
2012 06 29  0513   56107  18780     1.90e-08    6.06e-07
2012 06 29  0514   56107  18840     1.93e-08    6.37e-07
2012 06 29  0515   56107  18900     1.50e-08    6.25e-07
2012 06 29  0516   56107  18960     1.43e-08    6.21e-07
2012 06 29  0517   56107  19020     1.49e-08    6.29e-07
2012 06 29  0518   56107  19080     1.41e-08    6.31e-07
2012 06 29  0519   56107  19140     1.29e-08    6.17e-07
2012 06 29  0520   56107  19200     1.10e-08    5.99e-07
2012 06 29  0521   56107  19260     9.67e-09    5.99e-07
2012 06 29  0522   56107  19320     1.13e-08    6.10e-07
2012 06 29  0523   56107  19380     8.40e-09    5.89e-07
2012 06 29  0524   56107  19440     5.56e-09    5.66e-07
2012 06 29  0525   56107  19500     4.29e-09    5.55e-07
2012 06 29  0526   56107  19560     2.68e-09    5.45e-07
2012 06 29  0527   56107  19620     1.59e-09    5.33e-07
2012 06 29  0528   56107  19680     1.88e-09    5.20e-07
2012 06 29  0529   56107  19740     3.58e-09    5.06e-07
2012 06 29  0530   56107  19800     2.56e-09    4.96e-07
2012 06 29  0531   56107  19860     3.83e-09    4.92e-07
2012 06 29  0532   56107  19920     1.14e-09    4.82e-07
2012 06 29  0533   56107  19980     1.51e-09    4.74e-07
2012 06 29  0534   56107  20040     2.15e-09    4.73e-07
2012 06 29  0535   56107  20100     2.15e-09    4.73e-07
2012 06 29  0536   56107  20160     1.28e-09    4.69e-07
2012 06 29  0537   56107  20220     1.31e-09    4.73e-07
2012 06 29  0538   56107  20280     2.29e-09    4.65e-07
2012 06 29  0539   56107  20340     1.78e-09    4.51e-07
2012 06 29  0540   56107  20400     1.24e-09    4.43e-07
2012 06 29  0541   56107  20460     1.16e-09    4.38e-07
2012 06 29  0542   56107  20520     1.20e-09    4.29e-07
2012 06 29  0543   56107  20580     1.00e-09    4.29e-07
2012 06 29  0544   56107  20640     1.00e-09    4.26e-07
2012 06 29  0545   56107  20700     1.06e-09    4.24e-07
2012 06 29  0546   56107  20760     1.00e-09    4.23e-07
2012 06 29  0547   56107  20820     1.00e-09    4.22e-07
2012 06 29  0548   56107  20880     1.10e-09    4.24e-07
2012 06 29  0549   56107  20940     1.10e-09    4.23e-07
2012 06 29  0550   56107  21000     2.22e-09    4.27e-07
2012 06 29  0551   56107  21060     1.49e-09    4.32e-07
2012 06 29  0552   56107  21120     1.48e-09    4.30e-07
2012 06 29  0553   56107  21180     2.39e-09    4.61e-07
2012 06 29  0554   56107  21240     2.99e-09    4.51e-07
2012 06 29  0555   56107  21300     4.91e-09    4.58e-07
2012 06 29  0556   56107  21360     9.90e-09    5.16e-07
2012 06 29  0557   56107  21420     1.44e-08    5.63e-07
2012 06 29  0558   56107  21480     5.60e-08    8.58e-07
2012 06 29  0559   56107  21540     1.32e-07    1.30e-06
2012 06 29  0600   56107  21600     6.75e-08    1.15e-06
2012 06 29  0601   56107  21660     2.81e-08    8.76e-07
2012 06 29  0602   56107  21720     1.53e-08    7.04e-07
2012 06 29  0603   56107  21780     8.25e-09    5.55e-07
2012 06 29  0604   56107  21840     3.79e-09    4.68e-07
2012 06 29  0605   56107  21900     3.14e-09    4.60e-07
2012 06 29  0606   56107  21960     5.48e-09    4.63e-07
2012 06 29  0607   56107  22020     3.16e-09    4.60e-07
2012 06 29  0608   56107  22080     1.42e-09    4.41e-07
2012 06 29  0609   56107  22140     1.00e-09    4.17e-07
2012 06 29  0610   56107  22200     1.00e-09    4.06e-07
2012 06 29  0611   56107  22260     1.00e-09    3.94e-07
2012 06 29  0612   56107  22320     1.63e-09    3.96e-07
2012 06 29  0613   56107  22380     2.19e-09    3.98e-07
2012 06 29  0614   56107  22440     1.35e-09    3.96e-07
2012 06 29  0615   56107  22500     1.62e-09    3.96e-07
2012 06 29  0616   56107  22560     1.02e-09    3.98e-07
2012 06 29  0617   56107  22620     1.00e-09    4.07e-07
2012 06 29  0618   56107  22680     1.04e-09    4.21e-07
2012 06 29  0619   56107  22740     1.02e-09    4.36e-07
2012 06 29  0620   56107  22800     1.30e-09    4.47e-07
2012 06 29  0621   56107  22860     2.57e-09    4.57e-07
2012 06 29  0622   56107  22920     2.24e-09    4.66e-07
2012 06 29  0623   56107  22980     2.34e-09    4.88e-07
2012 06 29  0624   56107  23040     3.31e-09    5.15e-07
2012 06 29  0625   56107  23100     4.48e-09    5.34e-07
2012 06 29  0626   56107  23160     5.91e-09    5.67e-07
2012 06 29  0627   56107  23220     6.88e-09    5.94e-07
2012 06 29  0628   56107  23280     6.25e-09    6.14e-07
2012 06 29  0629   56107  23340     7.71e-09    6.30e-07
2012 06 29  0630   56107  23400     1.05e-08    6.71e-07
2012 06 29  0631   56107  23460     1.14e-08    6.88e-07
2012 06 29  0632   56107  23520     1.03e-08    6.69e-07
2012 06 29  0633   56107  23580     9.86e-09    6.67e-07
2012 06 29  0634   56107  23640     1.14e-08    6.89e-07
2012 06 29  0635   56107  23700     1.34e-08    7.39e-07
2012 06 29  0636   56107  23760     1.76e-08    7.76e-07
2012 06 29  0637   56107  23820     1.68e-08    7.83e-07
2012 06 29  0638   56107  23880     1.67e-08    7.73e-07
2012 06 29  0639   56107  23940     3.19e-08    8.78e-07
2012 06 29  0640   56107  24000     2.60e-08    8.64e-07
2012 06 29  0641   56107  24060     1.94e-08    7.99e-07
2012 06 29  0642   56107  24120     1.85e-08    7.92e-07
2012 06 29  0643   56107  24180     1.55e-08    7.84e-07
2012 06 29  0644   56107  24240     1.48e-08    7.89e-07
2012 06 29  0645   56107  24300     6.96e-08    1.19e-06
2012 06 29  0646   56107  24360     5.06e-07    3.68e-06
2012 06 29  0647   56107  24420     9.21e-07    6.20e-06
2012 06 29  0648   56107  24480     6.56e-07    5.30e-06
2012 06 29  0649   56107  24540     3.26e-07    3.62e-06
2012 06 29  0650   56107  24600     1.70e-07    2.33e-06
2012 06 29  0651   56107  24660     9.16e-08    1.65e-06
2012 06 29  0652   56107  24720     5.11e-08    1.33e-06
2012 06 29  0653   56107  24780     3.58e-08    1.15e-06
2012 06 29  0654   56107  24840     2.70e-08    1.02e-06
2012 06 29  0655   56107  24900     2.29e-08    9.74e-07
2012 06 29  0656   56107  24960     2.05e-08    9.37e-07
2012 06 29  0657   56107  25020     1.76e-08    9.03e-07
2012 06 29  0658   56107  25080     1.77e-08    8.69e-07
2012 06 29  0659   56107  25140     1.71e-08    8.56e-07
2012 06 29  0700   56107  25200     1.91e-08    8.45e-07
2012 06 29  0701   56107  25260     1.90e-08    8.40e-07
2012 06 29  0702   56107  25320     1.77e-08    8.35e-07
2012 06 29  0703   56107  25380     1.56e-08    8.31e-07
2012 06 29  0704   56107  25440     1.54e-08    8.29e-07
2012 06 29  0705   56107  25500     1.62e-08    8.26e-07
2012 06 29  0706   56107  25560     1.85e-08    8.24e-07
2012 06 29  0707   56107  25620     1.52e-08    8.25e-07
2012 06 29  0708   56107  25680     1.57e-08    8.31e-07
2012 06 29  0709   56107  25740     1.59e-08    8.32e-07
2012 06 29  0710   56107  25800     1.59e-08    8.31e-07
2012 06 29  0711   56107  25860     1.55e-08    8.27e-07
2012 06 29  0712   56107  25920     1.69e-08    8.30e-07
2012 06 29  0713   56107  25980     1.44e-08    8.28e-07
2012 06 29  0714   56107  26040     1.43e-08    8.30e-07
2012 06 29  0715   56107  26100     1.37e-08    8.33e-07
2012 06 29  0716   56107  26160     1.44e-08    8.32e-07
2012 06 29  0717   56107  26220     1.49e-08    8.24e-07
2012 06 29  0718   56107  26280     1.36e-08    8.20e-07
2012 06 29  0719   56107  26340     1.39e-08    8.20e-07
2012 06 29  0720   56107  26400     1.32e-08    8.21e-07
2012 06 29  0721   56107  26460     1.27e-08    8.15e-07
2012 06 29  0722   56107  26520     1.23e-08    8.12e-07
2012 06 29  0723   56107  26580     1.18e-08    8.13e-07
2012 06 29  0724   56107  26640     9.77e-09    8.16e-07
2012 06 29  0725   56107  26700     1.28e-08    8.18e-07
2012 06 29  0726   56107  26760     1.25e-08    8.28e-07
2012 06 29  0727   56107  26820     1.26e-08    8.33e-07
2012 06 29  0728   56107  26880     1.32e-08    8.34e-07
2012 06 29  0729   56107  26940     1.32e-08    8.33e-07
2012 06 29  0730   56107  27000     1.19e-08    8.31e-07
2012 06 29  0731   56107  27060     1.23e-08    8.35e-07
2012 06 29  0732   56107  27120     1.71e-08    8.54e-07
2012 06 29  0733   56107  27180     1.42e-08    8.69e-07
2012 06 29  0734   56107  27240     1.66e-08    8.79e-07
2012 06 29  0735   56107  27300     1.81e-08    8.86e-07
2012 06 29  0736   56107  27360     1.67e-08    8.91e-07
2012 06 29  0737   56107  27420     1.53e-08    9.07e-07
2012 06 29  0738   56107  27480     1.62e-08    9.18e-07
2012 06 29  0739   56107  27540     1.90e-08    9.25e-07
2012 06 29  0740   56107  27600     2.09e-08    9.55e-07
2012 06 29  0741   56107  27660     2.39e-08    9.92e-07
2012 06 29  0742   56107  27720     2.36e-08    1.03e-06
2012 06 29  0743   56107  27780     2.35e-08    1.04e-06
2012 06 29  0744   56107  27840     2.20e-08    1.04e-06
2012 06 29  0745   56107  27900     2.21e-08    1.05e-06
2012 06 29  0746   56107  27960     2.19e-08    1.03e-06
2012 06 29  0747   56107  28020     2.11e-08    1.03e-06
2012 06 29  0748   56107  28080     2.42e-08    1.04e-06
2012 06 29  0749   56107  28140     2.46e-08    1.05e-06
2012 06 29  0750   56107  28200     2.42e-08    1.06e-06
2012 06 29  0751   56107  28260     2.55e-08    1.11e-06
2012 06 29  0752   56107  28320     2.92e-08    1.13e-06
2012 06 29  0753   56107  28380     3.50e-08    1.18e-06
2012 06 29  0754   56107  28440     2.95e-08    1.17e-06
2012 06 29  0755   56107  28500     2.36e-08    1.13e-06
2012 06 29  0756   56107  28560     2.14e-08    1.08e-06
2012 06 29  0757   56107  28620     1.85e-08    1.05e-06
2012 06 29  0758   56107  28680     1.72e-08    1.02e-06
2012 06 29  0759   56107  28740     1.58e-08    9.91e-07
2012 06 29  0800   56107  28800     1.68e-08    9.69e-07
2012 06 29  0801   56107  28860     1.43e-08    9.40e-07
2012 06 29  0802   56107  28920     1.34e-08    9.21e-07
2012 06 29  0803   56107  28980     2.67e-08    9.94e-07
2012 06 29  0804   56107  29040     6.72e-08    1.28e-06
2012 06 29  0805   56107  29100     2.13e-08    1.00e-06
2012 06 29  0806   56107  29160     1.39e-08    9.01e-07
2012 06 29  0807   56107  29220     1.25e-08    8.72e-07
2012 06 29  0808   56107  29280     1.21e-08    8.71e-07
2012 06 29  0809   56107  29340     1.42e-08    8.68e-07
2012 06 29  0810   56107  29400     1.26e-08    8.63e-07
2012 06 29  0811   56107  29460     1.23e-08    8.51e-07
2012 06 29  0812   56107  29520     1.22e-08    8.27e-07
2012 06 29  0813   56107  29580     1.31e-08    8.44e-07
2012 06 29  0814   56107  29640     1.64e-08    9.01e-07
2012 06 29  0815   56107  29700     2.77e-08    9.99e-07
2012 06 29  0816   56107  29760     2.59e-08    9.63e-07
2012 06 29  0817   56107  29820     2.72e-08    9.72e-07
2012 06 29  0818   56107  29880     2.25e-08    9.68e-07
2012 06 29  0819   56107  29940     2.14e-08    9.54e-07
2012 06 29  0820   56107  30000     2.32e-08    9.63e-07
2012 06 29  0821   56107  30060     1.75e-07    1.78e-06
2012 06 29  0822   56107  30120     4.68e-07    2.95e-06
2012 06 29  0823   56107  30180     3.11e-07    2.41e-06
2012 06 29  0824   56107  30240     1.09e-07    1.61e-06
2012 06 29  0825   56107  30300     2.90e-08    1.08e-06
2012 06 29  0826   56107  30360     1.22e-08    8.53e-07
2012 06 29  0827   56107  30420     7.52e-09    7.91e-07
2012 06 29  0828   56107  30480     6.51e-09    7.67e-07
2012 06 29  0829   56107  30540     6.52e-09    7.53e-07
2012 06 29  0830   56107  30600     5.48e-09    7.43e-07
2012 06 29  0831   56107  30660     5.84e-09    7.37e-07
2012 06 29  0832   56107  30720     7.52e-09    7.39e-07
2012 06 29  0833   56107  30780     8.94e-09    7.38e-07
2012 06 29  0834   56107  30840     8.14e-09    7.29e-07
2012 06 29  0835   56107  30900     4.17e-09    7.20e-07
2012 06 29  0836   56107  30960     3.83e-09    7.11e-07
2012 06 29  0837   56107  31020     3.37e-09    7.05e-07
2012 06 29  0838   56107  31080     2.97e-09    7.02e-07
2012 06 29  0839   56107  31140     8.48e-09    7.01e-07
2012 06 29  0840   56107  31200     9.06e-09    7.04e-07
2012 06 29  0841   56107  31260     8.21e-09    7.09e-07
2012 06 29  0842   56107  31320     6.13e-09    7.02e-07
2012 06 29  0843   56107  31380     8.79e-09    6.96e-07
2012 06 29  0844   56107  31440     8.98e-09    6.92e-07
2012 06 29  0845   56107  31500     4.98e-09    6.82e-07
2012 06 29  0846   56107  31560     3.68e-09    6.73e-07
2012 06 29  0847   56107  31620     3.49e-09    6.71e-07
2012 06 29  0848   56107  31680     4.28e-09    6.74e-07
2012 06 29  0849   56107  31740     5.02e-09    6.75e-07
2012 06 29  0850   56107  31800     6.18e-09    6.69e-07
2012 06 29  0851   56107  31860     6.83e-09    6.71e-07
2012 06 29  0852   56107  31920     7.17e-09    6.81e-07
2012 06 29  0853   56107  31980     8.25e-09    6.93e-07
2012 06 29  0854   56107  32040     1.01e-08    7.02e-07
2012 06 29  0855   56107  32100     9.22e-09    7.01e-07
2012 06 29  0856   56107  32160     7.87e-09    6.93e-07
2012 06 29  0857   56107  32220     7.44e-09    6.90e-07
2012 06 29  0858   56107  32280     9.37e-09    6.88e-07
2012 06 29  0859   56107  32340     7.10e-09    6.86e-07
2012 06 29  0900   56107  32400     6.83e-09    6.86e-07
2012 06 29  0901   56107  32460     7.44e-09    6.82e-07
2012 06 29  0902   56107  32520     8.03e-09    6.84e-07
2012 06 29  0903   56107  32580     1.02e-08    6.87e-07
2012 06 29  0904   56107  32640     7.25e-09    6.80e-07
2012 06 29  0905   56107  32700     7.06e-09    6.73e-07
2012 06 29  0906   56107  32760     6.79e-09    6.65e-07
2012 06 29  0907   56107  32820     7.33e-09    6.58e-07
2012 06 29  0908   56107  32880     7.77e-09    6.48e-07
2012 06 29  0909   56107  32940     6.71e-09    6.43e-07
2012 06 29  0910   56107  33000     4.87e-09    6.37e-07
2012 06 29  0911   56107  33060     3.52e-09    6.43e-07
2012 06 29  0912   56107  33120     3.57e-09    6.44e-07
2012 06 29  0913   56107  33180     4.68e-09    6.53e-07
2012 06 29  0914   56107  33240     6.94e-09    6.81e-07
2012 06 29  0915   56107  33300     1.17e-08    7.41e-07
2012 06 29  0916   56107  33360     3.02e-08    9.29e-07
2012 06 29  0917   56107  33420     6.64e-08    1.26e-06
2012 06 29  0918   56107  33480     9.45e-07    5.33e-06
2012 06 29  0919   56107  33540     3.10e-06    1.36e-05
2012 06 29  0920   56107  33600     5.03e-06    2.24e-05
2012 06 29  0921   56107  33660     3.03e-06    1.82e-05
2012 06 29  0922   56107  33720     1.34e-06    1.13e-05
2012 06 29  0923   56107  33780     4.99e-07    6.42e-06
2012 06 29  0924   56107  33840     1.13e-07    2.60e-06
2012 06 29  0925   56107  33900     2.85e-08    1.11e-06
2012 06 29  0926   56107  33960     7.87e-09    6.99e-07
2012 06 29  0927   56107  34020     1.92e-09    5.74e-07
2012 06 29  0928   56107  34080     1.64e-09    5.34e-07
2012 06 29  0929   56107  34140     2.13e-09    5.27e-07
2012 06 29  0930   56107  34200     1.88e-09    5.30e-07
2012 06 29  0931   56107  34260     2.07e-09    5.24e-07
2012 06 29  0932   56107  34320     1.64e-09    5.19e-07
2012 06 29  0933   56107  34380     1.41e-09    5.17e-07
2012 06 29  0934   56107  34440     1.64e-09    5.09e-07
2012 06 29  0935   56107  34500     1.17e-09    5.08e-07
2012 06 29  0936   56107  34560     1.02e-09    5.11e-07
2012 06 29  0937   56107  34620     1.00e-09    5.02e-07
2012 06 29  0938   56107  34680     1.00e-09    4.97e-07
2012 06 29  0939   56107  34740     1.00e-09    4.84e-07
2012 06 29  0940   56107  34800     1.06e-09    4.81e-07
2012 06 29  0941   56107  34860     1.00e-09    4.77e-07
2012 06 29  0942   56107  34920     1.00e-09    4.75e-07
2012 06 29  0943   56107  34980     1.00e-09    4.71e-07
2012 06 29  0944   56107  35040     1.00e-09    4.66e-07
2012 06 29  0945   56107  35100     1.00e-09    4.61e-07
2012 06 29  0946   56107  35160     1.00e-09    4.57e-07
2012 06 29  0947   56107  35220     1.00e-09    4.55e-07
2012 06 29  0948   56107  35280     1.00e-09    4.51e-07
2012 06 29  0949   56107  35340     1.00e-09    4.44e-07
2012 06 29  0950   56107  35400     1.00e-09    4.41e-07
2012 06 29  0951   56107  35460     2.80e-09    4.68e-07
2012 06 29  0952   56107  35520     1.00e-09    4.69e-07
2012 06 29  0953   56107  35580     1.00e-09    4.49e-07
2012 06 29  0954   56107  35640     1.00e-09    4.35e-07
2012 06 29  0955   56107  35700     1.00e-09    4.23e-07
2012 06 29  0956   56107  35760     1.00e-09    4.17e-07
2012 06 29  0957   56107  35820     1.00e-09    4.18e-07
2012 06 29  0958   56107  35880     1.00e-09    4.16e-07
2012 06 29  0959   56107  35940     1.00e-09    4.15e-07
2012 06 29  1000   56107  36000     1.00e-09    4.17e-07
2012 06 29  1001   56107  36060     1.02e-09    4.21e-07
2012 06 29  1002   56107  36120     1.06e-09    4.21e-07
2012 06 29  1003   56107  36180     1.00e-09    4.34e-07
2012 06 29  1004   56107  36240     1.00e-09    4.43e-07
2012 06 29  1005   56107  36300     1.00e-09    4.31e-07
2012 06 29  1006   56107  36360     1.02e-09    4.35e-07
2012 06 29  1007   56107  36420     1.00e-09    4.23e-07
2012 06 29  1008   56107  36480     1.00e-09    4.09e-07
2012 06 29  1009   56107  36540     1.04e-09    4.07e-07
2012 06 29  1010   56107  36600     1.75e-09    4.02e-07
2012 06 29  1011   56107  36660     1.31e-09    3.98e-07
2012 06 29  1012   56107  36720     1.00e-09    3.95e-07
2012 06 29  1013   56107  36780     1.00e-09    3.92e-07
2012 06 29  1014   56107  36840     1.00e-09    3.89e-07
2012 06 29  1015   56107  36900     1.00e-09    3.87e-07
2012 06 29  1016   56107  36960     1.02e-09    3.87e-07
2012 06 29  1017   56107  37020     1.06e-09    3.95e-07
2012 06 29  1018   56107  37080     1.00e-09    3.96e-07
2012 06 29  1019   56107  37140     1.02e-09    3.96e-07
2012 06 29  1020   56107  37200     1.04e-09    3.95e-07
2012 06 29  1021   56107  37260     1.00e-09    3.94e-07
2012 06 29  1022   56107  37320     1.06e-09    3.91e-07
2012 06 29  1023   56107  37380     1.00e-09    3.89e-07
2012 06 29  1024   56107  37440     1.21e-09    3.92e-07
2012 06 29  1025   56107  37500     1.28e-09    3.90e-07
2012 06 29  1026   56107  37560     1.00e-09    3.92e-07
2012 06 29  1027   56107  37620     1.02e-09    3.87e-07
2012 06 29  1028   56107  37680     1.02e-09    3.87e-07
2012 06 29  1029   56107  37740     1.00e-09    3.84e-07
2012 06 29  1030   56107  37800     1.02e-09    3.80e-07
2012 06 29  1031   56107  37860     1.00e-09    3.81e-07
2012 06 29  1032   56107  37920     1.00e-09    3.82e-07
2012 06 29  1033   56107  37980     1.10e-09    3.80e-07
2012 06 29  1034   56107  38040     1.10e-09    3.83e-07
2012 06 29  1035   56107  38100     1.20e-09    3.82e-07
2012 06 29  1036   56107  38160     1.20e-09    3.83e-07
2012 06 29  1037   56107  38220     1.36e-09    3.74e-07
2012 06 29  1038   56107  38280     1.42e-09    3.74e-07
2012 06 29  1039   56107  38340     1.08e-09    3.75e-07
2012 06 29  1040   56107  38400     1.00e-09    3.84e-07
2012 06 29  1041   56107  38460     1.06e-09    3.95e-07
2012 06 29  1042   56107  38520     1.08e-09    3.99e-07
2012 06 29  1043   56107  38580     1.00e-09    3.98e-07
2012 06 29  1044   56107  38640     1.00e-09    4.00e-07
2012 06 29  1045   56107  38700     1.04e-09    3.89e-07
2012 06 29  1046   56107  38760     1.00e-09    3.86e-07
2012 06 29  1047   56107  38820     1.18e-09    3.86e-07
2012 06 29  1048   56107  38880     1.32e-09    3.88e-07
2012 06 29  1049   56107  38940     1.00e-09    3.89e-07
2012 06 29  1050   56107  39000     1.00e-09    3.83e-07
2012 06 29  1051   56107  39060     1.12e-09    3.81e-07
2012 06 29  1052   56107  39120     1.00e-09    3.86e-07
2012 06 29  1053   56107  39180     1.16e-09    3.98e-07
2012 06 29  1054   56107  39240     1.04e-09    3.99e-07
2012 06 29  1055   56107  39300     1.00e-09    3.98e-07
2012 06 29  1056   56107  39360     1.00e-09    4.00e-07
2012 06 29  1057   56107  39420     1.00e-09    4.01e-07
2012 06 29  1058   56107  39480     1.00e-09    4.10e-07
2012 06 29  1059   56107  39540     1.00e-09    4.07e-07
2012 06 29  1100   56107  39600     1.12e-09    4.28e-07
2012 06 29  1101   56107  39660     1.00e-09    4.36e-07
2012 06 29  1102   56107  39720     1.12e-09    4.17e-07
2012 06 29  1103   56107  39780     2.03e-09    4.28e-07
2012 06 29  1104   56107  39840     2.29e-09    4.00e-07
2012 06 29  1105   56107  39900     2.18e-09    4.11e-07
2012 06 29  1106   56107  39960     3.42e-09    4.19e-07
2012 06 29  1107   56107  40020     1.22e-09    4.11e-07
2012 06 29  1108   56107  40080     1.11e-08    5.40e-07
2012 06 29  1109   56107  40140     8.29e-09    5.28e-07
2012 06 29  1110   56107  40200     6.06e-09    4.85e-07
2012 06 29  1111   56107  40260     7.33e-09    4.96e-07
2012 06 29  1112   56107  40320     3.56e-09    4.68e-07
2012 06 29  1113   56107  40380     1.04e-09    4.11e-07
2012 06 29  1114   56107  40440     1.10e-09    3.88e-07
2012 06 29  1115   56107  40500     1.04e-09    3.88e-07
2012 06 29  1116   56107  40560     1.40e-09    3.90e-07
2012 06 29  1117   56107  40620     1.00e-09    3.85e-07
2012 06 29  1118   56107  40680     2.49e-09    3.87e-07
2012 06 29  1119   56107  40740     1.18e-09    3.93e-07
2012 06 29  1120   56107  40800     1.02e-09    4.00e-07
2012 06 29  1121   56107  40860     1.00e-09    3.98e-07
2012 06 29  1122   56107  40920     1.00e-09    4.02e-07
2012 06 29  1123   56107  40980     1.00e-09    4.05e-07
2012 06 29  1124   56107  41040     1.00e-09    4.13e-07
2012 06 29  1125   56107  41100     1.00e-09    4.08e-07
2012 06 29  1126   56107  41160     1.00e-09    4.11e-07
2012 06 29  1127   56107  41220     1.00e-09    4.05e-07
2012 06 29  1128   56107  41280     1.00e-09    4.03e-07
2012 06 29  1129   56107  41340     1.00e-09    4.03e-07
2012 06 29  1130   56107  41400     1.00e-09    4.05e-07
2012 06 29  1131   56107  41460     1.00e-09    4.07e-07
2012 06 29  1132   56107  41520     1.06e-09    4.11e-07
2012 06 29  1133   56107  41580     1.02e-09    4.12e-07
2012 06 29  1134   56107  41640     2.59e-09    4.23e-07
2012 06 29  1135   56107  41700     2.31e-09    4.50e-07
2012 06 29  1136   56107  41760     2.79e-09    4.74e-07
2012 06 29  1137   56107  41820     2.19e-09    4.76e-07
2012 06 29  1138   56107  41880     1.97e-09    4.70e-07
2012 06 29  1139   56107  41940     1.06e-09    4.64e-07
2012 06 29  1140   56107  42000     1.04e-09    4.54e-07
2012 06 29  1141   56107  42060     1.12e-09    4.51e-07
2012 06 29  1142   56107  42120     1.68e-09    4.40e-07
2012 06 29  1143   56107  42180     3.24e-09    4.34e-07
2012 06 29  1144   56107  42240     4.14e-09    4.22e-07
2012 06 29  1145   56107  42300     4.95e-09    4.21e-07
2012 06 29  1146   56107  42360     1.52e-09    4.20e-07
2012 06 29  1147   56107  42420     1.08e-09    4.16e-07
2012 06 29  1148   56107  42480     1.06e-09    4.11e-07
2012 06 29  1149   56107  42540     1.08e-09    4.07e-07
2012 06 29  1150   56107  42600     1.08e-09    4.07e-07
2012 06 29  1151   56107  42660     3.54e-09    4.10e-07
2012 06 29  1152   56107  42720     1.61e-09    4.13e-07
2012 06 29  1153   56107  42780     1.00e-09    4.13e-07
2012 06 29  1154   56107  42840     1.00e-09    4.15e-07
2012 06 29  1155   56107  42900     1.02e-09    4.19e-07
2012 06 29  1156   56107  42960     1.04e-09    4.28e-07
2012 06 29  1157   56107  43020     1.00e-09    4.35e-07
2012 06 29  1158   56107  43080     1.04e-09    4.31e-07
2012 06 29  1159   56107  43140     1.00e-09    4.33e-07
2012 06 29  1200   56107  43200     4.27e-09    4.39e-07
2012 06 29  1201   56107  43260     4.14e-09    4.49e-07
2012 06 29  1202   56107  43320     1.31e-09    4.54e-07
2012 06 29  1203   56107  43380     1.42e-09    4.55e-07
2012 06 29  1204   56107  43440     1.15e-09    4.58e-07
2012 06 29  1205   56107  43500     1.04e-09    4.60e-07
2012 06 29  1206   56107  43560     1.06e-09    4.65e-07
2012 06 29  1207   56107  43620     1.12e-09    4.69e-07
2012 06 29  1208   56107  43680     1.06e-09    4.78e-07
2012 06 29  1209   56107  43740     2.15e-09    4.83e-07
2012 06 29  1210   56107  43800     2.83e-09    4.90e-07
2012 06 29  1211   56107  43860     3.73e-09    4.86e-07
2012 06 29  1212   56107  43920     2.55e-09    4.96e-07
2012 06 29  1213   56107  43980     1.91e-09    5.05e-07
2012 06 29  1214   56107  44040     2.32e-09    5.03e-07
2012 06 29  1215   56107  44100     1.50e-09    4.89e-07
2012 06 29  1216   56107  44160     3.02e-09    4.82e-07
2012 06 29  1217   56107  44220     2.80e-09    4.83e-07
2012 06 29  1218   56107  44280     1.26e-09    4.81e-07
2012 06 29  1219   56107  44340     2.20e-09    4.82e-07
2012 06 29  1220   56107  44400     3.48e-09    4.91e-07
2012 06 29  1221   56107  44460     1.81e-09    4.91e-07
2012 06 29  1222   56107  44520     3.64e-09    4.89e-07
2012 06 29  1223   56107  44580     4.06e-09    5.09e-07
2012 06 29  1224   56107  44640     3.59e-09    5.21e-07
2012 06 29  1225   56107  44700     1.61e-08    6.41e-07
2012 06 29  1226   56107  44760     1.46e-08    6.59e-07
2012 06 29  1227   56107  44820     3.90e-09    5.60e-07
2012 06 29  1228   56107  44880     4.38e-09    5.11e-07
2012 06 29  1229   56107  44940     5.18e-09    5.19e-07
2012 06 29  1230   56107  45000     1.82e-09    4.94e-07
2012 06 29  1231   56107  45060     1.17e-09    4.78e-07
2012 06 29  1232   56107  45120     1.02e-09    4.69e-07
2012 06 29  1233   56107  45180     2.80e-09    4.91e-07
2012 06 29  1234   56107  45240     3.98e-09    5.20e-07
2012 06 29  1235   56107  45300     2.04e-09    5.02e-07
2012 06 29  1236   56107  45360     1.02e-09    4.81e-07
2012 06 29  1237   56107  45420     1.00e-09    4.66e-07
2012 06 29  1238   56107  45480     1.00e-09    4.58e-07
2012 06 29  1239   56107  45540     1.25e-09    4.58e-07
2012 06 29  1240   56107  45600     3.23e-09    4.54e-07
2012 06 29  1241   56107  45660     2.18e-09    4.56e-07
2012 06 29  1242   56107  45720     1.51e-09    4.45e-07
2012 06 29  1243   56107  45780     1.28e-09    4.33e-07
2012 06 29  1244   56107  45840     1.02e-09    4.32e-07
2012 06 29  1245   56107  45900     1.02e-09    4.32e-07
2012 06 29  1246   56107  45960     1.02e-09    4.34e-07
2012 06 29  1247   56107  46020     1.29e-09    4.36e-07
2012 06 29  1248   56107  46080     1.14e-09    4.31e-07
2012 06 29  1249   56107  46140     1.74e-09    4.31e-07
2012 06 29  1250   56107  46200     1.86e-09    4.28e-07
2012 06 29  1251   56107  46260     1.94e-09    4.29e-07
2012 06 29  1252   56107  46320     1.00e-09    4.27e-07
2012 06 29  1253   56107  46380     1.00e-09    4.29e-07
2012 06 29  1254   56107  46440     1.08e-09    4.28e-07
2012 06 29  1255   56107  46500     1.00e-09    4.26e-07
2012 06 29  1256   56107  46560     1.06e-09    4.24e-07
2012 06 29  1257   56107  46620     1.56e-09    4.16e-07
2012 06 29  1258   56107  46680     1.00e-09    4.10e-07
2012 06 29  1259   56107  46740     1.00e-09    4.04e-07
2012 06 29  1300   56107  46800     1.00e-09    4.00e-07
2012 06 29  1301   56107  46860     1.00e-09    3.98e-07
2012 06 29  1302   56107  46920     1.12e-09    4.08e-07
2012 06 29  1303   56107  46980     1.08e-09    4.05e-07
2012 06 29  1304   56107  47040     1.10e-09    3.97e-07
2012 06 29  1305   56107  47100     1.12e-09    3.97e-07
2012 06 29  1306   56107  47160     1.28e-09    4.01e-07
2012 06 29  1307   56107  47220     1.00e-09    4.08e-07
2012 06 29  1308   56107  47280     1.00e-09    4.09e-07
2012 06 29  1309   56107  47340     1.00e-09    4.04e-07
2012 06 29  1310   56107  47400     1.00e-09    4.00e-07
2012 06 29  1311   56107  47460     1.00e-09    4.01e-07
2012 06 29  1312   56107  47520     1.00e-09    3.96e-07
2012 06 29  1313   56107  47580     1.00e-09    3.93e-07
2012 06 29  1314   56107  47640     1.00e-09    3.92e-07
2012 06 29  1315   56107  47700     1.00e-09    3.92e-07
2012 06 29  1316   56107  47760     1.00e-09    3.89e-07
2012 06 29  1317   56107  47820     1.00e-09    3.89e-07
2012 06 29  1318   56107  47880     1.94e-09    3.96e-07
2012 06 29  1319   56107  47940     1.95e-09    3.96e-07
2012 06 29  1320   56107  48000     2.84e-09    3.99e-07
2012 06 29  1321   56107  48060     4.31e-09    4.09e-07
2012 06 29  1322   56107  48120     3.62e-09    4.12e-07
2012 06 29  1323   56107  48180     3.54e-09    4.24e-07
2012 06 29  1324   56107  48240     5.65e-09    4.42e-07
2012 06 29  1325   56107  48300     3.02e-09    4.67e-07
2012 06 29  1326   56107  48360     5.68e-09    5.09e-07
2012 06 29  1327   56107  48420     9.51e-09    5.53e-07
2012 06 29  1328   56107  48480     9.67e-09    5.86e-07
2012 06 29  1329   56107  48540     1.17e-08    6.16e-07
2012 06 29  1330   56107  48600     1.47e-08    6.57e-07
2012 06 29  1331   56107  48660     1.70e-08    6.89e-07
2012 06 29  1332   56107  48720     1.66e-08    7.05e-07
2012 06 29  1333   56107  48780     1.62e-08    7.12e-07
2012 06 29  1334   56107  48840     1.37e-08    7.16e-07
2012 06 29  1335   56107  48900     1.36e-08    7.13e-07
2012 06 29  1336   56107  48960     1.36e-08    7.07e-07
2012 06 29  1337   56107  49020     1.44e-08    7.02e-07
2012 06 29  1338   56107  49080     1.44e-08    6.91e-07
2012 06 29  1339   56107  49140     1.12e-08    6.77e-07
2012 06 29  1340   56107  49200     7.83e-09    6.54e-07
2012 06 29  1341   56107  49260     6.39e-09    6.30e-07
2012 06 29  1342   56107  49320     5.79e-09    6.04e-07
2012 06 29  1343   56107  49380     5.94e-09    5.90e-07
2012 06 29  1344   56107  49440     1.37e-08    6.66e-07
2012 06 29  1345   56107  49500     6.37e-09    6.06e-07
2012 06 29  1346   56107  49560     2.54e-09    5.44e-07
2012 06 29  1347   56107  49620     2.75e-09    5.15e-07
2012 06 29  1348   56107  49680     3.22e-09    4.99e-07
2012 06 29  1349   56107  49740     4.10e-09    4.85e-07
2012 06 29  1350   56107  49800     3.79e-09    4.79e-07
2012 06 29  1351   56107  49860     3.59e-09    4.73e-07
2012 06 29  1352   56107  49920     2.31e-09    4.65e-07
2012 06 29  1353   56107  49980     1.40e-09    4.60e-07
2012 06 29  1354   56107  50040     3.18e-09    4.51e-07
2012 06 29  1355   56107  50100     1.34e-09    4.42e-07
2012 06 29  1356   56107  50160     3.06e-09    4.36e-07
2012 06 29  1357   56107  50220     2.95e-09    4.33e-07
2012 06 29  1358   56107  50280     1.29e-09    4.30e-07
2012 06 29  1359   56107  50340     3.95e-09    4.33e-07
2012 06 29  1400   56107  50400     2.55e-09    4.31e-07
2012 06 29  1401   56107  50460     1.31e-09    4.35e-07
2012 06 29  1402   56107  50520     1.16e-09    4.46e-07
2012 06 29  1403   56107  50580     2.07e-09    4.55e-07
2012 06 29  1404   56107  50640     1.02e-09    4.51e-07
2012 06 29  1405   56107  50700     1.02e-09    4.62e-07
2012 06 29  1406   56107  50760     1.53e-09    4.70e-07
2012 06 29  1407   56107  50820     9.71e-09    5.55e-07
2012 06 29  1408   56107  50880     9.89e-09    5.68e-07
2012 06 29  1409   56107  50940     6.79e-09    5.28e-07
2012 06 29  1410   56107  51000     2.52e-09    4.56e-07
2012 06 29  1411   56107  51060     3.35e-09    4.44e-07
2012 06 29  1412   56107  51120     5.44e-09    4.65e-07
2012 06 29  1413   56107  51180     5.14e-09    4.77e-07
2012 06 29  1414   56107  51240     5.52e-09    4.76e-07
2012 06 29  1415   56107  51300     2.47e-09    4.39e-07
2012 06 29  1416   56107  51360     1.04e-09    4.20e-07
2012 06 29  1417   56107  51420     1.00e-09    4.15e-07
2012 06 29  1418   56107  51480     1.00e-09    4.17e-07
2012 06 29  1419   56107  51540     1.00e-09    4.20e-07
2012 06 29  1420   56107  51600     1.59e-09    4.27e-07
2012 06 29  1421   56107  51660     2.80e-09    4.62e-07
2012 06 29  1422   56107  51720     3.29e-09    4.77e-07
2012 06 29  1423   56107  51780     1.75e-09    4.52e-07
2012 06 29  1424   56107  51840     1.00e-09    4.37e-07
2012 06 29  1425   56107  51900     1.10e-09    4.35e-07
2012 06 29  1426   56107  51960     1.00e-09    4.36e-07
2012 06 29  1427   56107  52020     1.00e-09    4.34e-07
2012 06 29  1428   56107  52080     1.00e-09    4.20e-07
2012 06 29  1429   56107  52140     1.00e-09    4.13e-07
2012 06 29  1430   56107  52200     1.46e-09    4.07e-07
2012 06 29  1431   56107  52260     1.33e-09    4.02e-07
2012 06 29  1432   56107  52320     1.74e-09    4.00e-07
2012 06 29  1433   56107  52380     2.18e-09    4.02e-07
2012 06 29  1434   56107  52440     2.12e-09    4.04e-07
2012 06 29  1435   56107  52500     2.75e-09    4.10e-07
2012 06 29  1436   56107  52560     4.29e-09    4.31e-07
2012 06 29  1437   56107  52620     8.98e-09    4.68e-07
2012 06 29  1438   56107  52680     3.79e-09    4.59e-07
2012 06 29  1439   56107  52740     3.05e-09    4.37e-07
2012 06 29  1440   56107  52800     5.21e-09    4.35e-07
2012 06 29  1441   56107  52860     5.28e-09    4.52e-07
2012 06 29  1442   56107  52920     5.52e-09    4.65e-07
2012 06 29  1443   56107  52980     5.91e-09    4.46e-07
2012 06 29  1444   56107  53040     4.45e-09    4.32e-07
2012 06 29  1445   56107  53100     1.72e-09    4.15e-07
2012 06 29  1446   56107  53160     1.06e-09    4.09e-07
2012 06 29  1447   56107  53220     1.02e-09    4.05e-07
2012 06 29  1448   56107  53280     1.33e-09    4.03e-07
2012 06 29  1449   56107  53340     1.08e-09    4.04e-07
2012 06 29  1450   56107  53400     1.00e-09    4.04e-07
2012 06 29  1451   56107  53460     1.00e-09    4.04e-07
2012 06 29  1452   56107  53520     1.00e-09    4.03e-07
2012 06 29  1453   56107  53580     1.18e-09    4.05e-07
2012 06 29  1454   56107  53640     1.00e-09    4.04e-07
2012 06 29  1455   56107  53700     1.37e-09    4.07e-07
2012 06 29  1456   56107  53760     1.00e-09    4.13e-07
2012 06 29  1457   56107  53820     1.00e-09    4.05e-07
2012 06 29  1458   56107  53880     1.02e-09    3.99e-07
2012 06 29  1459   56107  53940     1.00e-09    3.98e-07
2012 06 29  1500   56107  54000     1.04e-09    3.96e-07
2012 06 29  1501   56107  54060     1.00e-09    3.96e-07
2012 06 29  1502   56107  54120     1.08e-09    3.93e-07
2012 06 29  1503   56107  54180     1.24e-09    3.89e-07
2012 06 29  1504   56107  54240     1.00e-09    3.87e-07
2012 06 29  1505   56107  54300     1.00e-09    3.87e-07
2012 06 29  1506   56107  54360     1.00e-09    3.84e-07
2012 06 29  1507   56107  54420     1.00e-09    3.83e-07
2012 06 29  1508   56107  54480     1.00e-09    3.84e-07
2012 06 29  1509   56107  54540     1.00e-09    3.88e-07
2012 06 29  1510   56107  54600     1.06e-09    3.91e-07
2012 06 29  1511   56107  54660     1.06e-09    3.95e-07
2012 06 29  1512   56107  54720     1.08e-09    3.94e-07
2012 06 29  1513   56107  54780     1.68e-09    3.91e-07
2012 06 29  1514   56107  54840     1.24e-09    3.86e-07
2012 06 29  1515   56107  54900     1.06e-09    3.89e-07
2012 06 29  1516   56107  54960     1.00e-09    3.83e-07
2012 06 29  1517   56107  55020     1.20e-09    3.83e-07
2012 06 29  1518   56107  55080     2.52e-09    4.06e-07
2012 06 29  1519   56107  55140     3.23e-09    4.39e-07
2012 06 29  1520   56107  55200     4.29e-09    4.57e-07
2012 06 29  1521   56107  55260     1.87e-09    4.41e-07
2012 06 29  1522   56107  55320     1.83e-09    4.30e-07
2012 06 29  1523   56107  55380     1.64e-09    4.13e-07
2012 06 29  1524   56107  55440     1.29e-09    3.98e-07
2012 06 29  1525   56107  55500     2.54e-09    4.00e-07
2012 06 29  1526   56107  55560     5.10e-09    4.14e-07
2012 06 29  1527   56107  55620     7.37e-09    4.47e-07
2012 06 29  1528   56107  55680     9.06e-09    4.80e-07
2012 06 29  1529   56107  55740     1.14e-08    5.05e-07
2012 06 29  1530   56107  55800     1.01e-08    5.23e-07
2012 06 29  1531   56107  55860     9.52e-09    5.35e-07
2012 06 29  1532   56107  55920     9.55e-09    5.41e-07
2012 06 29  1533   56107  55980     8.56e-09    5.41e-07
2012 06 29  1534   56107  56040     7.87e-09    5.47e-07
2012 06 29  1535   56107  56100     7.10e-09    5.45e-07
2012 06 29  1536   56107  56160     3.60e-09    5.36e-07
2012 06 29  1537   56107  56220     2.72e-09    5.29e-07
2012 06 29  1538   56107  56280     1.36e-09    5.20e-07
2012 06 29  1539   56107  56340     1.10e-09    5.11e-07
2012 06 29  1540   56107  56400     1.24e-09    4.99e-07
2012 06 29  1541   56107  56460     1.16e-09    4.98e-07
2012 06 29  1542   56107  56520     1.14e-09    4.97e-07
2012 06 29  1543   56107  56580     3.14e-09    5.01e-07
2012 06 29  1544   56107  56640     6.71e-09    5.09e-07
2012 06 29  1545   56107  56700     5.35e-09    5.20e-07
2012 06 29  1546   56107  56760     2.99e-09    5.16e-07
2012 06 29  1547   56107  56820     2.47e-09    5.11e-07
2012 06 29  1548   56107  56880     1.55e-09    4.96e-07
2012 06 29  1549   56107  56940     1.26e-09    4.86e-07
2012 06 29  1550   56107  57000     1.16e-09    4.81e-07
2012 06 29  1551   56107  57060     1.83e-09    4.74e-07
2012 06 29  1552   56107  57120     1.37e-09    4.64e-07
2012 06 29  1553   56107  57180     3.14e-09    4.56e-07
2012 06 29  1554   56107  57240     2.44e-09    4.60e-07
2012 06 29  1555   56107  57300     1.16e-09    4.59e-07
2012 06 29  1556   56107  57360     1.08e-09    4.56e-07
2012 06 29  1557   56107  57420     1.10e-09    4.55e-07
2012 06 29  1558   56107  57480     1.00e-09    4.53e-07
2012 06 29  1559   56107  57540     1.00e-09    4.47e-07
2012 06 29  1600   56107  57600     1.00e-09    4.38e-07
2012 06 29  1601   56107  57660     1.00e-09    4.31e-07
2012 06 29  1602   56107  57720     1.00e-09    4.31e-07
2012 06 29  1603   56107  57780     1.00e-09    4.33e-07
2012 06 29  1604   56107  57840     1.00e-09    4.31e-07
2012 06 29  1605   56107  57900     1.26e-09    4.38e-07
2012 06 29  1606   56107  57960     2.47e-09    4.47e-07
2012 06 29  1607   56107  58020     1.31e-09    4.44e-07
2012 06 29  1608   56107  58080     2.29e-09    4.55e-07
2012 06 29  1609   56107  58140     1.43e-09    4.45e-07
2012 06 29  1610   56107  58200     1.25e-09    4.38e-07
2012 06 29  1611   56107  58260     2.26e-09    4.27e-07
2012 06 29  1612   56107  58320     4.07e-09    4.26e-07
2012 06 29  1613   56107  58380     1.08e-09    4.22e-07
2012 06 29  1614   56107  58440     1.00e-09    4.16e-07
2012 06 29  1615   56107  58500     1.02e-09    4.10e-07
2012 06 29  1616   56107  58560     1.00e-09    4.11e-07
2012 06 29  1617   56107  58620     1.02e-09    4.12e-07
2012 06 29  1618   56107  58680     1.32e-09    4.15e-07
2012 06 29  1619   56107  58740     1.35e-09    4.18e-07
2012 06 29  1620   56107  58800     1.02e-09    4.24e-07
2012 06 29  1621   56107  58860     1.04e-09    4.32e-07
2012 06 29  1622   56107  58920     2.41e-09    4.62e-07
2012 06 29  1623   56107  58980     3.56e-09    4.97e-07
2012 06 29  1624   56107  59040     3.72e-09    5.19e-07
2012 06 29  1625   56107  59100     3.14e-09    5.28e-07
2012 06 29  1626   56107  59160     3.45e-09    5.32e-07
2012 06 29  1627   56107  59220     2.54e-09    5.47e-07
2012 06 29  1628   56107  59280     5.91e-09    5.77e-07
2012 06 29  1629   56107  59340     1.20e-08    6.35e-07
2012 06 29  1630   56107  59400     3.07e-08    7.71e-07
2012 06 29  1631   56107  59460     4.46e-08    9.15e-07
2012 06 29  1632   56107  59520     4.66e-08    1.00e-06
2012 06 29  1633   56107  59580     4.30e-08    1.02e-06
2012 06 29  1634   56107  59640     3.96e-08    1.01e-06
2012 06 29  1635   56107  59700     3.43e-08    9.88e-07
2012 06 29  1636   56107  59760     2.95e-08    9.63e-07
2012 06 29  1637   56107  59820     2.64e-08    9.37e-07
2012 06 29  1638   56107  59880     2.25e-08    9.16e-07
2012 06 29  1639   56107  59940     2.10e-08    8.84e-07
2012 06 29  1640   56107  60000     1.94e-08    8.55e-07
2012 06 29  1641   56107  60060     1.71e-08    8.20e-07
2012 06 29  1642   56107  60120     1.34e-08    8.00e-07
2012 06 29  1643   56107  60180     1.20e-08    7.77e-07
2012 06 29  1644   56107  60240     1.01e-08    7.53e-07
2012 06 29  1645   56107  60300     9.79e-09    7.34e-07
2012 06 29  1646   56107  60360     8.14e-09    7.18e-07
2012 06 29  1647   56107  60420     7.60e-09    7.03e-07
2012 06 29  1648   56107  60480     9.10e-09    6.88e-07
2012 06 29  1649   56107  60540     7.55e-09    6.73e-07
2012 06 29  1650   56107  60600     3.72e-09    6.57e-07
2012 06 29  1651   56107  60660     2.37e-09    6.48e-07
2012 06 29  1652   56107  60720     3.41e-09    6.37e-07
2012 06 29  1653   56107  60780     2.90e-09    6.25e-07
2012 06 29  1654   56107  60840     3.14e-09    6.14e-07
2012 06 29  1655   56107  60900     4.14e-09    6.04e-07
2012 06 29  1656   56107  60960     4.37e-09    5.97e-07
2012 06 29  1657   56107  61020     3.81e-09    5.88e-07
2012 06 29  1658   56107  61080     4.75e-09    5.80e-07
2012 06 29  1659   56107  61140     5.35e-09    5.72e-07
2012 06 29  1700   56107  61200     4.18e-09    5.68e-07
2012 06 29  1701   56107  61260     5.79e-09    5.63e-07
2012 06 29  1702   56107  61320     3.45e-09    5.62e-07
2012 06 29  1703   56107  61380     1.54e-09    5.69e-07
2012 06 29  1704   56107  61440     2.42e-09    5.81e-07
2012 06 29  1705   56107  61500     1.62e-09    5.77e-07
2012 06 29  1706   56107  61560     1.53e-09    5.78e-07
2012 06 29  1707   56107  61620     4.35e-09    5.74e-07
2012 06 29  1708   56107  61680     4.22e-09    5.71e-07
2012 06 29  1709   56107  61740     2.56e-09    5.77e-07
2012 06 29  1710   56107  61800     1.59e-09    5.94e-07
2012 06 29  1711   56107  61860     6.79e-09    6.16e-07
2012 06 29  1712   56107  61920     8.29e-09    6.35e-07
2012 06 29  1713   56107  61980     1.29e-08    6.80e-07
2012 06 29  1714   56107  62040     1.64e-08    7.38e-07
2012 06 29  1715   56107  62100     1.89e-08    7.99e-07
2012 06 29  1716   56107  62160     2.04e-08    8.38e-07
2012 06 29  1717   56107  62220     2.52e-08    8.99e-07
2012 06 29  1718   56107  62280     2.88e-08    9.55e-07
2012 06 29  1719   56107  62340     3.54e-08    1.04e-06
2012 06 29  1720   56107  62400     3.98e-08    1.10e-06
2012 06 29  1721   56107  62460     3.74e-08    1.13e-06
2012 06 29  1722   56107  62520     3.24e-08    1.09e-06
2012 06 29  1723   56107  62580     2.32e-08    1.01e-06
2012 06 29  1724   56107  62640     1.92e-08    9.57e-07
2012 06 29  1725   56107  62700     1.56e-08    9.05e-07
2012 06 29  1726   56107  62760     1.51e-08    8.61e-07
2012 06 29  1727   56107  62820     1.36e-08    8.25e-07
2012 06 29  1728   56107  62880     1.13e-08    7.87e-07
2012 06 29  1729   56107  62940     9.21e-09    7.59e-07
2012 06 29  1730   56107  63000     1.03e-08    7.51e-07
2012 06 29  1731   56107  63060     9.94e-09    7.36e-07
2012 06 29  1732   56107  63120     9.06e-09    7.19e-07
2012 06 29  1733   56107  63180     8.07e-09    7.01e-07
2012 06 29  1734   56107  63240     6.56e-09    6.85e-07
2012 06 29  1735   56107  63300     5.68e-09    6.71e-07
2012 06 29  1736   56107  63360     5.80e-09    6.69e-07
2012 06 29  1737   56107  63420     7.25e-09    6.79e-07
2012 06 29  1738   56107  63480     1.01e-08    6.81e-07
2012 06 29  1739   56107  63540     1.01e-08    6.92e-07
2012 06 29  1740   56107  63600     1.00e-08    6.94e-07
2012 06 29  1741   56107  63660     1.16e-08    7.20e-07
2012 06 29  1742   56107  63720     1.33e-08    7.47e-07
2012 06 29  1743   56107  63780     1.28e-08    7.50e-07
2012 06 29  1744   56107  63840     1.19e-08    7.52e-07
2012 06 29  1745   56107  63900     9.75e-09    7.30e-07
2012 06 29  1746   56107  63960     9.51e-09    7.10e-07
2012 06 29  1747   56107  64020     7.71e-09    6.68e-07
2012 06 29  1748   56107  64080     2.13e-09    6.43e-07
2012 06 29  1749   56107  64140     2.59e-09    6.28e-07
2012 06 29  1750   56107  64200     1.38e-09    6.19e-07
2012 06 29  1751   56107  64260     2.19e-09    6.12e-07
2012 06 29  1752   56107  64320     2.23e-09    6.04e-07
2012 06 29  1753   56107  64380     2.17e-09    6.10e-07
2012 06 29  1754   56107  64440     5.29e-09    6.42e-07
2012 06 29  1755   56107  64500     5.02e-09    6.41e-07
2012 06 29  1756   56107  64560     9.83e-09    7.02e-07
2012 06 29  1757   56107  64620     1.19e-08    7.72e-07
2012 06 29  1758   56107  64680     5.48e-09    6.69e-07
2012 06 29  1759   56107  64740     1.05e-08    6.89e-07
2012 06 29  1800   56107  64800     1.42e-08    7.39e-07
2012 06 29  1801   56107  64860     3.00e-08    7.89e-07
2012 06 29  1802   56107  64920     2.38e-08    7.74e-07
2012 06 29  1803   56107  64980     8.66e-09    6.70e-07
2012 06 29  1804   56107  65040     6.48e-09    6.56e-07
2012 06 29  1805   56107  65100     8.98e-09    6.25e-07
2012 06 29  1806   56107  65160     7.56e-09    6.15e-07
2012 06 29  1807   56107  65220     5.54e-09    6.17e-07
2012 06 29  1808   56107  65280     7.25e-09    6.23e-07
2012 06 29  1809   56107  65340     1.41e-08    6.77e-07
2012 06 29  1810   56107  65400     1.84e-08    7.22e-07
2012 06 29  1811   56107  65460     1.97e-08    7.40e-07
2012 06 29  1812   56107  65520     1.53e-08    7.18e-07
2012 06 29  1813   56107  65580     9.66e-09    6.84e-07
2012 06 29  1814   56107  65640     8.40e-09    6.55e-07
2012 06 29  1815   56107  65700     5.29e-09    6.42e-07
2012 06 29  1816   56107  65760     4.41e-09    6.26e-07
2012 06 29  1817   56107  65820     4.28e-09    6.15e-07
2012 06 29  1818   56107  65880     3.02e-09    6.12e-07
2012 06 29  1819   56107  65940     3.02e-09    6.16e-07
2012 06 29  1820   56107  66000     3.68e-09    6.14e-07
2012 06 29  1821   56107  66060     2.56e-09    6.15e-07
2012 06 29  1822   56107  66120     5.06e-09    6.14e-07
2012 06 29  1823   56107  66180     4.83e-09    6.16e-07
2012 06 29  1824   56107  66240     4.98e-09    6.13e-07
2012 06 29  1825   56107  66300     5.14e-09    6.17e-07
2012 06 29  1826   56107  66360     6.14e-09    6.20e-07
2012 06 29  1827   56107  66420     6.84e-09    6.13e-07
2012 06 29  1828   56107  66480     4.71e-09    6.01e-07
2012 06 29  1829   56107  66540     5.14e-09    5.94e-07
2012 06 29  1830   56107  66600     4.61e-09    5.92e-07
2012 06 29  1831   56107  66660     2.35e-09    5.83e-07
2012 06 29  1832   56107  66720     3.37e-09    5.71e-07
2012 06 29  1833   56107  66780     7.67e-09    5.77e-07
2012 06 29  1834   56107  66840     4.83e-09    5.95e-07
2012 06 29  1835   56107  66900     5.29e-09    6.25e-07
2012 06 29  1836   56107  66960     1.76e-08    7.40e-07
2012 06 29  1837   56107  67020     2.49e-08    8.31e-07
2012 06 29  1838   56107  67080     3.10e-08    8.81e-07
2012 06 29  1839   56107  67140     3.27e-08    9.03e-07
2012 06 29  1840   56107  67200     3.21e-08    9.16e-07
2012 06 29  1841   56107  67260     3.32e-08    9.40e-07
2012 06 29  1842   56107  67320     3.68e-08    9.76e-07
2012 06 29  1843   56107  67380     4.63e-08    1.08e-06
2012 06 29  1844   56107  67440     4.42e-08    1.12e-06
2012 06 29  1845   56107  67500     4.11e-08    1.10e-06
2012 06 29  1846   56107  67560     3.29e-08    1.06e-06
2012 06 29  1847   56107  67620     2.67e-08    1.02e-06
2012 06 29  1848   56107  67680     2.15e-08    9.66e-07
2012 06 29  1849   56107  67740     1.89e-08    9.01e-07
2012 06 29  1850   56107  67800     1.52e-08    8.30e-07
2012 06 29  1851   56107  67860     1.23e-08    7.80e-07
2012 06 29  1852   56107  67920     9.40e-09    7.28e-07
2012 06 29  1853   56107  67980     7.75e-09    6.86e-07
2012 06 29  1854   56107  68040     7.17e-09    6.48e-07
2012 06 29  1855   56107  68100     7.17e-09    6.25e-07
2012 06 29  1856   56107  68160     5.18e-09    6.04e-07
2012 06 29  1857   56107  68220     5.95e-09    5.85e-07
2012 06 29  1858   56107  68280     6.52e-09    5.77e-07
2012 06 29  1859   56107  68340     8.37e-09    6.06e-07
2012 06 29  1900   56107  68400     1.16e-08    6.55e-07
2012 06 29  1901   56107  68460     1.48e-08    6.94e-07
2012 06 29  1902   56107  68520     1.63e-08    7.23e-07
2012 06 29  1903   56107  68580     1.54e-08    7.63e-07
2012 06 29  1904   56107  68640     1.97e-08    8.11e-07
2012 06 29  1905   56107  68700     2.05e-08    8.46e-07
2012 06 29  1906   56107  68760     2.03e-08    8.72e-07
2012 06 29  1907   56107  68820     1.86e-08    8.59e-07
2012 06 29  1908   56107  68880     1.80e-08    8.30e-07
2012 06 29  1909   56107  68940     1.49e-08    8.01e-07
2012 06 29  1910   56107  69000     1.22e-08    7.73e-07
2012 06 29  1911   56107  69060     9.81e-09    7.50e-07
2012 06 29  1912   56107  69120     7.87e-09    7.21e-07
2012 06 29  1913   56107  69180     6.98e-09    6.95e-07
2012 06 29  1914   56107  69240     5.99e-09    6.73e-07
2012 06 29  1915   56107  69300     3.79e-09    6.45e-07
2012 06 29  1916   56107  69360     3.41e-09    6.19e-07
2012 06 29  1917   56107  69420     2.64e-09    5.88e-07
2012 06 29  1918   56107  69480     3.37e-09    5.69e-07
2012 06 29  1919   56107  69540     4.62e-09    5.58e-07
2012 06 29  1920   56107  69600     2.98e-09    5.48e-07
2012 06 29  1921   56107  69660     5.39e-09    5.33e-07
2012 06 29  1922   56107  69720     3.60e-09    5.18e-07
2012 06 29  1923   56107  69780     2.11e-09    5.01e-07
2012 06 29  1924   56107  69840     1.10e-09    4.84e-07
2012 06 29  1925   56107  69900     1.06e-09    4.71e-07
2012 06 29  1926   56107  69960     1.02e-09    4.61e-07
2012 06 29  1927   56107  70020     1.17e-09    4.60e-07
2012 06 29  1928   56107  70080     1.50e-09    4.56e-07
2012 06 29  1929   56107  70140     3.72e-09    4.51e-07
2012 06 29  1930   56107  70200     1.88e-09    4.46e-07
2012 06 29  1931   56107  70260     1.33e-09    4.40e-07
2012 06 29  1932   56107  70320     1.62e-09    4.38e-07
2012 06 29  1933   56107  70380     1.00e-09    4.36e-07
2012 06 29  1934   56107  70440     1.06e-09    4.31e-07
2012 06 29  1935   56107  70500     1.00e-09    4.29e-07
2012 06 29  1936   56107  70560     1.00e-09    4.25e-07
2012 06 29  1937   56107  70620     1.00e-09    4.27e-07
2012 06 29  1938   56107  70680     1.00e-09    4.30e-07
2012 06 29  1939   56107  70740     1.00e-09    4.46e-07
2012 06 29  1940   56107  70800     1.00e-09    4.56e-07
2012 06 29  1941   56107  70860     1.00e-09    4.57e-07
2012 06 29  1942   56107  70920     1.38e-09    4.53e-07
2012 06 29  1943   56107  70980     2.11e-09    4.56e-07
2012 06 29  1944   56107  71040     1.23e-09    4.49e-07
2012 06 29  1945   56107  71100     1.06e-09    4.45e-07
2012 06 29  1946   56107  71160     1.00e-09    4.37e-07
2012 06 29  1947   56107  71220     1.00e-09    4.27e-07
2012 06 29  1948   56107  71280     1.00e-09    4.21e-07
2012 06 29  1949   56107  71340     1.59e-09    4.23e-07
2012 06 29  1950   56107  71400     1.00e-09    4.31e-07
2012 06 29  1951   56107  71460     1.02e-09    4.20e-07
2012 06 29  1952   56107  71520     1.00e-09    4.10e-07
2012 06 29  1953   56107  71580     1.00e-09    4.01e-07
2012 06 29  1954   56107  71640     1.00e-09    3.95e-07
2012 06 29  1955   56107  71700     1.12e-09    3.91e-07
2012 06 29  1956   56107  71760     1.06e-09    3.94e-07
2012 06 29  1957   56107  71820     1.00e-09    3.90e-07
2012 06 29  1958   56107  71880     1.00e-09    3.83e-07
2012 06 29  1959   56107  71940     1.02e-09    3.83e-07
2012 06 29  2000   56107  72000     1.00e-09    3.90e-07
2012 06 29  2001   56107  72060     1.00e-09    4.01e-07
2012 06 29  2002   56107  72120     2.77e-09    4.35e-07
2012 06 29  2003   56107  72180     3.63e-09    4.52e-07
2012 06 29  2004   56107  72240     7.73e-09    4.96e-07
2012 06 29  2005   56107  72300     4.10e-09    4.84e-07
2012 06 29  2006   56107  72360     1.34e-09    4.42e-07
2012 06 29  2007   56107  72420     1.26e-09    4.25e-07
2012 06 29  2008   56107  72480     1.41e-09    4.10e-07
2012 06 29  2009   56107  72540     1.48e-09    3.96e-07
2012 06 29  2010   56107  72600     1.02e-09    3.89e-07
2012 06 29  2011   56107  72660     1.00e-09    3.84e-07
2012 06 29  2012   56107  72720     1.02e-09    3.84e-07
2012 06 29  2013   56107  72780     1.00e-09    3.79e-07
2012 06 29  2014   56107  72840     1.00e-09    3.78e-07
2012 06 29  2015   56107  72900     1.00e-09    3.77e-07
2012 06 29  2016   56107  72960     1.06e-09    3.87e-07
2012 06 29  2017   56107  73020     1.23e-09    3.86e-07
2012 06 29  2018   56107  73080     1.19e-09    3.84e-07
2012 06 29  2019   56107  73140     1.00e-09    3.81e-07
2012 06 29  2020   56107  73200     1.00e-09    3.78e-07
2012 06 29  2021   56107  73260     1.06e-09    3.76e-07
2012 06 29  2022   56107  73320     1.00e-09    3.72e-07
2012 06 29  2023   56107  73380     1.00e-09    3.69e-07
2012 06 29  2024   56107  73440     1.02e-09    3.65e-07
2012 06 29  2025   56107  73500     1.02e-09    3.64e-07
2012 06 29  2026   56107  73560     1.12e-09    3.63e-07
2012 06 29  2027   56107  73620     1.00e-09    3.65e-07
2012 06 29  2028   56107  73680     1.00e-09    3.67e-07
2012 06 29  2029   56107  73740     1.05e-09    3.61e-07
2012 06 29  2030   56107  73800     1.40e-09    3.65e-07
2012 06 29  2031   56107  73860     2.98e-09    3.66e-07
2012 06 29  2032   56107  73920     2.30e-09    3.65e-07
2012 06 29  2033   56107  73980     1.34e-09    3.66e-07
2012 06 29  2034   56107  74040     1.42e-09    3.69e-07
2012 06 29  2035   56107  74100     1.50e-09    3.79e-07
2012 06 29  2036   56107  74160     1.70e-09    3.98e-07
2012 06 29  2037   56107  74220     2.58e-09    4.32e-07
2012 06 29  2038   56107  74280     6.25e-09    4.84e-07
2012 06 29  2039   56107  74340     9.56e-09    5.25e-07
2012 06 29  2040   56107  74400     6.52e-09    5.13e-07
2012 06 29  2041   56107  74460     4.72e-09    5.01e-07
2012 06 29  2042   56107  74520     6.60e-09    4.91e-07
2012 06 29  2043   56107  74580     4.45e-09    4.90e-07
2012 06 29  2044   56107  74640     4.60e-09    4.89e-07
2012 06 29  2045   56107  74700     4.20e-09    4.96e-07
2012 06 29  2046   56107  74760     3.37e-09    4.88e-07
2012 06 29  2047   56107  74820     2.21e-09    4.71e-07
2012 06 29  2048   56107  74880     1.00e-09    4.58e-07
2012 06 29  2049   56107  74940     2.02e-09    4.45e-07
2012 06 29  2050   56107  75000     2.93e-09    4.32e-07
2012 06 29  2051   56107  75060     1.36e-09    4.25e-07
2012 06 29  2052   56107  75120     1.13e-09    4.21e-07
2012 06 29  2053   56107  75180     2.47e-09    4.16e-07
2012 06 29  2054   56107  75240     2.03e-09    4.16e-07
2012 06 29  2055   56107  75300     3.91e-09    4.24e-07
2012 06 29  2056   56107  75360     2.57e-09    4.32e-07
2012 06 29  2057   56107  75420     4.49e-09    4.35e-07
2012 06 29  2058   56107  75480     5.09e-09    4.39e-07
2012 06 29  2059   56107  75540     5.68e-09    4.46e-07
2012 06 29  2100   56107  75600     6.71e-09    4.53e-07
2012 06 29  2101   56107  75660     7.37e-09    4.57e-07
2012 06 29  2102   56107  75720     5.73e-09    4.63e-07
2012 06 29  2103   56107  75780     7.44e-09    4.70e-07
2012 06 29  2104   56107  75840     9.86e-09    4.85e-07
2012 06 29  2105   56107  75900     8.92e-09    4.99e-07
2012 06 29  2106   56107  75960     7.64e-09    5.10e-07
2012 06 29  2107   56107  76020     7.02e-09    5.27e-07
2012 06 29  2108   56107  76080     9.25e-09    5.38e-07
2012 06 29  2109   56107  76140     8.14e-09    5.37e-07
2012 06 29  2110   56107  76200     7.71e-09    5.36e-07
2012 06 29  2111   56107  76260     9.25e-09    5.33e-07
2012 06 29  2112   56107  76320     8.51e-09    5.32e-07
2012 06 29  2113   56107  76380     9.29e-09    5.27e-07
2012 06 29  2114   56107  76440     5.64e-09    5.21e-07
2012 06 29  2115   56107  76500     5.21e-09    5.20e-07
2012 06 29  2116   56107  76560     1.55e-09    5.14e-07
2012 06 29  2117   56107  76620     1.72e-09    5.09e-07
2012 06 29  2118   56107  76680     1.54e-09    5.02e-07
2012 06 29  2119   56107  76740     2.00e-09    5.02e-07
2012 06 29  2120   56107  76800     1.69e-09    5.06e-07
2012 06 29  2121   56107  76860     2.52e-09    5.08e-07
2012 06 29  2122   56107  76920     3.68e-09    5.04e-07
2012 06 29  2123   56107  76980     1.42e-09    5.05e-07
2012 06 29  2124   56107  77040     1.56e-09    4.96e-07
2012 06 29  2125   56107  77100     2.27e-09    4.97e-07
2012 06 29  2126   56107  77160     1.98e-09    5.03e-07
2012 06 29  2127   56107  77220     2.61e-09    4.96e-07
2012 06 29  2128   56107  77280     2.21e-09    4.97e-07
2012 06 29  2129   56107  77340     3.01e-09    4.98e-07
2012 06 29  2130   56107  77400     3.56e-09    5.02e-07
2012 06 29  2131   56107  77460     3.98e-09    5.08e-07
2012 06 29  2132   56107  77520     4.20e-09    5.15e-07
2012 06 29  2133   56107  77580     6.02e-09    5.31e-07
2012 06 29  2134   56107  77640     8.87e-09    5.69e-07
2012 06 29  2135   56107  77700     1.04e-08    5.83e-07
2012 06 29  2136   56107  77760     9.79e-09    5.76e-07
2012 06 29  2137   56107  77820     8.63e-09    5.67e-07
2012 06 29  2138   56107  77880     7.98e-09    5.61e-07
2012 06 29  2139   56107  77940     9.66e-09    5.57e-07
2012 06 29  2140   56107  78000     8.37e-09    5.54e-07
2012 06 29  2141   56107  78060     7.87e-09    5.60e-07
2012 06 29  2142   56107  78120     9.11e-09    5.69e-07
2012 06 29  2143   56107  78180     1.45e-08    5.82e-07
2012 06 29  2144   56107  78240     1.39e-08    6.04e-07
2012 06 29  2145   56107  78300     1.32e-08    5.97e-07
2012 06 29  2146   56107  78360     1.31e-08    5.97e-07
2012 06 29  2147   56107  78420     1.31e-08    5.94e-07
2012 06 29  2148   56107  78480     1.19e-08    5.96e-07
2012 06 29  2149   56107  78540     9.89e-09    5.91e-07
2012 06 29  2150   56107  78600     9.52e-09    5.92e-07
2012 06 29  2151   56107  78660     5.94e-09    5.97e-07
2012 06 29  2152   56107  78720     6.32e-09    5.95e-07
2012 06 29  2153   56107  78780     6.87e-09    6.06e-07
2012 06 29  2154   56107  78840     6.18e-09    6.06e-07
2012 06 29  2155   56107  78900     7.25e-09    5.97e-07
2012 06 29  2156   56107  78960     8.18e-09    5.90e-07
2012 06 29  2157   56107  79020     6.64e-09    5.79e-07
2012 06 29  2158   56107  79080     6.98e-09    5.69e-07
2012 06 29  2159   56107  79140     3.83e-09    5.56e-07
2012 06 29  2200   56107  79200     3.72e-09    5.47e-07
2012 06 29  2201   56107  79260     3.68e-09    5.38e-07
2012 06 29  2202   56107  79320     4.35e-09    5.34e-07
2012 06 29  2203   56107  79380     2.27e-09    5.26e-07
2012 06 29  2204   56107  79440     1.89e-09    5.25e-07
2012 06 29  2205   56107  79500     1.41e-09    5.22e-07
2012 06 29  2206   56107  79560     1.22e-09    5.16e-07
2012 06 29  2207   56107  79620     1.71e-09    5.12e-07
2012 06 29  2208   56107  79680     2.79e-09    5.11e-07
2012 06 29  2209   56107  79740     3.31e-09    5.16e-07
2012 06 29  2210   56107  79800     2.72e-09    5.10e-07
2012 06 29  2211   56107  79860     4.40e-09    5.01e-07
2012 06 29  2212   56107  79920     4.61e-09    4.93e-07
2012 06 29  2213   56107  79980     5.21e-09    4.85e-07
2012 06 29  2214   56107  80040     3.83e-09    4.83e-07
2012 06 29  2215   56107  80100     5.25e-09    4.71e-07
2012 06 29  2216   56107  80160     3.42e-09    4.75e-07
2012 06 29  2217   56107  80220     4.02e-09    4.83e-07
2012 06 29  2218   56107  80280     4.52e-09    4.85e-07
2012 06 29  2219   56107  80340     5.02e-09    4.93e-07
2012 06 29  2220   56107  80400     3.98e-09    4.79e-07
2012 06 29  2221   56107  80460     2.81e-09    4.66e-07
2012 06 29  2222   56107  80520     1.89e-09    4.56e-07
2012 06 29  2223   56107  80580     2.03e-09    4.48e-07
2012 06 29  2224   56107  80640     3.88e-09    4.53e-07
2012 06 29  2225   56107  80700     2.33e-09    4.49e-07
2012 06 29  2226   56107  80760     2.54e-09    4.43e-07
2012 06 29  2227   56107  80820     1.15e-09    4.37e-07
2012 06 29  2228   56107  80880     1.04e-09    4.26e-07
2012 06 29  2229   56107  80940     1.00e-09    4.19e-07
2012 06 29  2230   56107  81000     1.20e-09    4.13e-07
2012 06 29  2231   56107  81060     1.54e-09    4.04e-07
2012 06 29  2232   56107  81120     2.49e-09    3.99e-07
2012 06 29  2233   56107  81180     2.48e-09    3.99e-07
2012 06 29  2234   56107  81240     1.08e-09    3.98e-07
2012 06 29  2235   56107  81300     1.79e-09    4.01e-07
2012 06 29  2236   56107  81360     3.95e-09    3.97e-07
2012 06 29  2237   56107  81420     2.46e-09    3.94e-07
2012 06 29  2238   56107  81480     3.79e-09    4.08e-07
2012 06 29  2239   56107  81540     5.47e-09    4.18e-07
2012 06 29  2240   56107  81600     4.27e-09    4.21e-07
2012 06 29  2241   56107  81660     1.86e-09    4.09e-07
2012 06 29  2242   56107  81720     1.74e-09    3.99e-07
2012 06 29  2243   56107  81780     1.00e-09    3.93e-07
2012 06 29  2244   56107  81840     1.14e-09    3.93e-07
2012 06 29  2245   56107  81900     2.56e-09    3.90e-07
2012 06 29  2246   56107  81960     1.59e-09    3.90e-07
2012 06 29  2247   56107  82020     2.09e-09    3.94e-07
2012 06 29  2248   56107  82080     2.24e-09    3.95e-07
2012 06 29  2249   56107  82140     1.23e-09    3.93e-07
2012 06 29  2250   56107  82200     1.00e-09    3.93e-07
2012 06 29  2251   56107  82260     1.00e-09    3.98e-07
2012 06 29  2252   56107  82320     1.06e-09    4.02e-07
2012 06 29  2253   56107  82380     1.20e-09    4.08e-07
2012 06 29  2254   56107  82440     1.52e-09    4.07e-07
2012 06 29  2255   56107  82500     1.50e-09    4.05e-07
2012 06 29  2256   56107  82560     2.05e-09    4.09e-07
2012 06 29  2257   56107  82620     3.45e-09    4.07e-07
2012 06 29  2258   56107  82680     2.80e-09    4.06e-07
2012 06 29  2259   56107  82740     1.04e-09    4.04e-07
2012 06 29  2300   56107  82800     1.42e-09    4.00e-07
2012 06 29  2301   56107  82860     1.41e-09    4.00e-07
2012 06 29  2302   56107  82920     1.95e-09    3.99e-07
2012 06 29  2303   56107  82980     1.24e-09    4.03e-07
2012 06 29  2304   56107  83040     1.25e-09    3.92e-07
2012 06 29  2305   56107  83100     1.23e-09    3.91e-07
2012 06 29  2306   56107  83160     2.35e-09    3.89e-07
2012 06 29  2307   56107  83220     2.16e-09    3.91e-07
2012 06 29  2308   56107  83280     1.61e-09    3.98e-07
2012 06 29  2309   56107  83340     1.74e-09    4.18e-07
2012 06 29  2310   56107  83400     1.45e-09    4.28e-07
2012 06 29  2311   56107  83460     1.36e-09    4.17e-07
2012 06 29  2312   56107  83520     1.71e-09    4.12e-07
2012 06 29  2313   56107  83580     1.66e-09    4.05e-07
2012 06 29  2314   56107  83640     1.23e-09    3.93e-07
2012 06 29  2315   56107  83700     1.23e-09    3.90e-07
2012 06 29  2316   56107  83760     1.00e-09    3.86e-07
2012 06 29  2317   56107  83820     1.24e-09    3.89e-07
2012 06 29  2318   56107  83880     1.00e-09    3.88e-07
2012 06 29  2319   56107  83940     1.02e-09    3.81e-07
2012 06 29  2320   56107  84000     1.47e-09    3.79e-07
2012 06 29  2321   56107  84060     1.12e-09    3.73e-07
2012 06 29  2322   56107  84120     1.04e-09    3.69e-07
2012 06 29  2323   56107  84180     1.04e-09    3.71e-07
2012 06 29  2324   56107  84240     1.02e-09    3.77e-07
2012 06 29  2325   56107  84300     1.00e-09    3.72e-07
2012 06 29  2326   56107  84360     1.00e-09    3.67e-07
2012 06 29  2327   56107  84420     1.00e-09    3.61e-07
2012 06 29  2328   56107  84480     1.00e-09    3.63e-07
2012 06 29  2329   56107  84540     1.00e-09    3.66e-07
2012 06 29  2330   56107  84600     1.00e-09    3.70e-07
2012 06 29  2331   56107  84660     1.25e-09    3.84e-07
2012 06 29  2332   56107  84720     4.02e-09    4.27e-07
2012 06 29  2333   56107  84780     2.05e-08    5.79e-07
2012 06 29  2334   56107  84840     6.31e-08    9.83e-07
2012 06 29  2335   56107  84900     1.13e-07    1.46e-06
2012 06 29  2336   56107  84960     1.30e-07    1.73e-06
2012 06 29  2337   56107  85020     1.24e-07    1.82e-06
2012 06 29  2338   56107  85080     1.23e-07    1.87e-06
2012 06 29  2339   56107  85140     1.17e-07    1.84e-06
2012 06 29  2340   56107  85200     1.07e-07    1.74e-06
2012 06 29  2341   56107  85260     1.07e-07    1.70e-06
2012 06 29  2342   56107  85320     9.66e-08    1.64e-06
2012 06 29  2343   56107  85380     7.97e-08    1.53e-06
2012 06 29  2344   56107  85440     7.02e-08    1.45e-06
2012 06 29  2345   56107  85500     6.12e-08    1.38e-06
2012 06 29  2346   56107  85560     5.53e-08    1.35e-06
2012 06 29  2347   56107  85620     4.70e-08    1.28e-06
2012 06 29  2348   56107  85680     3.71e-08    1.17e-06
2012 06 29  2349   56107  85740     2.82e-08    1.07e-06
2012 06 29  2350   56107  85800     2.16e-08    9.87e-07
2012 06 29  2351   56107  85860     2.04e-08    9.20e-07
2012 06 29  2352   56107  85920     1.86e-08    8.55e-07
2012 06 29  2353   56107  85980     1.63e-08    8.08e-07
2012 06 29  2354   56107  86040     1.41e-08    7.65e-07
2012 06 29  2355   56107  86100     1.27e-08    7.35e-07
2012 06 29  2356   56107  86160     1.21e-08    7.09e-07
2012 06 29  2357   56107  86220     1.17e-08    6.80e-07
2012 06 29  2358   56107  86280     1.16e-08    6.55e-07
2012 06 29  2359   56107  86340     9.52e-09    6.35e-07
