:Data_list: 20120628_Gp_xr_1m.txt
:Created: 2012 Jun 29 0010 UTC
# Prepared by the U.S. Dept. of Commerce, NOAA, Space Weather Prediction Center
# Please send comments and suggestions to SWPC.Webmaster@noaa.gov 
# 
# Label: Short = 0.05- 0.4 nanometer
# Label: Long  = 0.1 - 0.8 nanometer
# Units: Short = Watts per meter squared
# Units: Long  = Watts per meter squared
# Source: GOES-15
# Location: W135
# Missing data: -1.00e+05
#
#         1-minute GOES-15 Solar X-ray Flux
# 
#                 Modified Seconds
# UTC Date  Time   Julian  of the
# YR MO DA  HHMM    Day     Day       Short       Long
#-------------------------------------------------------
2012 06 28  0000   56106      0     2.43e-09    3.94e-07
2012 06 28  0001   56106     60     3.25e-09    4.18e-07
2012 06 28  0002   56106    120     4.50e-09    4.40e-07
2012 06 28  0003   56106    180     5.29e-09    4.48e-07
2012 06 28  0004   56106    240     4.02e-09    4.45e-07
2012 06 28  0005   56106    300     2.17e-09    4.32e-07
2012 06 28  0006   56106    360     1.00e-09    4.14e-07
2012 06 28  0007   56106    420     1.02e-09    3.98e-07
2012 06 28  0008   56106    480     1.79e-09    3.91e-07
2012 06 28  0009   56106    540     3.99e-09    4.03e-07
2012 06 28  0010   56106    600     1.09e-08    4.53e-07
2012 06 28  0011   56106    660     7.90e-09    4.54e-07
2012 06 28  0012   56106    720     5.71e-09    4.46e-07
2012 06 28  0013   56106    780     5.47e-09    4.49e-07
2012 06 28  0014   56106    840     6.56e-09    4.77e-07
2012 06 28  0015   56106    900     9.36e-09    4.96e-07
2012 06 28  0016   56106    960     8.44e-09    5.06e-07
2012 06 28  0017   56106   1020     7.21e-09    4.91e-07
2012 06 28  0018   56106   1080     5.44e-09    4.71e-07
2012 06 28  0019   56106   1140     2.97e-09    4.51e-07
2012 06 28  0020   56106   1200     1.53e-09    4.37e-07
2012 06 28  0021   56106   1260     2.13e-09    4.28e-07
2012 06 28  0022   56106   1320     2.30e-09    4.28e-07
2012 06 28  0023   56106   1380     1.70e-09    4.18e-07
2012 06 28  0024   56106   1440     1.43e-09    4.10e-07
2012 06 28  0025   56106   1500     1.67e-09    4.11e-07
2012 06 28  0026   56106   1560     3.68e-09    4.24e-07
2012 06 28  0027   56106   1620     2.69e-09    4.03e-07
2012 06 28  0028   56106   1680     1.02e-09    3.87e-07
2012 06 28  0029   56106   1740     1.00e-09    3.72e-07
2012 06 28  0030   56106   1800     1.04e-09    3.72e-07
2012 06 28  0031   56106   1860     2.10e-09    3.79e-07
2012 06 28  0032   56106   1920     4.60e-09    3.90e-07
2012 06 28  0033   56106   1980     3.53e-09    4.12e-07
2012 06 28  0034   56106   2040     3.37e-09    4.31e-07
2012 06 28  0035   56106   2100     3.75e-09    4.23e-07
2012 06 28  0036   56106   2160     3.09e-09    4.25e-07
2012 06 28  0037   56106   2220     3.95e-09    4.43e-07
2012 06 28  0038   56106   2280     6.94e-09    4.87e-07
2012 06 28  0039   56106   2340     9.07e-09    5.07e-07
2012 06 28  0040   56106   2400     5.87e-09    4.95e-07
2012 06 28  0041   56106   2460     4.41e-09    4.70e-07
2012 06 28  0042   56106   2520     3.95e-09    4.46e-07
2012 06 28  0043   56106   2580     5.99e-09    4.24e-07
2012 06 28  0044   56106   2640     3.87e-09    4.08e-07
2012 06 28  0045   56106   2700     1.59e-09    3.97e-07
2012 06 28  0046   56106   2760     2.97e-09    3.93e-07
2012 06 28  0047   56106   2820     1.00e-09    3.84e-07
2012 06 28  0048   56106   2880     1.10e-09    3.87e-07
2012 06 28  0049   56106   2940     2.04e-09    3.85e-07
2012 06 28  0050   56106   3000     1.46e-09    3.83e-07
2012 06 28  0051   56106   3060     1.42e-09    3.94e-07
2012 06 28  0052   56106   3120     3.25e-09    4.02e-07
2012 06 28  0053   56106   3180     4.48e-09    4.08e-07
2012 06 28  0054   56106   3240     4.14e-09    3.97e-07
2012 06 28  0055   56106   3300     4.64e-09    3.91e-07
2012 06 28  0056   56106   3360     3.11e-09    3.91e-07
2012 06 28  0057   56106   3420     2.44e-09    3.86e-07
2012 06 28  0058   56106   3480     1.37e-09    3.82e-07
2012 06 28  0059   56106   3540     1.10e-09    3.78e-07
2012 06 28  0100   56106   3600     1.06e-09    3.70e-07
2012 06 28  0101   56106   3660     1.04e-09    3.66e-07
2012 06 28  0102   56106   3720     1.16e-09    3.64e-07
2012 06 28  0103   56106   3780     1.19e-09    3.59e-07
2012 06 28  0104   56106   3840     1.00e-09    3.54e-07
2012 06 28  0105   56106   3900     1.00e-09    3.53e-07
2012 06 28  0106   56106   3960     1.04e-09    3.52e-07
2012 06 28  0107   56106   4020     1.00e-09    3.48e-07
2012 06 28  0108   56106   4080     1.02e-09    3.49e-07
2012 06 28  0109   56106   4140     1.04e-09    3.41e-07
2012 06 28  0110   56106   4200     1.00e-09    3.42e-07
2012 06 28  0111   56106   4260     1.08e-09    3.40e-07
2012 06 28  0112   56106   4320     1.18e-09    3.38e-07
2012 06 28  0113   56106   4380     1.38e-09    3.31e-07
2012 06 28  0114   56106   4440     1.00e-09    3.28e-07
2012 06 28  0115   56106   4500     1.00e-09    3.24e-07
2012 06 28  0116   56106   4560     1.00e-09    3.21e-07
2012 06 28  0117   56106   4620     1.00e-09    3.24e-07
2012 06 28  0118   56106   4680     1.02e-09    3.19e-07
2012 06 28  0119   56106   4740     1.00e-09    3.17e-07
2012 06 28  0120   56106   4800     2.76e-09    3.32e-07
2012 06 28  0121   56106   4860     6.52e-09    3.68e-07
2012 06 28  0122   56106   4920     1.03e-08    3.98e-07
2012 06 28  0123   56106   4980     1.46e-08    4.46e-07
2012 06 28  0124   56106   5040     1.33e-08    4.55e-07
2012 06 28  0125   56106   5100     6.71e-09    4.29e-07
2012 06 28  0126   56106   5160     4.79e-09    4.12e-07
2012 06 28  0127   56106   5220     1.84e-09    4.04e-07
2012 06 28  0128   56106   5280     1.31e-09    3.83e-07
2012 06 28  0129   56106   5340     1.60e-09    3.76e-07
2012 06 28  0130   56106   5400     3.09e-09    3.77e-07
2012 06 28  0131   56106   5460     3.67e-09    3.83e-07
2012 06 28  0132   56106   5520     1.41e-09    3.77e-07
2012 06 28  0133   56106   5580     1.43e-09    3.77e-07
2012 06 28  0134   56106   5640     1.44e-09    3.73e-07
2012 06 28  0135   56106   5700     1.58e-09    3.71e-07
2012 06 28  0136   56106   5760     2.88e-09    3.69e-07
2012 06 28  0137   56106   5820     3.50e-09    3.77e-07
2012 06 28  0138   56106   5880     4.18e-09    3.94e-07
2012 06 28  0139   56106   5940     2.15e-09    4.10e-07
2012 06 28  0140   56106   6000     6.39e-09    4.30e-07
2012 06 28  0141   56106   6060     7.17e-09    4.47e-07
2012 06 28  0142   56106   6120     9.02e-09    4.58e-07
2012 06 28  0143   56106   6180     5.28e-09    4.63e-07
2012 06 28  0144   56106   6240     5.83e-09    4.74e-07
2012 06 28  0145   56106   6300     4.83e-09    4.82e-07
2012 06 28  0146   56106   6360     4.48e-09    4.84e-07
2012 06 28  0147   56106   6420     9.89e-09    5.22e-07
2012 06 28  0148   56106   6480     1.93e-08    6.05e-07
2012 06 28  0149   56106   6540     2.40e-08    6.84e-07
2012 06 28  0150   56106   6600     3.07e-08    7.59e-07
2012 06 28  0151   56106   6660     4.15e-08    8.50e-07
2012 06 28  0152   56106   6720     5.36e-08    9.58e-07
2012 06 28  0153   56106   6780     6.14e-08    1.06e-06
2012 06 28  0154   56106   6840     6.01e-08    1.07e-06
2012 06 28  0155   56106   6900     5.75e-08    1.07e-06
2012 06 28  0156   56106   6960     5.42e-08    1.05e-06
2012 06 28  0157   56106   7020     4.92e-08    1.03e-06
2012 06 28  0158   56106   7080     4.38e-08    1.01e-06
2012 06 28  0159   56106   7140     3.81e-08    9.78e-07
2012 06 28  0200   56106   7200     3.36e-08    9.32e-07
2012 06 28  0201   56106   7260     2.79e-08    8.82e-07
2012 06 28  0202   56106   7320     2.10e-08    8.40e-07
2012 06 28  0203   56106   7380     1.72e-08    8.04e-07
2012 06 28  0204   56106   7440     1.47e-08    7.77e-07
2012 06 28  0205   56106   7500     1.34e-08    7.51e-07
2012 06 28  0206   56106   7560     1.29e-08    7.34e-07
2012 06 28  0207   56106   7620     1.32e-08    7.63e-07
2012 06 28  0208   56106   7680     1.38e-08    7.40e-07
2012 06 28  0209   56106   7740     1.34e-08    7.14e-07
2012 06 28  0210   56106   7800     1.14e-08    6.96e-07
2012 06 28  0211   56106   7860     2.35e-08    7.82e-07
2012 06 28  0212   56106   7920     1.55e-07    1.55e-06
2012 06 28  0213   56106   7980     3.72e-07    2.52e-06
2012 06 28  0214   56106   8040     3.48e-07    2.65e-06
2012 06 28  0215   56106   8100     1.85e-07    2.15e-06
2012 06 28  0216   56106   8160     1.01e-07    1.61e-06
2012 06 28  0217   56106   8220     4.92e-08    1.19e-06
2012 06 28  0218   56106   8280     2.23e-08    8.83e-07
2012 06 28  0219   56106   8340     8.06e-09    6.86e-07
2012 06 28  0220   56106   8400     3.75e-09    5.76e-07
2012 06 28  0221   56106   8460     4.09e-09    5.26e-07
2012 06 28  0222   56106   8520     3.81e-09    5.01e-07
2012 06 28  0223   56106   8580     2.15e-09    4.89e-07
2012 06 28  0224   56106   8640     3.16e-09    4.83e-07
2012 06 28  0225   56106   8700     2.18e-09    4.78e-07
2012 06 28  0226   56106   8760     4.56e-09    4.81e-07
2012 06 28  0227   56106   8820     5.43e-09    4.79e-07
2012 06 28  0228   56106   8880     2.87e-09    4.70e-07
2012 06 28  0229   56106   8940     1.68e-09    4.60e-07
2012 06 28  0230   56106   9000     3.02e-09    4.51e-07
2012 06 28  0231   56106   9060     2.11e-09    4.44e-07
2012 06 28  0232   56106   9120     1.40e-09    4.41e-07
2012 06 28  0233   56106   9180     1.32e-09    4.36e-07
2012 06 28  0234   56106   9240     1.37e-09    4.29e-07
2012 06 28  0235   56106   9300     3.14e-09    4.16e-07
2012 06 28  0236   56106   9360     3.43e-09    4.10e-07
2012 06 28  0237   56106   9420     1.33e-09    4.04e-07
2012 06 28  0238   56106   9480     1.62e-09    3.94e-07
2012 06 28  0239   56106   9540     2.09e-09    3.82e-07
2012 06 28  0240   56106   9600     1.20e-09    3.83e-07
2012 06 28  0241   56106   9660     1.18e-09    3.81e-07
2012 06 28  0242   56106   9720     1.02e-09    3.79e-07
2012 06 28  0243   56106   9780     1.28e-09    3.89e-07
2012 06 28  0244   56106   9840     1.12e-09    4.01e-07
2012 06 28  0245   56106   9900     1.29e-09    4.24e-07
2012 06 28  0246   56106   9960     1.26e-09    4.13e-07
2012 06 28  0247   56106  10020     1.42e-09    3.97e-07
2012 06 28  0248   56106  10080     1.06e-09    3.84e-07
2012 06 28  0249   56106  10140     1.38e-09    3.89e-07
2012 06 28  0250   56106  10200     2.85e-09    3.90e-07
2012 06 28  0251   56106  10260     2.38e-09    3.93e-07
2012 06 28  0252   56106  10320     1.06e-09    3.99e-07
2012 06 28  0253   56106  10380     1.29e-09    3.95e-07
2012 06 28  0254   56106  10440     1.60e-09    3.85e-07
2012 06 28  0255   56106  10500     1.20e-09    3.75e-07
2012 06 28  0256   56106  10560     1.00e-09    3.88e-07
2012 06 28  0257   56106  10620     1.48e-09    4.20e-07
2012 06 28  0258   56106  10680     2.34e-09    4.09e-07
2012 06 28  0259   56106  10740     1.93e-09    4.05e-07
2012 06 28  0300   56106  10800     3.49e-09    4.31e-07
2012 06 28  0301   56106  10860     4.61e-09    4.35e-07
2012 06 28  0302   56106  10920     2.95e-09    4.28e-07
2012 06 28  0303   56106  10980     4.83e-09    4.17e-07
2012 06 28  0304   56106  11040     1.67e-09    4.08e-07
2012 06 28  0305   56106  11100     1.27e-09    3.99e-07
2012 06 28  0306   56106  11160     1.12e-09    3.87e-07
2012 06 28  0307   56106  11220     1.67e-09    3.79e-07
2012 06 28  0308   56106  11280     1.14e-09    3.79e-07
2012 06 28  0309   56106  11340     1.49e-09    3.80e-07
2012 06 28  0310   56106  11400     1.43e-09    3.82e-07
2012 06 28  0311   56106  11460     1.86e-09    3.86e-07
2012 06 28  0312   56106  11520     2.52e-09    3.87e-07
2012 06 28  0313   56106  11580     1.77e-09    3.82e-07
2012 06 28  0314   56106  11640     1.12e-09    3.85e-07
2012 06 28  0315   56106  11700     3.61e-09    3.92e-07
2012 06 28  0316   56106  11760     3.56e-09    3.97e-07
2012 06 28  0317   56106  11820     2.00e-09    4.03e-07
2012 06 28  0318   56106  11880     2.77e-09    4.12e-07
2012 06 28  0319   56106  11940     7.33e-09    4.45e-07
2012 06 28  0320   56106  12000     1.12e-08    5.14e-07
2012 06 28  0321   56106  12060     1.65e-08    5.79e-07
2012 06 28  0322   56106  12120     1.80e-08    6.14e-07
2012 06 28  0323   56106  12180     1.84e-08    6.26e-07
2012 06 28  0324   56106  12240     1.47e-08    6.26e-07
2012 06 28  0325   56106  12300     1.14e-08    6.03e-07
2012 06 28  0326   56106  12360     8.33e-09    5.80e-07
2012 06 28  0327   56106  12420     6.87e-09    5.69e-07
2012 06 28  0328   56106  12480     7.10e-09    5.59e-07
2012 06 28  0329   56106  12540     7.14e-09    5.49e-07
2012 06 28  0330   56106  12600     5.18e-09    5.42e-07
2012 06 28  0331   56106  12660     4.09e-09    5.32e-07
2012 06 28  0332   56106  12720     5.02e-09    5.22e-07
2012 06 28  0333   56106  12780     5.14e-09    5.12e-07
2012 06 28  0334   56106  12840     5.68e-09    5.10e-07
2012 06 28  0335   56106  12900     7.40e-09    5.11e-07
2012 06 28  0336   56106  12960     9.13e-09    5.22e-07
2012 06 28  0337   56106  13020     7.06e-09    5.27e-07
2012 06 28  0338   56106  13080     8.44e-09    5.47e-07
2012 06 28  0339   56106  13140     1.04e-08    5.81e-07
2012 06 28  0340   56106  13200     1.00e-08    5.92e-07
2012 06 28  0341   56106  13260     9.07e-09    5.83e-07
2012 06 28  0342   56106  13320     6.48e-09    5.67e-07
2012 06 28  0343   56106  13380     5.64e-09    5.55e-07
2012 06 28  0344   56106  13440     5.60e-09    5.42e-07
2012 06 28  0345   56106  13500     6.43e-09    5.35e-07
2012 06 28  0346   56106  13560     3.21e-09    5.26e-07
2012 06 28  0347   56106  13620     1.17e-09    5.16e-07
2012 06 28  0348   56106  13680     1.00e-09    5.08e-07
2012 06 28  0349   56106  13740     1.00e-09    5.00e-07
2012 06 28  0350   56106  13800     1.16e-09    4.95e-07
2012 06 28  0351   56106  13860     1.87e-09    4.87e-07
2012 06 28  0352   56106  13920     4.58e-09    4.79e-07
2012 06 28  0353   56106  13980     4.21e-09    4.67e-07
2012 06 28  0354   56106  14040     2.62e-09    4.57e-07
2012 06 28  0355   56106  14100     2.73e-09    4.51e-07
2012 06 28  0356   56106  14160     1.06e-09    4.39e-07
2012 06 28  0357   56106  14220     1.06e-09    4.30e-07
2012 06 28  0358   56106  14280     1.02e-09    4.26e-07
2012 06 28  0359   56106  14340     2.05e-09    4.21e-07
2012 06 28  0400   56106  14400     1.28e-09    4.15e-07
2012 06 28  0401   56106  14460     1.02e-09    4.10e-07
2012 06 28  0402   56106  14520     1.00e-09    3.99e-07
2012 06 28  0403   56106  14580     1.00e-09    3.93e-07
2012 06 28  0404   56106  14640     1.00e-09    3.86e-07
2012 06 28  0405   56106  14700     1.00e-09    3.83e-07
2012 06 28  0406   56106  14760     1.25e-09    3.83e-07
2012 06 28  0407   56106  14820     1.91e-09    3.82e-07
2012 06 28  0408   56106  14880     1.60e-09    3.81e-07
2012 06 28  0409   56106  14940     2.31e-09    3.80e-07
2012 06 28  0410   56106  15000     1.06e-09    3.73e-07
2012 06 28  0411   56106  15060     1.00e-09    3.69e-07
2012 06 28  0412   56106  15120     1.33e-09    3.72e-07
2012 06 28  0413   56106  15180     1.12e-09    3.82e-07
2012 06 28  0414   56106  15240     1.12e-09    3.78e-07
2012 06 28  0415   56106  15300     1.00e-09    3.69e-07
2012 06 28  0416   56106  15360     1.00e-09    3.70e-07
2012 06 28  0417   56106  15420     1.00e-09    3.68e-07
2012 06 28  0418   56106  15480     1.23e-09    3.76e-07
2012 06 28  0419   56106  15540     1.41e-09    3.68e-07
2012 06 28  0420   56106  15600     1.46e-09    3.60e-07
2012 06 28  0421   56106  15660     1.12e-09    3.62e-07
2012 06 28  0422   56106  15720     1.02e-09    3.67e-07
2012 06 28  0423   56106  15780     1.04e-09    3.72e-07
2012 06 28  0424   56106  15840     1.31e-09    3.82e-07
2012 06 28  0425   56106  15900     2.41e-09    3.95e-07
2012 06 28  0426   56106  15960     2.47e-09    4.02e-07
2012 06 28  0427   56106  16020     2.87e-09    4.05e-07
2012 06 28  0428   56106  16080     3.96e-09    4.09e-07
2012 06 28  0429   56106  16140     3.60e-09    4.15e-07
2012 06 28  0430   56106  16200     2.94e-09    4.19e-07
2012 06 28  0431   56106  16260     4.25e-09    4.22e-07
2012 06 28  0432   56106  16320     4.05e-09    4.23e-07
2012 06 28  0433   56106  16380     6.33e-09    4.37e-07
2012 06 28  0434   56106  16440     9.02e-09    4.75e-07
2012 06 28  0435   56106  16500     1.27e-08    5.17e-07
2012 06 28  0436   56106  16560     1.11e-08    5.31e-07
2012 06 28  0437   56106  16620     8.87e-09    5.23e-07
2012 06 28  0438   56106  16680     8.98e-09    5.06e-07
2012 06 28  0439   56106  16740     8.29e-09    4.92e-07
2012 06 28  0440   56106  16800     5.79e-09    4.68e-07
2012 06 28  0441   56106  16860     3.00e-09    4.55e-07
2012 06 28  0442   56106  16920     4.02e-09    4.58e-07
2012 06 28  0443   56106  16980     3.83e-09    4.75e-07
2012 06 28  0444   56106  17040     4.68e-09    4.98e-07
2012 06 28  0445   56106  17100     7.17e-09    5.23e-07
2012 06 28  0446   56106  17160     8.75e-09    5.52e-07
2012 06 28  0447   56106  17220     1.71e-08    6.28e-07
2012 06 28  0448   56106  17280     3.23e-08    7.33e-07
2012 06 28  0449   56106  17340     4.71e-08    8.54e-07
2012 06 28  0450   56106  17400     6.05e-08    9.90e-07
2012 06 28  0451   56106  17460     1.90e-07    1.69e-06
2012 06 28  0452   56106  17520     6.08e-07    4.27e-06
2012 06 28  0453   56106  17580     4.12e-07    3.35e-06
2012 06 28  0454   56106  17640     3.24e-07    2.86e-06
2012 06 28  0455   56106  17700     2.39e-07    2.36e-06
2012 06 28  0456   56106  17760     1.83e-07    2.03e-06
2012 06 28  0457   56106  17820     1.41e-07    1.81e-06
2012 06 28  0458   56106  17880     1.08e-07    1.64e-06
2012 06 28  0459   56106  17940     8.70e-08    1.50e-06
2012 06 28  0500   56106  18000     6.54e-08    1.36e-06
2012 06 28  0501   56106  18060     5.09e-08    1.24e-06
2012 06 28  0502   56106  18120     3.85e-08    1.12e-06
2012 06 28  0503   56106  18180     2.89e-08    1.01e-06
2012 06 28  0504   56106  18240     2.20e-08    9.22e-07
2012 06 28  0505   56106  18300     1.67e-08    8.44e-07
2012 06 28  0506   56106  18360     1.25e-08    7.77e-07
2012 06 28  0507   56106  18420     9.71e-09    7.20e-07
2012 06 28  0508   56106  18480     8.06e-09    6.75e-07
2012 06 28  0509   56106  18540     6.32e-09    6.43e-07
2012 06 28  0510   56106  18600     6.64e-09    6.30e-07
2012 06 28  0511   56106  18660     8.21e-09    6.35e-07
2012 06 28  0512   56106  18720     9.33e-09    6.30e-07
2012 06 28  0513   56106  18780     8.29e-09    6.25e-07
2012 06 28  0514   56106  18840     6.71e-09    6.03e-07
2012 06 28  0515   56106  18900     6.91e-09    5.86e-07
2012 06 28  0516   56106  18960     7.62e-09    5.62e-07
2012 06 28  0517   56106  19020     6.14e-09    5.43e-07
2012 06 28  0518   56106  19080     3.49e-09    5.28e-07
2012 06 28  0519   56106  19140     3.70e-09    5.19e-07
2012 06 28  0520   56106  19200     3.29e-09    5.10e-07
2012 06 28  0521   56106  19260     1.74e-09    4.96e-07
2012 06 28  0522   56106  19320     1.51e-09    4.86e-07
2012 06 28  0523   56106  19380     3.98e-09    4.75e-07
2012 06 28  0524   56106  19440     1.73e-09    4.67e-07
2012 06 28  0525   56106  19500     3.21e-09    4.59e-07
2012 06 28  0526   56106  19560     1.62e-09    4.51e-07
2012 06 28  0527   56106  19620     1.17e-09    4.43e-07
2012 06 28  0528   56106  19680     1.17e-09    4.28e-07
2012 06 28  0529   56106  19740     1.02e-09    4.23e-07
2012 06 28  0530   56106  19800     1.10e-09    4.16e-07
2012 06 28  0531   56106  19860     1.00e-09    4.11e-07
2012 06 28  0532   56106  19920     1.10e-09    4.12e-07
2012 06 28  0533   56106  19980     1.18e-09    4.10e-07
2012 06 28  0534   56106  20040     2.41e-09    4.04e-07
2012 06 28  0535   56106  20100     2.71e-09    4.06e-07
2012 06 28  0536   56106  20160     1.92e-09    4.26e-07
2012 06 28  0537   56106  20220     3.54e-09    4.68e-07
2012 06 28  0538   56106  20280     5.21e-09    4.67e-07
2012 06 28  0539   56106  20340     4.28e-09    4.56e-07
2012 06 28  0540   56106  20400     3.90e-09    4.34e-07
2012 06 28  0541   56106  20460     1.86e-09    4.16e-07
2012 06 28  0542   56106  20520     1.16e-09    4.02e-07
2012 06 28  0543   56106  20580     1.10e-09    3.90e-07
2012 06 28  0544   56106  20640     1.06e-09    3.82e-07
2012 06 28  0545   56106  20700     1.19e-09    3.74e-07
2012 06 28  0546   56106  20760     1.02e-09    3.68e-07
2012 06 28  0547   56106  20820     1.00e-09    3.64e-07
2012 06 28  0548   56106  20880     1.16e-09    3.61e-07
2012 06 28  0549   56106  20940     1.06e-09    3.58e-07
2012 06 28  0550   56106  21000     1.00e-09    3.56e-07
2012 06 28  0551   56106  21060     1.00e-09    3.50e-07
2012 06 28  0552   56106  21120     1.41e-09    3.49e-07
2012 06 28  0553   56106  21180     1.02e-09    3.46e-07
2012 06 28  0554   56106  21240     1.02e-09    3.50e-07
2012 06 28  0555   56106  21300     2.36e-09    3.52e-07
2012 06 28  0556   56106  21360     1.06e-09    3.52e-07
2012 06 28  0557   56106  21420     1.20e-09    3.61e-07
2012 06 28  0558   56106  21480     1.12e-09    3.61e-07
2012 06 28  0559   56106  21540     2.71e-09    3.72e-07
2012 06 28  0600   56106  21600     1.50e-08    5.10e-07
2012 06 28  0601   56106  21660     1.13e-08    5.13e-07
2012 06 28  0602   56106  21720     6.29e-09    4.56e-07
2012 06 28  0603   56106  21780     4.07e-09    4.48e-07
2012 06 28  0604   56106  21840     1.94e-09    4.26e-07
2012 06 28  0605   56106  21900     1.52e-09    4.16e-07
2012 06 28  0606   56106  21960     1.00e-09    4.03e-07
2012 06 28  0607   56106  22020     1.00e-09    3.87e-07
2012 06 28  0608   56106  22080     1.00e-09    3.76e-07
2012 06 28  0609   56106  22140     1.04e-09    3.71e-07
2012 06 28  0610   56106  22200     1.00e-09    3.75e-07
2012 06 28  0611   56106  22260     1.00e-09    3.78e-07
2012 06 28  0612   56106  22320     1.00e-09    3.84e-07
2012 06 28  0613   56106  22380     1.00e-09    3.86e-07
2012 06 28  0614   56106  22440     1.04e-09    3.88e-07
2012 06 28  0615   56106  22500     1.26e-09    3.90e-07
2012 06 28  0616   56106  22560     1.29e-09    3.92e-07
2012 06 28  0617   56106  22620     1.26e-09    3.97e-07
2012 06 28  0618   56106  22680     3.50e-09    4.16e-07
2012 06 28  0619   56106  22740     8.10e-09    4.56e-07
2012 06 28  0620   56106  22800     1.08e-08    4.69e-07
2012 06 28  0621   56106  22860     5.71e-09    4.60e-07
2012 06 28  0622   56106  22920     4.29e-09    4.55e-07
2012 06 28  0623   56106  22980     3.46e-09    4.52e-07
2012 06 28  0624   56106  23040     4.48e-09    4.53e-07
2012 06 28  0625   56106  23100     5.94e-09    4.63e-07
2012 06 28  0626   56106  23160     7.06e-09    4.92e-07
2012 06 28  0627   56106  23220     9.86e-09    5.25e-07
2012 06 28  0628   56106  23280     1.38e-08    5.64e-07
2012 06 28  0629   56106  23340     1.84e-08    5.95e-07
2012 06 28  0630   56106  23400     1.75e-08    6.14e-07
2012 06 28  0631   56106  23460     1.47e-08    6.01e-07
2012 06 28  0632   56106  23520     1.07e-08    5.70e-07
2012 06 28  0633   56106  23580     5.80e-09    5.46e-07
2012 06 28  0634   56106  23640     4.98e-09    5.13e-07
2012 06 28  0635   56106  23700     2.14e-09    4.87e-07
2012 06 28  0636   56106  23760     1.56e-09    4.73e-07
2012 06 28  0637   56106  23820     1.41e-09    4.63e-07
2012 06 28  0638   56106  23880     3.56e-09    4.59e-07
2012 06 28  0639   56106  23940     4.64e-09    4.77e-07
2012 06 28  0640   56106  24000     2.47e-09    4.67e-07
2012 06 28  0641   56106  24060     1.51e-09    4.42e-07
2012 06 28  0642   56106  24120     1.10e-09    4.31e-07
2012 06 28  0643   56106  24180     1.08e-09    4.28e-07
2012 06 28  0644   56106  24240     2.44e-09    4.29e-07
2012 06 28  0645   56106  24300     2.44e-09    4.22e-07
2012 06 28  0646   56106  24360     1.14e-09    4.20e-07
2012 06 28  0647   56106  24420     1.12e-09    4.17e-07
2012 06 28  0648   56106  24480     1.06e-09    4.12e-07
2012 06 28  0649   56106  24540     1.20e-09    4.02e-07
2012 06 28  0650   56106  24600     1.04e-09    3.96e-07
2012 06 28  0651   56106  24660     1.00e-09    3.86e-07
2012 06 28  0652   56106  24720     1.62e-09    3.83e-07
2012 06 28  0653   56106  24780     2.63e-09    3.80e-07
2012 06 28  0654   56106  24840     1.68e-09    3.75e-07
2012 06 28  0655   56106  24900     1.29e-09    3.72e-07
2012 06 28  0656   56106  24960     1.04e-09    3.77e-07
2012 06 28  0657   56106  25020     1.43e-09    3.74e-07
2012 06 28  0658   56106  25080     2.56e-09    3.72e-07
2012 06 28  0659   56106  25140     1.86e-09    3.71e-07
2012 06 28  0700   56106  25200     1.08e-09    3.68e-07
2012 06 28  0701   56106  25260     1.12e-09    3.66e-07
2012 06 28  0702   56106  25320     1.02e-09    3.64e-07
2012 06 28  0703   56106  25380     1.08e-09    3.62e-07
2012 06 28  0704   56106  25440     1.00e-09    3.60e-07
2012 06 28  0705   56106  25500     1.00e-09    3.63e-07
2012 06 28  0706   56106  25560     1.22e-09    3.64e-07
2012 06 28  0707   56106  25620     1.64e-09    3.59e-07
2012 06 28  0708   56106  25680     2.41e-09    3.63e-07
2012 06 28  0709   56106  25740     1.00e-09    3.62e-07
2012 06 28  0710   56106  25800     1.00e-09    3.58e-07
2012 06 28  0711   56106  25860     1.00e-09    3.53e-07
2012 06 28  0712   56106  25920     1.06e-09    3.52e-07
2012 06 28  0713   56106  25980     1.02e-09    3.49e-07
2012 06 28  0714   56106  26040     1.31e-09    3.53e-07
2012 06 28  0715   56106  26100     2.79e-09    3.50e-07
2012 06 28  0716   56106  26160     2.99e-09    3.53e-07
2012 06 28  0717   56106  26220     1.65e-09    3.56e-07
2012 06 28  0718   56106  26280     1.73e-09    3.67e-07
2012 06 28  0719   56106  26340     4.64e-09    3.76e-07
2012 06 28  0720   56106  26400     4.31e-09    3.82e-07
2012 06 28  0721   56106  26460     2.04e-09    3.94e-07
2012 06 28  0722   56106  26520     2.20e-09    4.01e-07
2012 06 28  0723   56106  26580     2.42e-09    4.07e-07
2012 06 28  0724   56106  26640     3.01e-09    4.14e-07
2012 06 28  0725   56106  26700     3.68e-09    4.13e-07
2012 06 28  0726   56106  26760     3.87e-09    4.11e-07
2012 06 28  0727   56106  26820     2.85e-09    4.04e-07
2012 06 28  0728   56106  26880     2.64e-09    4.04e-07
2012 06 28  0729   56106  26940     2.02e-09    4.01e-07
2012 06 28  0730   56106  27000     1.52e-09    4.00e-07
2012 06 28  0731   56106  27060     1.37e-09    3.93e-07
2012 06 28  0732   56106  27120     1.54e-09    3.92e-07
2012 06 28  0733   56106  27180     1.38e-09    3.94e-07
2012 06 28  0734   56106  27240     1.50e-09    4.06e-07
2012 06 28  0735   56106  27300     1.02e-09    4.16e-07
2012 06 28  0736   56106  27360     1.15e-09    4.25e-07
2012 06 28  0737   56106  27420     2.00e-09    4.22e-07
2012 06 28  0738   56106  27480     2.50e-09    4.17e-07
2012 06 28  0739   56106  27540     1.60e-09    4.16e-07
2012 06 28  0740   56106  27600     1.50e-09    4.17e-07
2012 06 28  0741   56106  27660     1.32e-09    4.20e-07
2012 06 28  0742   56106  27720     2.42e-09    4.21e-07
2012 06 28  0743   56106  27780     3.43e-09    4.29e-07
2012 06 28  0744   56106  27840     7.03e-09    4.30e-07
2012 06 28  0745   56106  27900     1.06e-08    4.32e-07
2012 06 28  0746   56106  27960     1.05e-08    4.33e-07
2012 06 28  0747   56106  28020     1.09e-08    4.31e-07
2012 06 28  0748   56106  28080     1.02e-08    4.31e-07
2012 06 28  0749   56106  28140     1.04e-08    4.32e-07
2012 06 28  0750   56106  28200     1.29e-08    4.39e-07
2012 06 28  0751   56106  28260     1.56e-08    4.59e-07
2012 06 28  0752   56106  28320     2.05e-08    4.75e-07
2012 06 28  0753   56106  28380     1.54e-08    4.59e-07
2012 06 28  0754   56106  28440     1.74e-08    4.55e-07
2012 06 28  0755   56106  28500     1.72e-08    4.54e-07
2012 06 28  0756   56106  28560     1.88e-08    4.57e-07
2012 06 28  0757   56106  28620     2.27e-08    4.76e-07
2012 06 28  0758   56106  28680     2.34e-08    4.97e-07
2012 06 28  0759   56106  28740     2.06e-08    5.08e-07
2012 06 28  0800   56106  28800     2.04e-08    5.18e-07
2012 06 28  0801   56106  28860     2.05e-08    5.20e-07
2012 06 28  0802   56106  28920     1.99e-08    5.21e-07
2012 06 28  0803   56106  28980     2.40e-08    5.20e-07
2012 06 28  0804   56106  29040     2.55e-08    5.16e-07
2012 06 28  0805   56106  29100     2.65e-08    5.21e-07
2012 06 28  0806   56106  29160     2.69e-08    5.20e-07
2012 06 28  0807   56106  29220     2.53e-08    5.24e-07
2012 06 28  0808   56106  29280     2.45e-08    5.22e-07
2012 06 28  0809   56106  29340     2.29e-08    5.33e-07
2012 06 28  0810   56106  29400     2.32e-08    5.49e-07
2012 06 28  0811   56106  29460     2.36e-08    5.54e-07
2012 06 28  0812   56106  29520     2.14e-08    5.73e-07
2012 06 28  0813   56106  29580     2.30e-08    6.18e-07
2012 06 28  0814   56106  29640     2.53e-08    6.57e-07
2012 06 28  0815   56106  29700     2.14e-08    6.30e-07
2012 06 28  0816   56106  29760     1.91e-08    5.92e-07
2012 06 28  0817   56106  29820     2.14e-08    5.72e-07
2012 06 28  0818   56106  29880     1.94e-08    5.62e-07
2012 06 28  0819   56106  29940     1.70e-08    5.52e-07
2012 06 28  0820   56106  30000     1.54e-08    5.46e-07
2012 06 28  0821   56106  30060     1.46e-08    5.39e-07
2012 06 28  0822   56106  30120     1.76e-08    5.32e-07
2012 06 28  0823   56106  30180     1.59e-08    5.30e-07
2012 06 28  0824   56106  30240     1.65e-08    5.26e-07
2012 06 28  0825   56106  30300     1.58e-08    5.25e-07
2012 06 28  0826   56106  30360     1.60e-08    5.34e-07
2012 06 28  0827   56106  30420     1.51e-08    5.38e-07
2012 06 28  0828   56106  30480     1.48e-08    5.44e-07
2012 06 28  0829   56106  30540     1.29e-08    5.49e-07
2012 06 28  0830   56106  30600     1.47e-08    5.48e-07
2012 06 28  0831   56106  30660     1.33e-08    5.47e-07
2012 06 28  0832   56106  30720     1.40e-08    5.45e-07
2012 06 28  0833   56106  30780     1.84e-08    5.42e-07
2012 06 28  0834   56106  30840     2.23e-08    5.38e-07
2012 06 28  0835   56106  30900     1.84e-08    5.35e-07
2012 06 28  0836   56106  30960     1.73e-08    5.33e-07
2012 06 28  0837   56106  31020     1.64e-08    5.36e-07
2012 06 28  0838   56106  31080     1.69e-08    5.47e-07
2012 06 28  0839   56106  31140     1.42e-08    5.37e-07
2012 06 28  0840   56106  31200     1.31e-08    5.19e-07
2012 06 28  0841   56106  31260     1.24e-08    5.06e-07
2012 06 28  0842   56106  31320     1.20e-08    4.96e-07
2012 06 28  0843   56106  31380     1.38e-08    4.95e-07
2012 06 28  0844   56106  31440     1.49e-08    4.89e-07
2012 06 28  0845   56106  31500     1.41e-08    4.88e-07
2012 06 28  0846   56106  31560     1.60e-08    4.85e-07
2012 06 28  0847   56106  31620     1.42e-08    4.84e-07
2012 06 28  0848   56106  31680     1.36e-08    4.89e-07
2012 06 28  0849   56106  31740     1.35e-08    4.91e-07
2012 06 28  0850   56106  31800     1.18e-08    4.92e-07
2012 06 28  0851   56106  31860     9.03e-09    4.91e-07
2012 06 28  0852   56106  31920     8.02e-09    4.94e-07
2012 06 28  0853   56106  31980     7.60e-09    4.94e-07
2012 06 28  0854   56106  32040     7.84e-09    4.96e-07
2012 06 28  0855   56106  32100     8.98e-09    4.94e-07
2012 06 28  0856   56106  32160     8.14e-09    4.91e-07
2012 06 28  0857   56106  32220     9.40e-09    4.96e-07
2012 06 28  0858   56106  32280     9.03e-09    5.15e-07
2012 06 28  0859   56106  32340     9.83e-09    5.11e-07
2012 06 28  0900   56106  32400     6.56e-09    4.86e-07
2012 06 28  0901   56106  32460     5.91e-09    4.68e-07
2012 06 28  0902   56106  32520     6.06e-09    4.59e-07
2012 06 28  0903   56106  32580     8.48e-09    4.52e-07
2012 06 28  0904   56106  32640     6.10e-09    4.50e-07
2012 06 28  0905   56106  32700     5.24e-09    4.55e-07
2012 06 28  0906   56106  32760     4.95e-09    4.63e-07
2012 06 28  0907   56106  32820     4.22e-09    4.61e-07
2012 06 28  0908   56106  32880     4.02e-09    4.58e-07
2012 06 28  0909   56106  32940     4.91e-09    4.64e-07
2012 06 28  0910   56106  33000     5.10e-09    4.74e-07
2012 06 28  0911   56106  33060     1.12e-08    5.55e-07
2012 06 28  0912   56106  33120     1.95e-08    6.70e-07
2012 06 28  0913   56106  33180     3.03e-08    7.72e-07
2012 06 28  0914   56106  33240     3.00e-08    7.69e-07
2012 06 28  0915   56106  33300     2.67e-08    7.40e-07
2012 06 28  0916   56106  33360     2.73e-08    7.22e-07
2012 06 28  0917   56106  33420     2.66e-08    7.27e-07
2012 06 28  0918   56106  33480     2.60e-08    7.31e-07
2012 06 28  0919   56106  33540     2.09e-08    7.08e-07
2012 06 28  0920   56106  33600     1.76e-08    6.76e-07
2012 06 28  0921   56106  33660     1.41e-08    6.43e-07
2012 06 28  0922   56106  33720     2.24e-08    7.11e-07
2012 06 28  0923   56106  33780     4.22e-08    8.81e-07
2012 06 28  0924   56106  33840     3.52e-08    8.68e-07
2012 06 28  0925   56106  33900     2.57e-08    8.31e-07
2012 06 28  0926   56106  33960     1.68e-08    7.53e-07
2012 06 28  0927   56106  34020     9.90e-09    6.70e-07
2012 06 28  0928   56106  34080     7.77e-09    6.17e-07
2012 06 28  0929   56106  34140     5.83e-09    5.63e-07
2012 06 28  0930   56106  34200     2.39e-09    5.21e-07
2012 06 28  0931   56106  34260     1.64e-09    4.92e-07
2012 06 28  0932   56106  34320     1.79e-09    4.65e-07
2012 06 28  0933   56106  34380     1.49e-09    4.46e-07
2012 06 28  0934   56106  34440     1.33e-09    4.32e-07
2012 06 28  0935   56106  34500     1.10e-09    4.27e-07
2012 06 28  0936   56106  34560     2.50e-09    4.23e-07
2012 06 28  0937   56106  34620     1.94e-09    4.17e-07
2012 06 28  0938   56106  34680     2.56e-09    4.11e-07
2012 06 28  0939   56106  34740     1.70e-09    4.06e-07
2012 06 28  0940   56106  34800     2.17e-09    4.09e-07
2012 06 28  0941   56106  34860     1.31e-09    4.04e-07
2012 06 28  0942   56106  34920     1.12e-09    4.02e-07
2012 06 28  0943   56106  34980     1.32e-09    4.02e-07
2012 06 28  0944   56106  35040     1.00e-09    3.99e-07
2012 06 28  0945   56106  35100     1.31e-09    3.99e-07
2012 06 28  0946   56106  35160     1.10e-09    3.95e-07
2012 06 28  0947   56106  35220     1.02e-09    3.88e-07
2012 06 28  0948   56106  35280     1.18e-09    3.84e-07
2012 06 28  0949   56106  35340     2.23e-09    3.83e-07
2012 06 28  0950   56106  35400     1.47e-09    3.82e-07
2012 06 28  0951   56106  35460     1.86e-09    3.79e-07
2012 06 28  0952   56106  35520     1.12e-09    3.75e-07
2012 06 28  0953   56106  35580     2.29e-09    3.77e-07
2012 06 28  0954   56106  35640     1.16e-09    3.74e-07
2012 06 28  0955   56106  35700     1.04e-09    3.73e-07
2012 06 28  0956   56106  35760     3.93e-09    3.96e-07
2012 06 28  0957   56106  35820     8.17e-09    4.62e-07
2012 06 28  0958   56106  35880     5.21e-09    4.14e-07
2012 06 28  0959   56106  35940     4.75e-09    3.84e-07
2012 06 28  1000   56106  36000     2.77e-09    3.83e-07
2012 06 28  1001   56106  36060     2.91e-09    3.91e-07
2012 06 28  1002   56106  36120     4.55e-09    4.06e-07
2012 06 28  1003   56106  36180     3.33e-09    3.92e-07
2012 06 28  1004   56106  36240     2.77e-09    3.82e-07
2012 06 28  1005   56106  36300     4.05e-09    4.15e-07
2012 06 28  1006   56106  36360     8.40e-09    4.50e-07
2012 06 28  1007   56106  36420     1.04e-08    4.53e-07
2012 06 28  1008   56106  36480     7.92e-09    4.50e-07
2012 06 28  1009   56106  36540     8.56e-09    4.54e-07
2012 06 28  1010   56106  36600     7.06e-09    4.49e-07
2012 06 28  1011   56106  36660     5.48e-09    4.42e-07
2012 06 28  1012   56106  36720     1.87e-09    4.39e-07
2012 06 28  1013   56106  36780     3.22e-09    4.41e-07
2012 06 28  1014   56106  36840     1.72e-09    4.32e-07
2012 06 28  1015   56106  36900     1.02e-09    4.24e-07
2012 06 28  1016   56106  36960     1.02e-09    4.18e-07
2012 06 28  1017   56106  37020     1.22e-09    4.10e-07
2012 06 28  1018   56106  37080     1.23e-09    4.03e-07
2012 06 28  1019   56106  37140     1.02e-09    3.92e-07
2012 06 28  1020   56106  37200     1.00e-09    3.83e-07
2012 06 28  1021   56106  37260     1.80e-09    3.80e-07
2012 06 28  1022   56106  37320     1.46e-09    3.76e-07
2012 06 28  1023   56106  37380     1.10e-09    3.72e-07
2012 06 28  1024   56106  37440     2.40e-09    3.68e-07
2012 06 28  1025   56106  37500     1.24e-09    3.66e-07
2012 06 28  1026   56106  37560     3.08e-09    3.62e-07
2012 06 28  1027   56106  37620     1.10e-09    3.59e-07
2012 06 28  1028   56106  37680     1.00e-09    3.61e-07
2012 06 28  1029   56106  37740     1.00e-09    3.62e-07
2012 06 28  1030   56106  37800     1.00e-09    3.63e-07
2012 06 28  1031   56106  37860     1.26e-09    3.63e-07
2012 06 28  1032   56106  37920     1.56e-09    3.59e-07
2012 06 28  1033   56106  37980     1.02e-09    3.58e-07
2012 06 28  1034   56106  38040     1.00e-09    3.54e-07
2012 06 28  1035   56106  38100     1.00e-09    3.52e-07
2012 06 28  1036   56106  38160     1.00e-09    3.54e-07
2012 06 28  1037   56106  38220     1.20e-09    3.66e-07
2012 06 28  1038   56106  38280     4.60e-09    3.61e-07
2012 06 28  1039   56106  38340     2.49e-09    3.64e-07
2012 06 28  1040   56106  38400     2.32e-09    3.73e-07
2012 06 28  1041   56106  38460     1.90e-09    3.71e-07
2012 06 28  1042   56106  38520     1.80e-09    3.70e-07
2012 06 28  1043   56106  38580     1.48e-09    3.55e-07
2012 06 28  1044   56106  38640     1.00e-09    3.50e-07
2012 06 28  1045   56106  38700     1.08e-09    3.52e-07
2012 06 28  1046   56106  38760     1.00e-09    3.47e-07
2012 06 28  1047   56106  38820     1.00e-09    3.53e-07
2012 06 28  1048   56106  38880     1.06e-09    3.54e-07
2012 06 28  1049   56106  38940     1.08e-09    3.50e-07
2012 06 28  1050   56106  39000     1.00e-09    3.41e-07
2012 06 28  1051   56106  39060     1.00e-09    3.40e-07
2012 06 28  1052   56106  39120     1.21e-09    3.35e-07
2012 06 28  1053   56106  39180     1.36e-09    3.38e-07
2012 06 28  1054   56106  39240     1.08e-09    3.41e-07
2012 06 28  1055   56106  39300     1.00e-09    3.37e-07
2012 06 28  1056   56106  39360     1.00e-09    3.35e-07
2012 06 28  1057   56106  39420     1.00e-09    3.34e-07
2012 06 28  1058   56106  39480     1.00e-09    3.29e-07
2012 06 28  1059   56106  39540     1.51e-09    3.36e-07
2012 06 28  1100   56106  39600     1.00e-09    3.37e-07
2012 06 28  1101   56106  39660     1.04e-09    3.41e-07
2012 06 28  1102   56106  39720     1.44e-09    3.46e-07
2012 06 28  1103   56106  39780     1.17e-09    3.49e-07
2012 06 28  1104   56106  39840     1.21e-09    3.47e-07
2012 06 28  1105   56106  39900     1.10e-09    3.38e-07
2012 06 28  1106   56106  39960     1.27e-09    3.34e-07
2012 06 28  1107   56106  40020     1.66e-09    3.34e-07
2012 06 28  1108   56106  40080     2.28e-09    3.35e-07
2012 06 28  1109   56106  40140     1.40e-09    3.36e-07
2012 06 28  1110   56106  40200     1.76e-09    3.43e-07
2012 06 28  1111   56106  40260     2.38e-09    3.49e-07
2012 06 28  1112   56106  40320     2.12e-09    3.64e-07
2012 06 28  1113   56106  40380     4.14e-09    3.88e-07
2012 06 28  1114   56106  40440     6.41e-09    4.19e-07
2012 06 28  1115   56106  40500     1.42e-08    5.10e-07
2012 06 28  1116   56106  40560     3.03e-08    7.27e-07
2012 06 28  1117   56106  40620     1.42e-08    5.62e-07
2012 06 28  1118   56106  40680     1.17e-08    5.37e-07
2012 06 28  1119   56106  40740     5.17e-09    4.84e-07
2012 06 28  1120   56106  40800     6.87e-09    4.94e-07
2012 06 28  1121   56106  40860     9.79e-09    5.16e-07
2012 06 28  1122   56106  40920     1.25e-08    5.40e-07
2012 06 28  1123   56106  40980     1.54e-08    5.55e-07
2012 06 28  1124   56106  41040     1.36e-08    5.59e-07
2012 06 28  1125   56106  41100     1.30e-08    5.72e-07
2012 06 28  1126   56106  41160     1.23e-08    5.84e-07
2012 06 28  1127   56106  41220     1.18e-08    5.94e-07
2012 06 28  1128   56106  41280     1.39e-08    6.02e-07
2012 06 28  1129   56106  41340     1.12e-08    6.10e-07
2012 06 28  1130   56106  41400     1.15e-08    6.18e-07
2012 06 28  1131   56106  41460     1.11e-08    6.04e-07
2012 06 28  1132   56106  41520     9.40e-09    5.90e-07
2012 06 28  1133   56106  41580     7.40e-09    5.79e-07
2012 06 28  1134   56106  41640     8.90e-09    5.66e-07
2012 06 28  1135   56106  41700     7.17e-09    5.55e-07
2012 06 28  1136   56106  41760     4.76e-09    5.44e-07
2012 06 28  1137   56106  41820     4.37e-09    5.49e-07
2012 06 28  1138   56106  41880     3.98e-09    5.41e-07
2012 06 28  1139   56106  41940     2.83e-09    5.21e-07
2012 06 28  1140   56106  42000     1.72e-09    4.91e-07
2012 06 28  1141   56106  42060     1.91e-09    4.71e-07
2012 06 28  1142   56106  42120     1.69e-09    4.56e-07
2012 06 28  1143   56106  42180     1.02e-09    4.47e-07
2012 06 28  1144   56106  42240     1.20e-09    4.32e-07
2012 06 28  1145   56106  42300     1.42e-09    4.21e-07
2012 06 28  1146   56106  42360     1.17e-09    4.15e-07
2012 06 28  1147   56106  42420     1.00e-09    4.11e-07
2012 06 28  1148   56106  42480     1.00e-09    3.99e-07
2012 06 28  1149   56106  42540     1.00e-09    3.89e-07
2012 06 28  1150   56106  42600     1.60e-09    3.83e-07
2012 06 28  1151   56106  42660     1.00e-09    3.85e-07
2012 06 28  1152   56106  42720     1.10e-09    3.71e-07
2012 06 28  1153   56106  42780     1.20e-09    3.61e-07
2012 06 28  1154   56106  42840     2.66e-09    3.54e-07
2012 06 28  1155   56106  42900     1.65e-09    3.51e-07
2012 06 28  1156   56106  42960     1.00e-09    3.51e-07
2012 06 28  1157   56106  43020     1.12e-09    3.46e-07
2012 06 28  1158   56106  43080     1.02e-09    3.39e-07
2012 06 28  1159   56106  43140     1.62e-09    3.40e-07
2012 06 28  1200   56106  43200     1.00e-09    3.41e-07
2012 06 28  1201   56106  43260     1.16e-09    3.41e-07
2012 06 28  1202   56106  43320     1.28e-09    3.43e-07
2012 06 28  1203   56106  43380     1.06e-09    3.48e-07
2012 06 28  1204   56106  43440     1.00e-09    3.52e-07
2012 06 28  1205   56106  43500     1.00e-09    3.53e-07
2012 06 28  1206   56106  43560     1.00e-09    3.57e-07
2012 06 28  1207   56106  43620     1.00e-09    3.48e-07
2012 06 28  1208   56106  43680     1.00e-09    3.43e-07
2012 06 28  1209   56106  43740     1.25e-09    3.44e-07
2012 06 28  1210   56106  43800     1.08e-09    3.39e-07
2012 06 28  1211   56106  43860     1.00e-09    3.36e-07
2012 06 28  1212   56106  43920     1.00e-09    3.35e-07
2012 06 28  1213   56106  43980     1.71e-09    3.35e-07
2012 06 28  1214   56106  44040     4.68e-09    3.38e-07
2012 06 28  1215   56106  44100     7.10e-09    3.37e-07
2012 06 28  1216   56106  44160     3.74e-09    3.32e-07
2012 06 28  1217   56106  44220     3.60e-09    3.41e-07
2012 06 28  1218   56106  44280     4.75e-09    3.37e-07
2012 06 28  1219   56106  44340     4.22e-09    3.44e-07
2012 06 28  1220   56106  44400     3.37e-09    3.43e-07
2012 06 28  1221   56106  44460     2.93e-09    3.43e-07
2012 06 28  1222   56106  44520     2.18e-09    3.41e-07
2012 06 28  1223   56106  44580     4.41e-09    3.38e-07
2012 06 28  1224   56106  44640     5.68e-09    3.38e-07
2012 06 28  1225   56106  44700     6.79e-09    3.37e-07
2012 06 28  1226   56106  44760     7.25e-09    3.35e-07
2012 06 28  1227   56106  44820     6.64e-09    3.33e-07
2012 06 28  1228   56106  44880     7.98e-09    3.32e-07
2012 06 28  1229   56106  44940     3.31e-09    3.31e-07
2012 06 28  1230   56106  45000     3.07e-09    3.29e-07
2012 06 28  1231   56106  45060     2.14e-09    3.26e-07
2012 06 28  1232   56106  45120     1.31e-09    3.25e-07
2012 06 28  1233   56106  45180     1.22e-09    3.29e-07
2012 06 28  1234   56106  45240     1.10e-09    3.26e-07
2012 06 28  1235   56106  45300     1.32e-09    3.22e-07
2012 06 28  1236   56106  45360     1.06e-09    3.21e-07
2012 06 28  1237   56106  45420     2.21e-09    3.21e-07
2012 06 28  1238   56106  45480     1.95e-09    3.15e-07
2012 06 28  1239   56106  45540     2.67e-09    3.11e-07
2012 06 28  1240   56106  45600     2.77e-09    3.10e-07
2012 06 28  1241   56106  45660     1.08e-09    3.08e-07
2012 06 28  1242   56106  45720     1.08e-09    3.09e-07
2012 06 28  1243   56106  45780     1.02e-09    3.11e-07
2012 06 28  1244   56106  45840     1.00e-09    3.14e-07
2012 06 28  1245   56106  45900     1.04e-09    3.13e-07
2012 06 28  1246   56106  45960     2.01e-09    3.04e-07
2012 06 28  1247   56106  46020     1.06e-09    3.06e-07
2012 06 28  1248   56106  46080     1.18e-09    3.05e-07
2012 06 28  1249   56106  46140     1.29e-09    3.04e-07
2012 06 28  1250   56106  46200     1.02e-09    3.03e-07
2012 06 28  1251   56106  46260     5.15e-09    3.12e-07
2012 06 28  1252   56106  46320     3.45e-09    3.22e-07
2012 06 28  1253   56106  46380     1.76e-09    3.26e-07
2012 06 28  1254   56106  46440     1.00e-09    3.20e-07
2012 06 28  1255   56106  46500     1.00e-09    3.24e-07
2012 06 28  1256   56106  46560     1.10e-09    3.24e-07
2012 06 28  1257   56106  46620     1.06e-09    3.29e-07
2012 06 28  1258   56106  46680     1.60e-09    3.29e-07
2012 06 28  1259   56106  46740     1.10e-09    3.30e-07
2012 06 28  1300   56106  46800     1.19e-09    3.25e-07
2012 06 28  1301   56106  46860     1.06e-09    3.20e-07
2012 06 28  1302   56106  46920     1.59e-09    3.19e-07
2012 06 28  1303   56106  46980     1.00e-09    3.26e-07
2012 06 28  1304   56106  47040     3.71e-09    3.51e-07
2012 06 28  1305   56106  47100     1.48e-08    4.84e-07
2012 06 28  1306   56106  47160     1.61e-08    5.38e-07
2012 06 28  1307   56106  47220     9.11e-09    4.61e-07
2012 06 28  1308   56106  47280     7.79e-09    4.12e-07
2012 06 28  1309   56106  47340     5.64e-09    3.96e-07
2012 06 28  1310   56106  47400     4.46e-09    3.88e-07
2012 06 28  1311   56106  47460     3.69e-09    3.75e-07
2012 06 28  1312   56106  47520     1.94e-09    3.70e-07
2012 06 28  1313   56106  47580     1.24e-09    3.65e-07
2012 06 28  1314   56106  47640     1.00e-09    3.61e-07
2012 06 28  1315   56106  47700     1.10e-09    3.53e-07
2012 06 28  1316   56106  47760     2.84e-09    3.50e-07
2012 06 28  1317   56106  47820     2.39e-09    3.49e-07
2012 06 28  1318   56106  47880     1.45e-09    3.50e-07
2012 06 28  1319   56106  47940     4.87e-09    3.60e-07
2012 06 28  1320   56106  48000     3.35e-09    3.83e-07
2012 06 28  1321   56106  48060     3.49e-09    3.92e-07
2012 06 28  1322   56106  48120     5.50e-09    3.94e-07
2012 06 28  1323   56106  48180     1.61e-09    3.78e-07
2012 06 28  1324   56106  48240     1.14e-09    3.76e-07
2012 06 28  1325   56106  48300     2.12e-09    3.85e-07
2012 06 28  1326   56106  48360     2.26e-09    3.76e-07
2012 06 28  1327   56106  48420     1.92e-09    3.65e-07
2012 06 28  1328   56106  48480     1.74e-09    3.64e-07
2012 06 28  1329   56106  48540     1.00e-09    3.65e-07
2012 06 28  1330   56106  48600     1.00e-09    3.64e-07
2012 06 28  1331   56106  48660     1.00e-09    3.63e-07
2012 06 28  1332   56106  48720     1.00e-09    3.61e-07
2012 06 28  1333   56106  48780     1.18e-09    3.61e-07
2012 06 28  1334   56106  48840     1.00e-09    3.59e-07
2012 06 28  1335   56106  48900     1.00e-09    3.56e-07
2012 06 28  1336   56106  48960     1.00e-09    3.52e-07
2012 06 28  1337   56106  49020     1.00e-09    3.41e-07
2012 06 28  1338   56106  49080     1.10e-09    3.37e-07
2012 06 28  1339   56106  49140     1.00e-09    3.35e-07
2012 06 28  1340   56106  49200     1.00e-09    3.37e-07
2012 06 28  1341   56106  49260     1.00e-09    3.48e-07
2012 06 28  1342   56106  49320     1.42e-09    3.65e-07
2012 06 28  1343   56106  49380     1.82e-09    3.62e-07
2012 06 28  1344   56106  49440     1.02e-09    3.61e-07
2012 06 28  1345   56106  49500     1.04e-09    3.64e-07
2012 06 28  1346   56106  49560     1.26e-09    3.63e-07
2012 06 28  1347   56106  49620     1.15e-09    3.73e-07
2012 06 28  1348   56106  49680     1.73e-09    3.77e-07
2012 06 28  1349   56106  49740     1.77e-09    3.67e-07
2012 06 28  1350   56106  49800     1.06e-09    3.61e-07
2012 06 28  1351   56106  49860     1.32e-09    3.62e-07
2012 06 28  1352   56106  49920     1.00e-09    3.66e-07
2012 06 28  1353   56106  49980     1.32e-09    3.56e-07
2012 06 28  1354   56106  50040     1.27e-09    3.51e-07
2012 06 28  1355   56106  50100     1.06e-09    3.49e-07
2012 06 28  1356   56106  50160     1.00e-09    3.44e-07
2012 06 28  1357   56106  50220     1.02e-09    3.44e-07
2012 06 28  1358   56106  50280     1.40e-09    3.39e-07
2012 06 28  1359   56106  50340     1.14e-09    3.39e-07
2012 06 28  1400   56106  50400     1.12e-09    3.38e-07
2012 06 28  1401   56106  50460     1.63e-09    3.36e-07
2012 06 28  1402   56106  50520     2.49e-09    3.35e-07
2012 06 28  1403   56106  50580     1.59e-09    3.34e-07
2012 06 28  1404   56106  50640     1.00e-09    3.30e-07
2012 06 28  1405   56106  50700     1.00e-09    3.27e-07
2012 06 28  1406   56106  50760     1.00e-09    3.25e-07
2012 06 28  1407   56106  50820     1.00e-09    3.22e-07
2012 06 28  1408   56106  50880     1.00e-09    3.20e-07
2012 06 28  1409   56106  50940     1.00e-09    3.19e-07
2012 06 28  1410   56106  51000     1.00e-09    3.17e-07
2012 06 28  1411   56106  51060     1.00e-09    3.16e-07
2012 06 28  1412   56106  51120     1.26e-09    3.12e-07
2012 06 28  1413   56106  51180     1.02e-09    3.13e-07
2012 06 28  1414   56106  51240     1.02e-09    3.20e-07
2012 06 28  1415   56106  51300     1.00e-09    3.22e-07
2012 06 28  1416   56106  51360     1.08e-09    3.18e-07
2012 06 28  1417   56106  51420     1.46e-09    3.15e-07
2012 06 28  1418   56106  51480     3.06e-09    3.41e-07
2012 06 28  1419   56106  51540     5.48e-09    3.70e-07
2012 06 28  1420   56106  51600     1.06e-08    4.15e-07
2012 06 28  1421   56106  51660     8.88e-09    4.22e-07
2012 06 28  1422   56106  51720     6.94e-09    4.06e-07
2012 06 28  1423   56106  51780     7.64e-09    4.01e-07
2012 06 28  1424   56106  51840     6.51e-09    3.87e-07
2012 06 28  1425   56106  51900     6.75e-09    3.87e-07
2012 06 28  1426   56106  51960     5.06e-09    3.92e-07
2012 06 28  1427   56106  52020     4.20e-09    3.94e-07
2012 06 28  1428   56106  52080     3.60e-09    3.91e-07
2012 06 28  1429   56106  52140     2.28e-09    3.84e-07
2012 06 28  1430   56106  52200     1.44e-09    3.69e-07
2012 06 28  1431   56106  52260     1.02e-09    3.59e-07
2012 06 28  1432   56106  52320     1.08e-09    3.54e-07
2012 06 28  1433   56106  52380     1.00e-09    3.45e-07
2012 06 28  1434   56106  52440     1.21e-09    3.43e-07
2012 06 28  1435   56106  52500     1.86e-09    3.42e-07
2012 06 28  1436   56106  52560     1.02e-09    3.42e-07
2012 06 28  1437   56106  52620     1.08e-09    3.43e-07
2012 06 28  1438   56106  52680     1.17e-09    3.41e-07
2012 06 28  1439   56106  52740     1.82e-09    3.44e-07
2012 06 28  1440   56106  52800     1.48e-09    3.47e-07
2012 06 28  1441   56106  52860     1.02e-09    3.47e-07
2012 06 28  1442   56106  52920     1.10e-09    3.45e-07
2012 06 28  1443   56106  52980     1.27e-09    3.37e-07
2012 06 28  1444   56106  53040     1.10e-09    3.32e-07
2012 06 28  1445   56106  53100     1.00e-09    3.26e-07
2012 06 28  1446   56106  53160     1.06e-09    3.26e-07
2012 06 28  1447   56106  53220     1.04e-09    3.23e-07
2012 06 28  1448   56106  53280     1.08e-09    3.24e-07
2012 06 28  1449   56106  53340     1.00e-09    3.32e-07
2012 06 28  1450   56106  53400     1.16e-09    3.34e-07
2012 06 28  1451   56106  53460     1.70e-09    3.39e-07
2012 06 28  1452   56106  53520     1.81e-09    3.33e-07
2012 06 28  1453   56106  53580     1.60e-09    3.26e-07
2012 06 28  1454   56106  53640     1.67e-09    3.30e-07
2012 06 28  1455   56106  53700     1.61e-09    3.33e-07
2012 06 28  1456   56106  53760     1.10e-09    3.28e-07
2012 06 28  1457   56106  53820     1.00e-09    3.29e-07
2012 06 28  1458   56106  53880     1.00e-09    3.39e-07
2012 06 28  1459   56106  53940     1.02e-09    3.46e-07
2012 06 28  1500   56106  54000     1.93e-09    3.48e-07
2012 06 28  1501   56106  54060     2.39e-09    3.48e-07
2012 06 28  1502   56106  54120     2.15e-09    3.58e-07
2012 06 28  1503   56106  54180     4.35e-09    3.79e-07
2012 06 28  1504   56106  54240     6.80e-09    4.01e-07
2012 06 28  1505   56106  54300     6.10e-09    4.12e-07
2012 06 28  1506   56106  54360     3.31e-09    4.18e-07
2012 06 28  1507   56106  54420     3.50e-09    4.24e-07
2012 06 28  1508   56106  54480     3.24e-09    4.31e-07
2012 06 28  1509   56106  54540     2.58e-09    4.35e-07
2012 06 28  1510   56106  54600     6.91e-09    4.37e-07
2012 06 28  1511   56106  54660     4.61e-09    4.42e-07
2012 06 28  1512   56106  54720     5.52e-09    4.61e-07
2012 06 28  1513   56106  54780     9.90e-09    4.93e-07
2012 06 28  1514   56106  54840     8.37e-09    5.30e-07
2012 06 28  1515   56106  54900     5.61e-09    5.13e-07
2012 06 28  1516   56106  54960     3.25e-09    4.77e-07
2012 06 28  1517   56106  55020     1.91e-09    4.59e-07
2012 06 28  1518   56106  55080     1.57e-09    4.44e-07
2012 06 28  1519   56106  55140     1.18e-09    4.27e-07
2012 06 28  1520   56106  55200     1.00e-09    4.10e-07
2012 06 28  1521   56106  55260     1.00e-09    3.99e-07
2012 06 28  1522   56106  55320     1.00e-09    3.93e-07
2012 06 28  1523   56106  55380     1.02e-09    3.90e-07
2012 06 28  1524   56106  55440     1.04e-09    3.87e-07
2012 06 28  1525   56106  55500     1.76e-09    3.82e-07
2012 06 28  1526   56106  55560     1.63e-09    3.87e-07
2012 06 28  1527   56106  55620     1.28e-09    3.92e-07
2012 06 28  1528   56106  55680     1.18e-09    4.01e-07
2012 06 28  1529   56106  55740     1.08e-09    3.99e-07
2012 06 28  1530   56106  55800     1.04e-09    4.03e-07
2012 06 28  1531   56106  55860     1.56e-09    4.04e-07
2012 06 28  1532   56106  55920     1.43e-09    4.01e-07
2012 06 28  1533   56106  55980     1.73e-09    4.10e-07
2012 06 28  1534   56106  56040     2.17e-09    4.20e-07
2012 06 28  1535   56106  56100     1.64e-09    4.16e-07
2012 06 28  1536   56106  56160     1.52e-09    4.09e-07
2012 06 28  1537   56106  56220     1.06e-09    4.00e-07
2012 06 28  1538   56106  56280     1.00e-09    3.90e-07
2012 06 28  1539   56106  56340     1.00e-09    3.85e-07
2012 06 28  1540   56106  56400     1.08e-09    3.81e-07
2012 06 28  1541   56106  56460     1.44e-09    3.84e-07
2012 06 28  1542   56106  56520     1.00e-09    3.77e-07
2012 06 28  1543   56106  56580     1.00e-09    3.77e-07
2012 06 28  1544   56106  56640     1.00e-09    3.73e-07
2012 06 28  1545   56106  56700     1.00e-09    3.73e-07
2012 06 28  1546   56106  56760     1.00e-09    3.76e-07
2012 06 28  1547   56106  56820     1.00e-09    3.75e-07
2012 06 28  1548   56106  56880     1.72e-09    3.82e-07
2012 06 28  1549   56106  56940     3.50e-09    4.08e-07
2012 06 28  1550   56106  57000     1.22e-08    4.87e-07
2012 06 28  1551   56106  57060     9.52e-09    4.76e-07
2012 06 28  1552   56106  57120     6.39e-09    4.53e-07
2012 06 28  1553   56106  57180     5.56e-09    4.50e-07
2012 06 28  1554   56106  57240     5.60e-09    4.42e-07
2012 06 28  1555   56106  57300     5.84e-09    4.31e-07
2012 06 28  1556   56106  57360     4.87e-09    4.29e-07
2012 06 28  1557   56106  57420     7.21e-09    4.39e-07
2012 06 28  1558   56106  57480     5.61e-09    4.25e-07
2012 06 28  1559   56106  57540     8.98e-09    4.54e-07
2012 06 28  1600   56106  57600     9.36e-09    4.77e-07
2012 06 28  1601   56106  57660     7.33e-09    4.39e-07
2012 06 28  1602   56106  57720     6.58e-09    4.30e-07
2012 06 28  1603   56106  57780     4.37e-09    4.15e-07
2012 06 28  1604   56106  57840     5.60e-09    4.35e-07
2012 06 28  1605   56106  57900     2.43e-08    5.77e-07
2012 06 28  1606   56106  57960     2.50e-08    6.40e-07
2012 06 28  1607   56106  58020     1.20e-08    5.06e-07
2012 06 28  1608   56106  58080     9.66e-09    5.17e-07
2012 06 28  1609   56106  58140     1.93e-08    6.19e-07
2012 06 28  1610   56106  58200     1.55e-07    1.61e-06
2012 06 28  1611   56106  58260     3.74e-06    1.32e-05
2012 06 28  1612   56106  58320     6.27e-06    2.45e-05
2012 06 28  1613   56106  58380     3.61e-06    1.91e-05
2012 06 28  1614   56106  58440     1.96e-06    1.27e-05
2012 06 28  1615   56106  58500     1.24e-06    9.66e-06
2012 06 28  1616   56106  58560     6.82e-07    6.68e-06
2012 06 28  1617   56106  58620     3.61e-07    4.36e-06
2012 06 28  1618   56106  58680     2.00e-07    2.92e-06
2012 06 28  1619   56106  58740     1.07e-07    1.98e-06
2012 06 28  1620   56106  58800     5.56e-08    1.37e-06
2012 06 28  1621   56106  58860     2.68e-08    9.54e-07
2012 06 28  1622   56106  58920     1.19e-08    6.84e-07
2012 06 28  1623   56106  58980     5.41e-09    5.27e-07
2012 06 28  1624   56106  59040     3.83e-09    4.46e-07
2012 06 28  1625   56106  59100     4.28e-09    4.08e-07
2012 06 28  1626   56106  59160     3.64e-09    3.90e-07
2012 06 28  1627   56106  59220     1.92e-09    3.87e-07
2012 06 28  1628   56106  59280     2.22e-09    3.89e-07
2012 06 28  1629   56106  59340     3.70e-09    4.03e-07
2012 06 28  1630   56106  59400     2.52e-09    4.05e-07
2012 06 28  1631   56106  59460     3.73e-09    4.03e-07
2012 06 28  1632   56106  59520     4.35e-09    4.01e-07
2012 06 28  1633   56106  59580     4.68e-09    3.99e-07
2012 06 28  1634   56106  59640     3.68e-09    3.99e-07
2012 06 28  1635   56106  59700     3.57e-09    4.00e-07
2012 06 28  1636   56106  59760     5.56e-09    3.96e-07
2012 06 28  1637   56106  59820     4.02e-09    3.96e-07
2012 06 28  1638   56106  59880     3.56e-09    3.88e-07
2012 06 28  1639   56106  59940     5.73e-09    3.82e-07
2012 06 28  1640   56106  60000     4.87e-09    3.79e-07
2012 06 28  1641   56106  60060     3.64e-09    3.78e-07
2012 06 28  1642   56106  60120     4.24e-09    3.76e-07
2012 06 28  1643   56106  60180     2.99e-09    3.75e-07
2012 06 28  1644   56106  60240     2.79e-09    3.69e-07
2012 06 28  1645   56106  60300     2.58e-09    3.71e-07
2012 06 28  1646   56106  60360     3.25e-09    3.69e-07
2012 06 28  1647   56106  60420     3.75e-09    3.64e-07
2012 06 28  1648   56106  60480     6.64e-09    3.64e-07
2012 06 28  1649   56106  60540     2.53e-09    3.63e-07
2012 06 28  1650   56106  60600     1.68e-09    3.60e-07
2012 06 28  1651   56106  60660     1.06e-09    3.58e-07
2012 06 28  1652   56106  60720     1.46e-09    3.57e-07
2012 06 28  1653   56106  60780     1.78e-09    3.59e-07
2012 06 28  1654   56106  60840     1.53e-09    3.69e-07
2012 06 28  1655   56106  60900     1.28e-09    3.66e-07
2012 06 28  1656   56106  60960     1.00e-09    3.61e-07
2012 06 28  1657   56106  61020     1.00e-09    3.59e-07
2012 06 28  1658   56106  61080     1.00e-09    3.59e-07
2012 06 28  1659   56106  61140     1.02e-09    3.64e-07
2012 06 28  1700   56106  61200     1.97e-09    3.76e-07
2012 06 28  1701   56106  61260     1.95e-09    3.82e-07
2012 06 28  1702   56106  61320     1.00e-09    3.78e-07
2012 06 28  1703   56106  61380     1.00e-09    3.72e-07
2012 06 28  1704   56106  61440     1.47e-09    3.72e-07
2012 06 28  1705   56106  61500     1.20e-09    3.74e-07
2012 06 28  1706   56106  61560     1.61e-09    3.72e-07
2012 06 28  1707   56106  61620     1.58e-09    3.66e-07
2012 06 28  1708   56106  61680     1.14e-09    3.64e-07
2012 06 28  1709   56106  61740     1.00e-09    3.63e-07
2012 06 28  1710   56106  61800     1.32e-09    3.69e-07
2012 06 28  1711   56106  61860     1.72e-09    3.70e-07
2012 06 28  1712   56106  61920     1.00e-09    3.70e-07
2012 06 28  1713   56106  61980     1.00e-09    3.68e-07
2012 06 28  1714   56106  62040     1.08e-09    3.65e-07
2012 06 28  1715   56106  62100     1.00e-09    3.69e-07
2012 06 28  1716   56106  62160     1.00e-09    3.75e-07
2012 06 28  1717   56106  62220     1.00e-09    3.81e-07
2012 06 28  1718   56106  62280     1.00e-09    3.80e-07
2012 06 28  1719   56106  62340     1.00e-09    3.82e-07
2012 06 28  1720   56106  62400     1.00e-09    3.85e-07
2012 06 28  1721   56106  62460     1.00e-09    3.87e-07
2012 06 28  1722   56106  62520     1.02e-09    3.94e-07
2012 06 28  1723   56106  62580     1.00e-09    4.03e-07
2012 06 28  1724   56106  62640     1.00e-09    4.06e-07
2012 06 28  1725   56106  62700     1.00e-09    4.04e-07
2012 06 28  1726   56106  62760     1.00e-09    4.02e-07
2012 06 28  1727   56106  62820     1.12e-09    4.11e-07
2012 06 28  1728   56106  62880     3.10e-09    4.35e-07
2012 06 28  1729   56106  62940     5.24e-09    4.65e-07
2012 06 28  1730   56106  63000     9.29e-09    4.96e-07
2012 06 28  1731   56106  63060     8.25e-09    5.21e-07
2012 06 28  1732   56106  63120     6.95e-09    5.25e-07
2012 06 28  1733   56106  63180     6.94e-09    5.28e-07
2012 06 28  1734   56106  63240     5.41e-09    5.26e-07
2012 06 28  1735   56106  63300     5.37e-09    5.18e-07
2012 06 28  1736   56106  63360     3.01e-09    5.04e-07
2012 06 28  1737   56106  63420     1.68e-09    4.84e-07
2012 06 28  1738   56106  63480     4.18e-09    4.68e-07
2012 06 28  1739   56106  63540     2.80e-09    4.50e-07
2012 06 28  1740   56106  63600     1.64e-09    4.40e-07
2012 06 28  1741   56106  63660     1.32e-09    4.30e-07
2012 06 28  1742   56106  63720     1.15e-09    4.27e-07
2012 06 28  1743   56106  63780     2.30e-09    4.24e-07
2012 06 28  1744   56106  63840     4.46e-09    4.22e-07
2012 06 28  1745   56106  63900     3.95e-09    4.28e-07
2012 06 28  1746   56106  63960     2.71e-09    4.32e-07
2012 06 28  1747   56106  64020     3.60e-09    4.33e-07
2012 06 28  1748   56106  64080     4.41e-09    4.26e-07
2012 06 28  1749   56106  64140     2.26e-09    4.24e-07
2012 06 28  1750   56106  64200     1.06e-09    4.19e-07
2012 06 28  1751   56106  64260     1.24e-09    4.16e-07
2012 06 28  1752   56106  64320     1.67e-09    4.12e-07
2012 06 28  1753   56106  64380     2.56e-09    4.14e-07
2012 06 28  1754   56106  64440     2.35e-09    4.13e-07
2012 06 28  1755   56106  64500     2.37e-09    4.11e-07
2012 06 28  1756   56106  64560     3.09e-09    4.08e-07
2012 06 28  1757   56106  64620     5.21e-09    4.10e-07
2012 06 28  1758   56106  64680     3.56e-09    4.08e-07
2012 06 28  1759   56106  64740     2.44e-09    4.10e-07
2012 06 28  1800   56106  64800     1.02e-09    4.11e-07
2012 06 28  1801   56106  64860     1.00e-09    4.10e-07
2012 06 28  1802   56106  64920     1.02e-09    4.10e-07
2012 06 28  1803   56106  64980     1.17e-09    4.11e-07
2012 06 28  1804   56106  65040     1.00e-09    4.11e-07
2012 06 28  1805   56106  65100     1.00e-09    4.13e-07
2012 06 28  1806   56106  65160     2.66e-09    4.28e-07
2012 06 28  1807   56106  65220     3.02e-09    4.32e-07
2012 06 28  1808   56106  65280     3.22e-09    4.21e-07
2012 06 28  1809   56106  65340     1.64e-09    4.10e-07
2012 06 28  1810   56106  65400     3.08e-09    4.05e-07
2012 06 28  1811   56106  65460     1.28e-09    4.02e-07
2012 06 28  1812   56106  65520     2.04e-09    4.02e-07
2012 06 28  1813   56106  65580     1.12e-09    3.99e-07
2012 06 28  1814   56106  65640     2.58e-09    3.92e-07
2012 06 28  1815   56106  65700     1.54e-09    3.85e-07
2012 06 28  1816   56106  65760     1.18e-09    3.79e-07
2012 06 28  1817   56106  65820     1.53e-09    3.79e-07
2012 06 28  1818   56106  65880     1.10e-09    3.73e-07
2012 06 28  1819   56106  65940     1.08e-09    3.71e-07
2012 06 28  1820   56106  66000     1.06e-09    3.69e-07
2012 06 28  1821   56106  66060     1.02e-09    3.67e-07
2012 06 28  1822   56106  66120     1.02e-09    3.64e-07
2012 06 28  1823   56106  66180     1.00e-09    3.60e-07
2012 06 28  1824   56106  66240     1.00e-09    3.59e-07
2012 06 28  1825   56106  66300     1.00e-09    3.61e-07
2012 06 28  1826   56106  66360     1.06e-09    3.57e-07
2012 06 28  1827   56106  66420     1.10e-09    3.57e-07
2012 06 28  1828   56106  66480     2.34e-09    3.54e-07
2012 06 28  1829   56106  66540     1.67e-09    3.51e-07
2012 06 28  1830   56106  66600     3.16e-09    3.52e-07
2012 06 28  1831   56106  66660     1.51e-09    3.54e-07
2012 06 28  1832   56106  66720     1.00e-09    3.56e-07
2012 06 28  1833   56106  66780     1.14e-09    3.57e-07
2012 06 28  1834   56106  66840     1.75e-09    3.56e-07
2012 06 28  1835   56106  66900     1.10e-09    3.59e-07
2012 06 28  1836   56106  66960     2.17e-09    3.57e-07
2012 06 28  1837   56106  67020     2.66e-09    3.58e-07
2012 06 28  1838   56106  67080     4.98e-09    3.85e-07
2012 06 28  1839   56106  67140     4.25e-09    4.03e-07
2012 06 28  1840   56106  67200     2.32e-09    4.02e-07
2012 06 28  1841   56106  67260     2.60e-09    3.97e-07
2012 06 28  1842   56106  67320     1.00e-09    3.87e-07
2012 06 28  1843   56106  67380     1.45e-09    3.75e-07
2012 06 28  1844   56106  67440     1.73e-09    3.90e-07
2012 06 28  1845   56106  67500     1.02e-09    3.88e-07
2012 06 28  1846   56106  67560     1.31e-09    3.72e-07
2012 06 28  1847   56106  67620     1.00e-09    3.62e-07
2012 06 28  1848   56106  67680     1.00e-09    3.65e-07
2012 06 28  1849   56106  67740     1.00e-09    3.66e-07
2012 06 28  1850   56106  67800     1.00e-09    3.69e-07
2012 06 28  1851   56106  67860     1.10e-09    3.83e-07
2012 06 28  1852   56106  67920     1.69e-09    3.89e-07
2012 06 28  1853   56106  67980     1.00e-09    3.83e-07
2012 06 28  1854   56106  68040     1.08e-09    3.85e-07
2012 06 28  1855   56106  68100     1.00e-09    3.90e-07
2012 06 28  1856   56106  68160     1.00e-09    3.98e-07
2012 06 28  1857   56106  68220     1.06e-09    3.91e-07
2012 06 28  1858   56106  68280     1.00e-09    3.81e-07
2012 06 28  1859   56106  68340     1.00e-09    3.79e-07
2012 06 28  1900   56106  68400     1.15e-09    3.79e-07
2012 06 28  1901   56106  68460     1.30e-09    3.76e-07
2012 06 28  1902   56106  68520     2.99e-09    3.79e-07
2012 06 28  1903   56106  68580     2.53e-09    3.73e-07
2012 06 28  1904   56106  68640     1.99e-09    3.75e-07
2012 06 28  1905   56106  68700     1.87e-09    3.78e-07
2012 06 28  1906   56106  68760     3.82e-09    3.77e-07
2012 06 28  1907   56106  68820     1.22e-09    3.79e-07
2012 06 28  1908   56106  68880     2.02e-09    3.83e-07
2012 06 28  1909   56106  68940     2.58e-09    3.84e-07
2012 06 28  1910   56106  69000     3.05e-09    3.86e-07
2012 06 28  1911   56106  69060     3.04e-09    3.88e-07
2012 06 28  1912   56106  69120     2.07e-09    3.91e-07
2012 06 28  1913   56106  69180     1.59e-09    3.85e-07
2012 06 28  1914   56106  69240     1.00e-09    3.86e-07
2012 06 28  1915   56106  69300     1.12e-09    3.92e-07
2012 06 28  1916   56106  69360     1.35e-09    4.04e-07
2012 06 28  1917   56106  69420     3.05e-09    4.17e-07
2012 06 28  1918   56106  69480     3.91e-09    4.23e-07
2012 06 28  1919   56106  69540     3.33e-09    4.32e-07
2012 06 28  1920   56106  69600     2.21e-09    4.35e-07
2012 06 28  1921   56106  69660     2.10e-09    4.44e-07
2012 06 28  1922   56106  69720     3.56e-09    4.52e-07
2012 06 28  1923   56106  69780     4.18e-09    4.63e-07
2012 06 28  1924   56106  69840     3.53e-09    4.81e-07
2012 06 28  1925   56106  69900     2.77e-09    4.98e-07
2012 06 28  1926   56106  69960     7.86e-09    5.21e-07
2012 06 28  1927   56106  70020     1.04e-08    5.33e-07
2012 06 28  1928   56106  70080     1.09e-08    5.51e-07
2012 06 28  1929   56106  70140     1.90e-08    6.23e-07
2012 06 28  1930   56106  70200     3.28e-08    7.50e-07
2012 06 28  1931   56106  70260     5.18e-08    9.26e-07
2012 06 28  1932   56106  70320     7.93e-08    1.13e-06
2012 06 28  1933   56106  70380     9.01e-08    1.27e-06
2012 06 28  1934   56106  70440     7.99e-08    1.28e-06
2012 06 28  1935   56106  70500     6.44e-08    1.25e-06
2012 06 28  1936   56106  70560     5.82e-08    1.24e-06
2012 06 28  1937   56106  70620     5.12e-08    1.23e-06
2012 06 28  1938   56106  70680     5.19e-08    1.26e-06
2012 06 28  1939   56106  70740     6.22e-08    1.39e-06
2012 06 28  1940   56106  70800     8.18e-08    1.59e-06
2012 06 28  1941   56106  70860     1.08e-07    1.81e-06
2012 06 28  1942   56106  70920     1.40e-07    2.09e-06
2012 06 28  1943   56106  70980     1.70e-07    2.37e-06
2012 06 28  1944   56106  71040     1.91e-07    2.58e-06
2012 06 28  1945   56106  71100     1.96e-07    2.72e-06
2012 06 28  1946   56106  71160     1.92e-07    2.80e-06
2012 06 28  1947   56106  71220     1.86e-07    2.82e-06
2012 06 28  1948   56106  71280     1.77e-07    2.83e-06
2012 06 28  1949   56106  71340     1.67e-07    2.81e-06
2012 06 28  1950   56106  71400     1.62e-07    2.77e-06
2012 06 28  1951   56106  71460     1.52e-07    2.72e-06
2012 06 28  1952   56106  71520     1.42e-07    2.65e-06
2012 06 28  1953   56106  71580     1.38e-07    2.60e-06
2012 06 28  1954   56106  71640     1.35e-07    2.56e-06
2012 06 28  1955   56106  71700     1.29e-07    2.50e-06
2012 06 28  1956   56106  71760     1.26e-07    2.47e-06
2012 06 28  1957   56106  71820     1.19e-07    2.42e-06
2012 06 28  1958   56106  71880     1.12e-07    2.37e-06
2012 06 28  1959   56106  71940     1.04e-07    2.31e-06
2012 06 28  2000   56106  72000    -1.00e+05   -1.00e+05
2012 06 28  2001   56106  72060    -1.00e+05   -1.00e+05
2012 06 28  2002   56106  72120    -1.00e+05   -1.00e+05
2012 06 28  2003   56106  72180    -1.00e+05   -1.00e+05
2012 06 28  2004   56106  72240    -1.00e+05   -1.00e+05
2012 06 28  2005   56106  72300    -1.00e+05   -1.00e+05
2012 06 28  2006   56106  72360    -1.00e+05   -1.00e+05
2012 06 28  2007   56106  72420    -1.00e+05   -1.00e+05
2012 06 28  2008   56106  72480    -1.00e+05   -1.00e+05
2012 06 28  2009   56106  72540     5.13e-08    1.64e-06
2012 06 28  2010   56106  72600     4.81e-08    1.59e-06
2012 06 28  2011   56106  72660     4.41e-08    1.54e-06
2012 06 28  2012   56106  72720     4.08e-08    1.50e-06
2012 06 28  2013   56106  72780     3.86e-08    1.47e-06
2012 06 28  2014   56106  72840     3.81e-08    1.44e-06
2012 06 28  2015   56106  72900     3.59e-08    1.41e-06
2012 06 28  2016   56106  72960     3.50e-08    1.38e-06
2012 06 28  2017   56106  73020     3.34e-08    1.35e-06
2012 06 28  2018   56106  73080     3.35e-08    1.32e-06
2012 06 28  2019   56106  73140     3.22e-08    1.30e-06
2012 06 28  2020   56106  73200     3.12e-08    1.28e-06
2012 06 28  2021   56106  73260     3.05e-08    1.26e-06
2012 06 28  2022   56106  73320     2.99e-08    1.24e-06
2012 06 28  2023   56106  73380     3.12e-08    1.23e-06
2012 06 28  2024   56106  73440     2.91e-08    1.22e-06
2012 06 28  2025   56106  73500     2.72e-08    1.20e-06
2012 06 28  2026   56106  73560     2.80e-08    1.18e-06
2012 06 28  2027   56106  73620     2.64e-08    1.16e-06
2012 06 28  2028   56106  73680     2.55e-08    1.15e-06
2012 06 28  2029   56106  73740     2.42e-08    1.13e-06
2012 06 28  2030   56106  73800     2.56e-08    1.12e-06
2012 06 28  2031   56106  73860     2.46e-08    1.11e-06
2012 06 28  2032   56106  73920     2.29e-08    1.09e-06
2012 06 28  2033   56106  73980     2.11e-08    1.07e-06
2012 06 28  2034   56106  74040     2.11e-08    1.06e-06
2012 06 28  2035   56106  74100     2.07e-08    1.04e-06
2012 06 28  2036   56106  74160     2.06e-08    1.04e-06
2012 06 28  2037   56106  74220     2.27e-08    1.04e-06
2012 06 28  2038   56106  74280     2.07e-08    1.00e-06
2012 06 28  2039   56106  74340     1.80e-08    9.85e-07
2012 06 28  2040   56106  74400     1.73e-08    9.64e-07
2012 06 28  2041   56106  74460     1.64e-08    9.53e-07
2012 06 28  2042   56106  74520     1.62e-08    9.42e-07
2012 06 28  2043   56106  74580     1.67e-08    9.35e-07
2012 06 28  2044   56106  74640     1.65e-08    9.33e-07
2012 06 28  2045   56106  74700     1.55e-08    9.28e-07
2012 06 28  2046   56106  74760     1.67e-08    9.21e-07
2012 06 28  2047   56106  74820     1.34e-08    9.11e-07
2012 06 28  2048   56106  74880     1.44e-08    8.98e-07
2012 06 28  2049   56106  74940     1.45e-08    8.81e-07
2012 06 28  2050   56106  75000     1.44e-08    8.67e-07
2012 06 28  2051   56106  75060     1.39e-08    8.56e-07
2012 06 28  2052   56106  75120     1.17e-08    8.51e-07
2012 06 28  2053   56106  75180     1.36e-08    8.53e-07
2012 06 28  2054   56106  75240     1.37e-08    8.54e-07
2012 06 28  2055   56106  75300     1.31e-08    8.50e-07
2012 06 28  2056   56106  75360     1.34e-08    8.39e-07
2012 06 28  2057   56106  75420     1.34e-08    8.24e-07
2012 06 28  2058   56106  75480     1.43e-08    8.16e-07
2012 06 28  2059   56106  75540     1.78e-08    8.48e-07
2012 06 28  2100   56106  75600     1.95e-08    8.70e-07
2012 06 28  2101   56106  75660     1.71e-08    8.68e-07
2012 06 28  2102   56106  75720     1.68e-08    8.57e-07
2012 06 28  2103   56106  75780     1.55e-08    8.46e-07
2012 06 28  2104   56106  75840     1.20e-08    8.23e-07
2012 06 28  2105   56106  75900     1.13e-08    7.98e-07
2012 06 28  2106   56106  75960     9.75e-09    7.78e-07
2012 06 28  2107   56106  76020     9.56e-09    7.63e-07
2012 06 28  2108   56106  76080     9.89e-09    7.56e-07
2012 06 28  2109   56106  76140     9.48e-09    7.49e-07
2012 06 28  2110   56106  76200     1.12e-08    7.45e-07
2012 06 28  2111   56106  76260     1.13e-08    7.46e-07
2012 06 28  2112   56106  76320     1.06e-08    7.38e-07
2012 06 28  2113   56106  76380     1.02e-08    7.32e-07
2012 06 28  2114   56106  76440     8.98e-09    7.25e-07
2012 06 28  2115   56106  76500     7.51e-09    7.19e-07
2012 06 28  2116   56106  76560     7.64e-09    7.12e-07
2012 06 28  2117   56106  76620     8.10e-09    7.04e-07
2012 06 28  2118   56106  76680     8.51e-09    7.10e-07
2012 06 28  2119   56106  76740     8.21e-09    7.13e-07
2012 06 28  2120   56106  76800     7.25e-09    7.05e-07
2012 06 28  2121   56106  76860     7.58e-09    6.96e-07
2012 06 28  2122   56106  76920     6.98e-09    6.93e-07
2012 06 28  2123   56106  76980     7.56e-09    6.94e-07
2012 06 28  2124   56106  77040     6.79e-09    6.92e-07
2012 06 28  2125   56106  77100     4.76e-09    6.88e-07
2012 06 28  2126   56106  77160     5.14e-09    6.84e-07
2012 06 28  2127   56106  77220     6.60e-09    6.76e-07
2012 06 28  2128   56106  77280     7.99e-09    6.69e-07
2012 06 28  2129   56106  77340     7.17e-09    6.62e-07
2012 06 28  2130   56106  77400     5.75e-09    6.58e-07
2012 06 28  2131   56106  77460     4.83e-09    6.50e-07
2012 06 28  2132   56106  77520     2.44e-09    6.41e-07
2012 06 28  2133   56106  77580     4.02e-09    6.31e-07
2012 06 28  2134   56106  77640     4.45e-09    6.24e-07
2012 06 28  2135   56106  77700     7.51e-09    6.15e-07
2012 06 28  2136   56106  77760     7.21e-09    6.11e-07
2012 06 28  2137   56106  77820     7.75e-09    6.05e-07
2012 06 28  2138   56106  77880     8.21e-09    5.97e-07
2012 06 28  2139   56106  77940     7.64e-09    5.90e-07
2012 06 28  2140   56106  78000     6.21e-09    5.86e-07
2012 06 28  2141   56106  78060     5.94e-09    5.80e-07
2012 06 28  2142   56106  78120     7.73e-09    5.80e-07
2012 06 28  2143   56106  78180     5.29e-09    5.93e-07
2012 06 28  2144   56106  78240     3.69e-08    8.74e-07
2012 06 28  2145   56106  78300     2.48e-07    2.17e-06
2012 06 28  2146   56106  78360     3.73e-07    3.10e-06
2012 06 28  2147   56106  78420     3.44e-07    3.43e-06
2012 06 28  2148   56106  78480     2.00e-07    2.79e-06
2012 06 28  2149   56106  78540     6.60e-08    1.71e-06
2012 06 28  2150   56106  78600     1.86e-08    1.00e-06
2012 06 28  2151   56106  78660     8.75e-09    6.82e-07
2012 06 28  2152   56106  78720     8.77e-09    5.77e-07
2012 06 28  2153   56106  78780     4.14e-09    5.41e-07
2012 06 28  2154   56106  78840     2.20e-09    5.32e-07
2012 06 28  2155   56106  78900     3.61e-09    5.20e-07
2012 06 28  2156   56106  78960     2.40e-09    5.05e-07
2012 06 28  2157   56106  79020     1.37e-09    5.05e-07
2012 06 28  2158   56106  79080     1.26e-09    5.01e-07
2012 06 28  2159   56106  79140     1.37e-09    4.97e-07
2012 06 28  2200   56106  79200     4.06e-09    4.94e-07
2012 06 28  2201   56106  79260     2.04e-09    4.96e-07
2012 06 28  2202   56106  79320     3.81e-09    4.97e-07
2012 06 28  2203   56106  79380     4.61e-09    4.92e-07
2012 06 28  2204   56106  79440     2.34e-09    4.89e-07
2012 06 28  2205   56106  79500     1.77e-09    4.85e-07
2012 06 28  2206   56106  79560     1.37e-09    4.84e-07
2012 06 28  2207   56106  79620     1.84e-09    4.89e-07
2012 06 28  2208   56106  79680     3.18e-09    4.91e-07
2012 06 28  2209   56106  79740     4.02e-09    4.86e-07
2012 06 28  2210   56106  79800     4.98e-09    4.82e-07
2012 06 28  2211   56106  79860     1.02e-09    4.80e-07
2012 06 28  2212   56106  79920     1.04e-09    4.71e-07
2012 06 28  2213   56106  79980     1.69e-09    4.65e-07
2012 06 28  2214   56106  80040     1.27e-09    4.64e-07
2012 06 28  2215   56106  80100     1.49e-09    4.61e-07
2012 06 28  2216   56106  80160     1.00e-09    4.61e-07
2012 06 28  2217   56106  80220     2.12e-09    4.79e-07
2012 06 28  2218   56106  80280     1.04e-09    4.61e-07
2012 06 28  2219   56106  80340     3.83e-09    4.84e-07
2012 06 28  2220   56106  80400     1.28e-09    4.52e-07
2012 06 28  2221   56106  80460     1.24e-09    4.39e-07
2012 06 28  2222   56106  80520     1.02e-09    4.38e-07
2012 06 28  2223   56106  80580     1.00e-09    4.30e-07
2012 06 28  2224   56106  80640     1.02e-09    4.20e-07
2012 06 28  2225   56106  80700     1.00e-09    4.19e-07
2012 06 28  2226   56106  80760     1.00e-09    4.15e-07
2012 06 28  2227   56106  80820     1.00e-09    4.12e-07
2012 06 28  2228   56106  80880     1.00e-09    4.09e-07
2012 06 28  2229   56106  80940     1.13e-09    4.12e-07
2012 06 28  2230   56106  81000     1.20e-09    4.11e-07
2012 06 28  2231   56106  81060     1.12e-09    4.04e-07
2012 06 28  2232   56106  81120     1.55e-09    4.01e-07
2012 06 28  2233   56106  81180     2.10e-09    4.01e-07
2012 06 28  2234   56106  81240     1.55e-09    3.97e-07
2012 06 28  2235   56106  81300     3.14e-09    3.99e-07
2012 06 28  2236   56106  81360     2.99e-09    3.95e-07
2012 06 28  2237   56106  81420     3.56e-09    3.95e-07
2012 06 28  2238   56106  81480     2.87e-09    3.97e-07
2012 06 28  2239   56106  81540     3.01e-09    4.07e-07
2012 06 28  2240   56106  81600     3.35e-09    4.13e-07
2012 06 28  2241   56106  81660     3.14e-09    4.15e-07
2012 06 28  2242   56106  81720     2.30e-09    4.16e-07
2012 06 28  2243   56106  81780     1.50e-09    4.12e-07
2012 06 28  2244   56106  81840     1.26e-09    4.14e-07
2012 06 28  2245   56106  81900     1.83e-09    4.13e-07
2012 06 28  2246   56106  81960     1.34e-09    4.17e-07
2012 06 28  2247   56106  82020     1.12e-09    4.24e-07
2012 06 28  2248   56106  82080     1.00e-09    4.25e-07
2012 06 28  2249   56106  82140     1.26e-09    4.20e-07
2012 06 28  2250   56106  82200     1.57e-09    4.21e-07
2012 06 28  2251   56106  82260     1.78e-09    4.26e-07
2012 06 28  2252   56106  82320     4.98e-09    4.24e-07
2012 06 28  2253   56106  82380     2.93e-09    4.23e-07
2012 06 28  2254   56106  82440     2.00e-09    4.20e-07
2012 06 28  2255   56106  82500     1.79e-09    4.20e-07
2012 06 28  2256   56106  82560     1.56e-09    4.19e-07
2012 06 28  2257   56106  82620     1.04e-09    4.16e-07
2012 06 28  2258   56106  82680     1.38e-09    4.17e-07
2012 06 28  2259   56106  82740     1.00e-09    4.22e-07
2012 06 28  2300   56106  82800     1.30e-09    4.28e-07
2012 06 28  2301   56106  82860     1.08e-09    4.30e-07
2012 06 28  2302   56106  82920     1.00e-09    4.29e-07
2012 06 28  2303   56106  82980     1.74e-09    4.26e-07
2012 06 28  2304   56106  83040     1.39e-09    4.26e-07
2012 06 28  2305   56106  83100     3.42e-09    4.51e-07
2012 06 28  2306   56106  83160     1.96e-09    4.37e-07
2012 06 28  2307   56106  83220     1.66e-09    4.36e-07
2012 06 28  2308   56106  83280     1.52e-09    4.39e-07
2012 06 28  2309   56106  83340     1.32e-09    4.42e-07
2012 06 28  2310   56106  83400     1.54e-09    4.41e-07
2012 06 28  2311   56106  83460     1.57e-09    4.44e-07
2012 06 28  2312   56106  83520     1.38e-09    4.36e-07
2012 06 28  2313   56106  83580     1.06e-09    4.29e-07
2012 06 28  2314   56106  83640     1.17e-09    4.15e-07
2012 06 28  2315   56106  83700     1.00e-09    4.05e-07
2012 06 28  2316   56106  83760     1.00e-09    3.99e-07
2012 06 28  2317   56106  83820     1.00e-09    3.95e-07
2012 06 28  2318   56106  83880     1.00e-09    3.92e-07
2012 06 28  2319   56106  83940     1.04e-09    3.92e-07
2012 06 28  2320   56106  84000     1.20e-09    3.85e-07
2012 06 28  2321   56106  84060     1.04e-09    3.81e-07
2012 06 28  2322   56106  84120     1.40e-09    3.80e-07
2012 06 28  2323   56106  84180     1.83e-09    3.80e-07
2012 06 28  2324   56106  84240     1.06e-09    3.83e-07
2012 06 28  2325   56106  84300     1.00e-09    3.75e-07
2012 06 28  2326   56106  84360     1.12e-09    3.75e-07
2012 06 28  2327   56106  84420     1.25e-09    3.77e-07
2012 06 28  2328   56106  84480     1.00e-09    3.79e-07
2012 06 28  2329   56106  84540     1.00e-09    3.76e-07
2012 06 28  2330   56106  84600     1.06e-09    3.73e-07
2012 06 28  2331   56106  84660     1.14e-09    3.75e-07
2012 06 28  2332   56106  84720     1.00e-09    3.67e-07
2012 06 28  2333   56106  84780     1.08e-09    3.61e-07
2012 06 28  2334   56106  84840     1.00e-09    3.59e-07
2012 06 28  2335   56106  84900     1.25e-09    3.58e-07
2012 06 28  2336   56106  84960     2.41e-09    3.61e-07
2012 06 28  2337   56106  85020     4.29e-09    3.53e-07
2012 06 28  2338   56106  85080     3.75e-09    3.50e-07
2012 06 28  2339   56106  85140     3.11e-09    3.46e-07
2012 06 28  2340   56106  85200     1.91e-09    3.45e-07
2012 06 28  2341   56106  85260     1.02e-09    3.45e-07
2012 06 28  2342   56106  85320     1.08e-09    3.37e-07
2012 06 28  2343   56106  85380     1.10e-09    3.33e-07
2012 06 28  2344   56106  85440     1.31e-09    3.33e-07
2012 06 28  2345   56106  85500     1.90e-09    3.34e-07
2012 06 28  2346   56106  85560     1.15e-09    3.35e-07
2012 06 28  2347   56106  85620     1.00e-09    3.34e-07
2012 06 28  2348   56106  85680     1.00e-09    3.31e-07
2012 06 28  2349   56106  85740     1.00e-09    3.33e-07
2012 06 28  2350   56106  85800     1.08e-09    3.50e-07
2012 06 28  2351   56106  85860     1.36e-09    3.55e-07
2012 06 28  2352   56106  85920     1.00e-09    3.33e-07
2012 06 28  2353   56106  85980     1.00e-09    3.23e-07
2012 06 28  2354   56106  86040     1.33e-09    3.22e-07
2012 06 28  2355   56106  86100     1.06e-09    3.24e-07
2012 06 28  2356   56106  86160     1.00e-09    3.20e-07
2012 06 28  2357   56106  86220     2.03e-09    3.17e-07
2012 06 28  2358   56106  86280     1.00e-09    3.17e-07
2012 06 28  2359   56106  86340     1.00e-09    3.19e-07
