:Data_list: 20120609_Gp_xr_1m.txt
:Created: 2012 Jun 10 0010 UTC
# Prepared by the U.S. Dept. of Commerce, NOAA, Space Weather Prediction Center
# Please send comments and suggestions to SWPC.Webmaster@noaa.gov 
# 
# Label: Short = 0.05- 0.4 nanometer
# Label: Long  = 0.1 - 0.8 nanometer
# Units: Short = Watts per meter squared
# Units: Long  = Watts per meter squared
# Source: GOES-15
# Location: W135
# Missing data: -1.00e+05
#
#         1-minute GOES-15 Solar X-ray Flux
# 
#                 Modified Seconds
# UTC Date  Time   Julian  of the
# YR MO DA  HHMM    Day     Day       Short       Long
#-------------------------------------------------------
2012 06 09  0000   56087      0     1.62e-08    7.81e-07
2012 06 09  0001   56087     60     1.70e-08    7.92e-07
2012 06 09  0002   56087    120     1.85e-08    8.21e-07
2012 06 09  0003   56087    180     1.90e-08    8.41e-07
2012 06 09  0004   56087    240     1.86e-08    8.50e-07
2012 06 09  0005   56087    300     1.98e-08    8.59e-07
2012 06 09  0006   56087    360     1.90e-08    8.70e-07
2012 06 09  0007   56087    420     1.93e-08    8.75e-07
2012 06 09  0008   56087    480     1.88e-08    8.83e-07
2012 06 09  0009   56087    540     1.95e-08    8.83e-07
2012 06 09  0010   56087    600     1.77e-08    8.79e-07
2012 06 09  0011   56087    660     1.59e-08    8.77e-07
2012 06 09  0012   56087    720     1.58e-08    8.83e-07
2012 06 09  0013   56087    780     1.73e-08    8.86e-07
2012 06 09  0014   56087    840     1.85e-08    8.85e-07
2012 06 09  0015   56087    900     1.60e-08    8.79e-07
2012 06 09  0016   56087    960     1.82e-08    8.76e-07
2012 06 09  0017   56087   1020     1.75e-08    8.74e-07
2012 06 09  0018   56087   1080     1.69e-08    8.63e-07
2012 06 09  0019   56087   1140     1.56e-08    8.58e-07
2012 06 09  0020   56087   1200     1.56e-08    8.49e-07
2012 06 09  0021   56087   1260     1.38e-08    8.33e-07
2012 06 09  0022   56087   1320     1.26e-08    8.16e-07
2012 06 09  0023   56087   1380     1.27e-08    8.01e-07
2012 06 09  0024   56087   1440     1.12e-08    7.82e-07
2012 06 09  0025   56087   1500     1.07e-08    7.66e-07
2012 06 09  0026   56087   1560     1.05e-08    7.51e-07
2012 06 09  0027   56087   1620     1.04e-08    7.35e-07
2012 06 09  0028   56087   1680     1.02e-08    7.20e-07
2012 06 09  0029   56087   1740     9.40e-09    7.02e-07
2012 06 09  0030   56087   1800     7.25e-09    6.86e-07
2012 06 09  0031   56087   1860     8.60e-09    6.70e-07
2012 06 09  0032   56087   1920     1.15e-08    6.66e-07
2012 06 09  0033   56087   1980     9.40e-09    6.58e-07
2012 06 09  0034   56087   2040     9.79e-09    6.48e-07
2012 06 09  0035   56087   2100     8.48e-09    6.38e-07
2012 06 09  0036   56087   2160     6.47e-09    6.32e-07
2012 06 09  0037   56087   2220     6.25e-09    6.30e-07
2012 06 09  0038   56087   2280     7.75e-09    6.25e-07
2012 06 09  0039   56087   2340     7.47e-09    6.20e-07
2012 06 09  0040   56087   2400     8.79e-09    6.15e-07
2012 06 09  0041   56087   2460     7.25e-09    6.11e-07
2012 06 09  0042   56087   2520     7.10e-09    6.06e-07
2012 06 09  0043   56087   2580     7.36e-09    5.99e-07
2012 06 09  0044   56087   2640     8.87e-09    5.83e-07
2012 06 09  0045   56087   2700     6.67e-09    5.78e-07
2012 06 09  0046   56087   2760     7.95e-09    5.75e-07
2012 06 09  0047   56087   2820     4.48e-09    5.70e-07
2012 06 09  0048   56087   2880     4.14e-09    5.64e-07
2012 06 09  0049   56087   2940     3.98e-09    5.57e-07
2012 06 09  0050   56087   3000     4.37e-09    5.53e-07
2012 06 09  0051   56087   3060     3.33e-09    5.49e-07
2012 06 09  0052   56087   3120     3.49e-09    5.44e-07
2012 06 09  0053   56087   3180     4.05e-09    5.35e-07
2012 06 09  0054   56087   3240     3.60e-09    5.27e-07
2012 06 09  0055   56087   3300     5.37e-09    5.22e-07
2012 06 09  0056   56087   3360     6.28e-09    5.13e-07
2012 06 09  0057   56087   3420     7.17e-09    5.12e-07
2012 06 09  0058   56087   3480     7.75e-09    5.08e-07
2012 06 09  0059   56087   3540     3.79e-09    5.13e-07
2012 06 09  0100   56087   3600     3.37e-09    5.10e-07
2012 06 09  0101   56087   3660     5.56e-09    5.06e-07
2012 06 09  0102   56087   3720     4.48e-09    5.01e-07
2012 06 09  0103   56087   3780     3.13e-09    4.99e-07
2012 06 09  0104   56087   3840     2.91e-09    4.98e-07
2012 06 09  0105   56087   3900     3.45e-09    4.92e-07
2012 06 09  0106   56087   3960     4.20e-09    4.88e-07
2012 06 09  0107   56087   4020     2.62e-09    4.86e-07
2012 06 09  0108   56087   4080     2.31e-09    4.86e-07
2012 06 09  0109   56087   4140     3.83e-09    4.88e-07
2012 06 09  0110   56087   4200     4.13e-09    4.98e-07
2012 06 09  0111   56087   4260     5.64e-09    5.12e-07
2012 06 09  0112   56087   4320     3.72e-09    5.15e-07
2012 06 09  0113   56087   4380     3.72e-09    5.07e-07
2012 06 09  0114   56087   4440     4.18e-09    5.05e-07
2012 06 09  0115   56087   4500     2.77e-09    5.03e-07
2012 06 09  0116   56087   4560     5.24e-09    5.02e-07
2012 06 09  0117   56087   4620     6.14e-09    4.99e-07
2012 06 09  0118   56087   4680     7.79e-09    5.03e-07
2012 06 09  0119   56087   4740     5.10e-09    5.02e-07
2012 06 09  0120   56087   4800     4.39e-09    5.00e-07
2012 06 09  0121   56087   4860     4.64e-09    4.91e-07
2012 06 09  0122   56087   4920     8.79e-09    4.89e-07
2012 06 09  0123   56087   4980     6.17e-09    4.91e-07
2012 06 09  0124   56087   5040     4.54e-09    4.92e-07
2012 06 09  0125   56087   5100     3.12e-09    4.92e-07
2012 06 09  0126   56087   5160     3.74e-09    4.88e-07
2012 06 09  0127   56087   5220     1.14e-09    4.87e-07
2012 06 09  0128   56087   5280     2.48e-09    4.84e-07
2012 06 09  0129   56087   5340     4.64e-09    4.82e-07
2012 06 09  0130   56087   5400     5.21e-09    4.82e-07
2012 06 09  0131   56087   5460     4.48e-09    4.79e-07
2012 06 09  0132   56087   5520     1.67e-09    4.76e-07
2012 06 09  0133   56087   5580     1.60e-09    4.71e-07
2012 06 09  0134   56087   5640     2.36e-09    4.68e-07
2012 06 09  0135   56087   5700     1.82e-09    4.71e-07
2012 06 09  0136   56087   5760     2.90e-09    4.76e-07
2012 06 09  0137   56087   5820     4.14e-09    4.76e-07
2012 06 09  0138   56087   5880     4.10e-09    4.73e-07
2012 06 09  0139   56087   5940     3.87e-09    4.70e-07
2012 06 09  0140   56087   6000     5.58e-09    4.68e-07
2012 06 09  0141   56087   6060     3.47e-09    4.65e-07
2012 06 09  0142   56087   6120     1.00e-09    4.58e-07
2012 06 09  0143   56087   6180     1.00e-09    4.57e-07
2012 06 09  0144   56087   6240     1.00e-09    4.53e-07
2012 06 09  0145   56087   6300     1.00e-09    4.53e-07
2012 06 09  0146   56087   6360     1.00e-09    4.46e-07
2012 06 09  0147   56087   6420     1.00e-09    4.48e-07
2012 06 09  0148   56087   6480     1.00e-09    4.46e-07
2012 06 09  0149   56087   6540     1.00e-09    4.46e-07
2012 06 09  0150   56087   6600     1.00e-09    4.46e-07
2012 06 09  0151   56087   6660     1.10e-09    4.48e-07
2012 06 09  0152   56087   6720     1.00e-09    4.45e-07
2012 06 09  0153   56087   6780     1.00e-09    4.39e-07
2012 06 09  0154   56087   6840     1.48e-09    4.36e-07
2012 06 09  0155   56087   6900     1.22e-09    4.39e-07
2012 06 09  0156   56087   6960     2.09e-09    4.37e-07
2012 06 09  0157   56087   7020     2.15e-09    4.42e-07
2012 06 09  0158   56087   7080     1.83e-09    4.46e-07
2012 06 09  0159   56087   7140     1.43e-09    4.53e-07
2012 06 09  0200   56087   7200     1.93e-09    4.59e-07
2012 06 09  0201   56087   7260     1.14e-09    4.72e-07
2012 06 09  0202   56087   7320     3.64e-09    4.98e-07
2012 06 09  0203   56087   7380     9.89e-09    5.32e-07
2012 06 09  0204   56087   7440     8.67e-09    5.45e-07
2012 06 09  0205   56087   7500     8.33e-09    5.56e-07
2012 06 09  0206   56087   7560     8.67e-09    5.63e-07
2012 06 09  0207   56087   7620     8.59e-09    5.70e-07
2012 06 09  0208   56087   7680     6.14e-09    5.71e-07
2012 06 09  0209   56087   7740     6.60e-09    5.82e-07
2012 06 09  0210   56087   7800     5.61e-09    5.70e-07
2012 06 09  0211   56087   7860     5.94e-09    5.72e-07
2012 06 09  0212   56087   7920     5.25e-09    5.80e-07
2012 06 09  0213   56087   7980     7.48e-09    5.94e-07
2012 06 09  0214   56087   8040     9.25e-09    6.11e-07
2012 06 09  0215   56087   8100     8.79e-09    6.15e-07
2012 06 09  0216   56087   8160     8.87e-09    6.13e-07
2012 06 09  0217   56087   8220     4.61e-09    6.10e-07
2012 06 09  0218   56087   8280     3.79e-09    6.07e-07
2012 06 09  0219   56087   8340     4.60e-09    6.11e-07
2012 06 09  0220   56087   8400     5.69e-09    6.10e-07
2012 06 09  0221   56087   8460     5.79e-09    6.07e-07
2012 06 09  0222   56087   8520     5.68e-09    6.05e-07
2012 06 09  0223   56087   8580     6.87e-09    6.03e-07
2012 06 09  0224   56087   8640     5.54e-09    6.05e-07
2012 06 09  0225   56087   8700     5.33e-09    6.10e-07
2012 06 09  0226   56087   8760     5.60e-09    6.08e-07
2012 06 09  0227   56087   8820     6.91e-09    6.07e-07
2012 06 09  0228   56087   8880     7.56e-09    6.05e-07
2012 06 09  0229   56087   8940     8.29e-09    6.03e-07
2012 06 09  0230   56087   9000     8.18e-09    6.04e-07
2012 06 09  0231   56087   9060     7.52e-09    6.02e-07
2012 06 09  0232   56087   9120     7.64e-09    5.99e-07
2012 06 09  0233   56087   9180     8.56e-09    5.97e-07
2012 06 09  0234   56087   9240     8.66e-09    5.90e-07
2012 06 09  0235   56087   9300     8.14e-09    5.83e-07
2012 06 09  0236   56087   9360     7.71e-09    5.79e-07
2012 06 09  0237   56087   9420     6.69e-09    5.71e-07
2012 06 09  0238   56087   9480     6.71e-09    5.72e-07
2012 06 09  0239   56087   9540     7.14e-09    5.69e-07
2012 06 09  0240   56087   9600     7.21e-09    5.60e-07
2012 06 09  0241   56087   9660     6.18e-09    5.56e-07
2012 06 09  0242   56087   9720     5.21e-09    5.56e-07
2012 06 09  0243   56087   9780     6.29e-09    5.51e-07
2012 06 09  0244   56087   9840     5.35e-09    5.45e-07
2012 06 09  0245   56087   9900     4.18e-09    5.41e-07
2012 06 09  0246   56087   9960     5.02e-09    5.39e-07
2012 06 09  0247   56087  10020     4.24e-09    5.37e-07
2012 06 09  0248   56087  10080     5.21e-09    5.40e-07
2012 06 09  0249   56087  10140     4.29e-09    5.41e-07
2012 06 09  0250   56087  10200     4.87e-09    5.40e-07
2012 06 09  0251   56087  10260     4.95e-09    5.41e-07
2012 06 09  0252   56087  10320     5.53e-09    5.38e-07
2012 06 09  0253   56087  10380     6.64e-09    5.41e-07
2012 06 09  0254   56087  10440     4.95e-09    5.45e-07
2012 06 09  0255   56087  10500     4.60e-09    5.50e-07
2012 06 09  0256   56087  10560     3.23e-09    5.44e-07
2012 06 09  0257   56087  10620     5.09e-09    5.45e-07
2012 06 09  0258   56087  10680     3.64e-09    5.44e-07
2012 06 09  0259   56087  10740     4.98e-09    5.47e-07
2012 06 09  0300   56087  10800     9.10e-09    5.60e-07
2012 06 09  0301   56087  10860     9.25e-09    6.16e-07
2012 06 09  0302   56087  10920     1.69e-08    7.36e-07
2012 06 09  0303   56087  10980     3.27e-08    9.00e-07
2012 06 09  0304   56087  11040     5.27e-08    1.11e-06
2012 06 09  0305   56087  11100     7.80e-08    1.33e-06
2012 06 09  0306   56087  11160     9.12e-08    1.45e-06
2012 06 09  0307   56087  11220     9.27e-08    1.49e-06
2012 06 09  0308   56087  11280     9.00e-08    1.50e-06
2012 06 09  0309   56087  11340     8.58e-08    1.50e-06
2012 06 09  0310   56087  11400     7.92e-08    1.47e-06
2012 06 09  0311   56087  11460     7.46e-08    1.43e-06
2012 06 09  0312   56087  11520     6.88e-08    1.39e-06
2012 06 09  0313   56087  11580     6.07e-08    1.35e-06
2012 06 09  0314   56087  11640     5.37e-08    1.29e-06
2012 06 09  0315   56087  11700     4.73e-08    1.23e-06
2012 06 09  0316   56087  11760     4.22e-08    1.19e-06
2012 06 09  0317   56087  11820     3.83e-08    1.14e-06
2012 06 09  0318   56087  11880     3.49e-08    1.10e-06
2012 06 09  0319   56087  11940     3.16e-08    1.06e-06
2012 06 09  0320   56087  12000     2.84e-08    1.03e-06
2012 06 09  0321   56087  12060     2.78e-08    9.92e-07
2012 06 09  0322   56087  12120     2.65e-08    9.64e-07
2012 06 09  0323   56087  12180     2.34e-08    9.34e-07
2012 06 09  0324   56087  12240     2.18e-08    9.12e-07
2012 06 09  0325   56087  12300     2.08e-08    8.95e-07
2012 06 09  0326   56087  12360     1.85e-08    8.79e-07
2012 06 09  0327   56087  12420     1.82e-08    8.59e-07
2012 06 09  0328   56087  12480     1.76e-08    8.47e-07
2012 06 09  0329   56087  12540     1.77e-08    8.36e-07
2012 06 09  0330   56087  12600     1.70e-08    8.24e-07
2012 06 09  0331   56087  12660     1.38e-08    8.15e-07
2012 06 09  0332   56087  12720     1.32e-08    8.04e-07
2012 06 09  0333   56087  12780     1.31e-08    7.98e-07
2012 06 09  0334   56087  12840     1.20e-08    7.93e-07
2012 06 09  0335   56087  12900     1.10e-08    7.82e-07
2012 06 09  0336   56087  12960     1.09e-08    7.71e-07
2012 06 09  0337   56087  13020     1.03e-08    7.67e-07
2012 06 09  0338   56087  13080     9.85e-09    7.62e-07
2012 06 09  0339   56087  13140     1.04e-08    7.59e-07
2012 06 09  0340   56087  13200     9.10e-09    7.55e-07
2012 06 09  0341   56087  13260     8.10e-09    7.58e-07
2012 06 09  0342   56087  13320     8.87e-09    7.74e-07
2012 06 09  0343   56087  13380     8.71e-09    7.78e-07
2012 06 09  0344   56087  13440     8.14e-09    7.72e-07
2012 06 09  0345   56087  13500     9.02e-09    7.72e-07
2012 06 09  0346   56087  13560     1.43e-08    7.63e-07
2012 06 09  0347   56087  13620     1.10e-08    7.56e-07
2012 06 09  0348   56087  13680     8.92e-09    7.51e-07
2012 06 09  0349   56087  13740     7.79e-09    7.41e-07
2012 06 09  0350   56087  13800     9.56e-09    7.32e-07
2012 06 09  0351   56087  13860     7.95e-09    7.19e-07
2012 06 09  0352   56087  13920     6.44e-09    7.09e-07
2012 06 09  0353   56087  13980     5.41e-09    6.99e-07
2012 06 09  0354   56087  14040     5.75e-09    6.93e-07
2012 06 09  0355   56087  14100     6.84e-09    6.84e-07
2012 06 09  0356   56087  14160     4.83e-09    6.75e-07
2012 06 09  0357   56087  14220     3.10e-09    6.65e-07
2012 06 09  0358   56087  14280     3.50e-09    6.55e-07
2012 06 09  0359   56087  14340     1.64e-09    6.46e-07
2012 06 09  0400   56087  14400     2.12e-09    6.38e-07
2012 06 09  0401   56087  14460     1.40e-09    6.30e-07
2012 06 09  0402   56087  14520     2.11e-09    6.23e-07
2012 06 09  0403   56087  14580     3.79e-09    6.12e-07
2012 06 09  0404   56087  14640     4.04e-09    6.06e-07
2012 06 09  0405   56087  14700     4.31e-09    6.06e-07
2012 06 09  0406   56087  14760     3.22e-09    5.96e-07
2012 06 09  0407   56087  14820     3.00e-09    5.90e-07
2012 06 09  0408   56087  14880     3.53e-09    5.86e-07
2012 06 09  0409   56087  14940     3.64e-09    5.80e-07
2012 06 09  0410   56087  15000     6.60e-09    5.75e-07
2012 06 09  0411   56087  15060     3.94e-09    5.69e-07
2012 06 09  0412   56087  15120     4.22e-09    5.63e-07
2012 06 09  0413   56087  15180     4.64e-09    5.60e-07
2012 06 09  0414   56087  15240     3.60e-09    5.58e-07
2012 06 09  0415   56087  15300     2.02e-09    5.59e-07
2012 06 09  0416   56087  15360     3.54e-09    5.54e-07
2012 06 09  0417   56087  15420     4.83e-09    5.51e-07
2012 06 09  0418   56087  15480     1.95e-09    5.48e-07
2012 06 09  0419   56087  15540     1.22e-09    5.46e-07
2012 06 09  0420   56087  15600     1.69e-09    5.44e-07
2012 06 09  0421   56087  15660     1.21e-09    5.43e-07
2012 06 09  0422   56087  15720     1.62e-09    5.41e-07
2012 06 09  0423   56087  15780     2.13e-09    5.31e-07
2012 06 09  0424   56087  15840     1.99e-09    5.29e-07
2012 06 09  0425   56087  15900     1.40e-09    5.24e-07
2012 06 09  0426   56087  15960     1.41e-09    5.26e-07
2012 06 09  0427   56087  16020     1.83e-09    5.32e-07
2012 06 09  0428   56087  16080     1.41e-09    5.29e-07
2012 06 09  0429   56087  16140     1.24e-09    5.22e-07
2012 06 09  0430   56087  16200     2.73e-09    5.17e-07
2012 06 09  0431   56087  16260     1.67e-09    5.16e-07
2012 06 09  0432   56087  16320     1.35e-09    5.24e-07
2012 06 09  0433   56087  16380     2.03e-09    5.19e-07
2012 06 09  0434   56087  16440     1.08e-09    5.09e-07
2012 06 09  0435   56087  16500     1.86e-09    5.03e-07
2012 06 09  0436   56087  16560     1.40e-09    5.01e-07
2012 06 09  0437   56087  16620     1.84e-09    5.00e-07
2012 06 09  0438   56087  16680     2.86e-09    4.97e-07
2012 06 09  0439   56087  16740     1.28e-09    4.96e-07
2012 06 09  0440   56087  16800     1.00e-09    4.95e-07
2012 06 09  0441   56087  16860     1.47e-09    4.94e-07
2012 06 09  0442   56087  16920     1.18e-09    4.94e-07
2012 06 09  0443   56087  16980     1.12e-09    4.89e-07
2012 06 09  0444   56087  17040     1.71e-09    4.92e-07
2012 06 09  0445   56087  17100     1.29e-09    4.90e-07
2012 06 09  0446   56087  17160     1.06e-09    4.89e-07
2012 06 09  0447   56087  17220     1.46e-09    4.88e-07
2012 06 09  0448   56087  17280     1.23e-09    4.94e-07
2012 06 09  0449   56087  17340     1.63e-09    5.15e-07
2012 06 09  0450   56087  17400     1.37e-09    5.01e-07
2012 06 09  0451   56087  17460     2.60e-09    4.94e-07
2012 06 09  0452   56087  17520     1.14e-09    4.87e-07
2012 06 09  0453   56087  17580     1.02e-09    4.85e-07
2012 06 09  0454   56087  17640     1.10e-09    4.81e-07
2012 06 09  0455   56087  17700     4.13e-09    5.35e-07
2012 06 09  0456   56087  17760     3.08e-09    5.10e-07
2012 06 09  0457   56087  17820     1.00e-09    4.91e-07
2012 06 09  0458   56087  17880     1.06e-09    4.90e-07
2012 06 09  0459   56087  17940     1.82e-09    4.83e-07
2012 06 09  0500   56087  18000     1.23e-09    4.84e-07
2012 06 09  0501   56087  18060     2.01e-09    4.78e-07
2012 06 09  0502   56087  18120     1.04e-09    4.74e-07
2012 06 09  0503   56087  18180     1.02e-09    4.70e-07
2012 06 09  0504   56087  18240     1.00e-09    4.71e-07
2012 06 09  0505   56087  18300     1.00e-09    4.73e-07
2012 06 09  0506   56087  18360     1.22e-09    4.75e-07
2012 06 09  0507   56087  18420     2.29e-09    4.95e-07
2012 06 09  0508   56087  18480     1.69e-09    4.99e-07
2012 06 09  0509   56087  18540     1.10e-09    5.04e-07
2012 06 09  0510   56087  18600     1.00e-09    4.99e-07
2012 06 09  0511   56087  18660     1.02e-09    4.91e-07
2012 06 09  0512   56087  18720     1.00e-09    4.87e-07
2012 06 09  0513   56087  18780     1.45e-09    4.81e-07
2012 06 09  0514   56087  18840     1.92e-09    4.77e-07
2012 06 09  0515   56087  18900     1.06e-09    4.74e-07
2012 06 09  0516   56087  18960     1.28e-09    4.72e-07
2012 06 09  0517   56087  19020     1.00e-09    4.65e-07
2012 06 09  0518   56087  19080     1.00e-09    4.61e-07
2012 06 09  0519   56087  19140     1.00e-09    4.58e-07
2012 06 09  0520   56087  19200     1.00e-09    4.58e-07
2012 06 09  0521   56087  19260     1.00e-09    4.62e-07
2012 06 09  0522   56087  19320     1.00e-09    4.63e-07
2012 06 09  0523   56087  19380     1.02e-09    4.63e-07
2012 06 09  0524   56087  19440     1.02e-09    4.62e-07
2012 06 09  0525   56087  19500     1.04e-09    4.61e-07
2012 06 09  0526   56087  19560     1.02e-09    4.59e-07
2012 06 09  0527   56087  19620     1.34e-09    4.60e-07
2012 06 09  0528   56087  19680     1.00e-09    4.61e-07
2012 06 09  0529   56087  19740     1.00e-09    4.57e-07
2012 06 09  0530   56087  19800     1.00e-09    4.57e-07
2012 06 09  0531   56087  19860     1.04e-09    4.54e-07
2012 06 09  0532   56087  19920     1.06e-09    4.50e-07
2012 06 09  0533   56087  19980     1.00e-09    4.48e-07
2012 06 09  0534   56087  20040     1.33e-09    4.43e-07
2012 06 09  0535   56087  20100     1.20e-09    4.41e-07
2012 06 09  0536   56087  20160     1.46e-09    4.40e-07
2012 06 09  0537   56087  20220     1.00e-09    4.41e-07
2012 06 09  0538   56087  20280     1.26e-09    4.40e-07
2012 06 09  0539   56087  20340     1.31e-09    4.42e-07
2012 06 09  0540   56087  20400     1.15e-09    4.42e-07
2012 06 09  0541   56087  20460     1.94e-09    4.39e-07
2012 06 09  0542   56087  20520     1.68e-09    4.39e-07
2012 06 09  0543   56087  20580     2.17e-09    4.41e-07
2012 06 09  0544   56087  20640     1.02e-09    4.38e-07
2012 06 09  0545   56087  20700     1.00e-09    4.34e-07
2012 06 09  0546   56087  20760     1.00e-09    4.39e-07
2012 06 09  0547   56087  20820     1.00e-09    4.37e-07
2012 06 09  0548   56087  20880     1.04e-09    4.35e-07
2012 06 09  0549   56087  20940     1.02e-09    4.36e-07
2012 06 09  0550   56087  21000     1.12e-09    4.49e-07
2012 06 09  0551   56087  21060     2.34e-09    4.64e-07
2012 06 09  0552   56087  21120     1.71e-09    4.72e-07
2012 06 09  0553   56087  21180     4.23e-09    4.95e-07
2012 06 09  0554   56087  21240     1.01e-08    5.30e-07
2012 06 09  0555   56087  21300     6.02e-09    4.95e-07
2012 06 09  0556   56087  21360     4.46e-09    4.89e-07
2012 06 09  0557   56087  21420     3.68e-09    4.88e-07
2012 06 09  0558   56087  21480     4.22e-09    4.82e-07
2012 06 09  0559   56087  21540     4.57e-09    4.77e-07
2012 06 09  0600   56087  21600     3.36e-09    4.82e-07
2012 06 09  0601   56087  21660     1.47e-09    4.75e-07
2012 06 09  0602   56087  21720     1.58e-09    4.71e-07
2012 06 09  0603   56087  21780     2.03e-09    4.70e-07
2012 06 09  0604   56087  21840     2.20e-09    4.66e-07
2012 06 09  0605   56087  21900     1.10e-09    4.64e-07
2012 06 09  0606   56087  21960     3.74e-09    4.71e-07
2012 06 09  0607   56087  22020     3.98e-09    4.82e-07
2012 06 09  0608   56087  22080     3.59e-09    4.82e-07
2012 06 09  0609   56087  22140     1.90e-09    4.80e-07
2012 06 09  0610   56087  22200     2.40e-09    4.82e-07
2012 06 09  0611   56087  22260     2.14e-09    4.92e-07
2012 06 09  0612   56087  22320     2.45e-09    4.97e-07
2012 06 09  0613   56087  22380     3.46e-09    5.00e-07
2012 06 09  0614   56087  22440     2.81e-09    5.06e-07
2012 06 09  0615   56087  22500     3.71e-09    5.05e-07
2012 06 09  0616   56087  22560     1.61e-09    5.00e-07
2012 06 09  0617   56087  22620     2.09e-09    5.01e-07
2012 06 09  0618   56087  22680     1.42e-09    5.00e-07
2012 06 09  0619   56087  22740     2.05e-09    4.91e-07
2012 06 09  0620   56087  22800     2.35e-09    4.86e-07
2012 06 09  0621   56087  22860     1.28e-09    4.87e-07
2012 06 09  0622   56087  22920     2.23e-09    4.85e-07
2012 06 09  0623   56087  22980     2.51e-09    4.81e-07
2012 06 09  0624   56087  23040     2.43e-09    4.72e-07
2012 06 09  0625   56087  23100     3.56e-09    4.72e-07
2012 06 09  0626   56087  23160     3.21e-09    4.74e-07
2012 06 09  0627   56087  23220     3.33e-09    4.88e-07
2012 06 09  0628   56087  23280     2.44e-09    4.93e-07
2012 06 09  0629   56087  23340     3.65e-09    4.90e-07
2012 06 09  0630   56087  23400     1.76e-09    5.01e-07
2012 06 09  0631   56087  23460     2.88e-09    5.19e-07
2012 06 09  0632   56087  23520     2.91e-09    5.41e-07
2012 06 09  0633   56087  23580     5.54e-09    5.52e-07
2012 06 09  0634   56087  23640     4.25e-09    5.70e-07
2012 06 09  0635   56087  23700     4.60e-09    5.79e-07
2012 06 09  0636   56087  23760     6.88e-09    5.98e-07
2012 06 09  0637   56087  23820     7.06e-09    6.20e-07
2012 06 09  0638   56087  23880     8.25e-09    6.36e-07
2012 06 09  0639   56087  23940     6.87e-09    6.47e-07
2012 06 09  0640   56087  24000     8.44e-09    6.46e-07
2012 06 09  0641   56087  24060     7.60e-09    6.38e-07
2012 06 09  0642   56087  24120     5.18e-09    6.27e-07
2012 06 09  0643   56087  24180     4.20e-09    6.12e-07
2012 06 09  0644   56087  24240     3.83e-09    6.08e-07
2012 06 09  0645   56087  24300     5.94e-09    6.04e-07
2012 06 09  0646   56087  24360     3.91e-09    6.02e-07
2012 06 09  0647   56087  24420     4.02e-09    6.04e-07
2012 06 09  0648   56087  24480     8.17e-09    6.04e-07
2012 06 09  0649   56087  24540     8.29e-09    6.23e-07
2012 06 09  0650   56087  24600     8.51e-09    6.40e-07
2012 06 09  0651   56087  24660     6.37e-09    6.28e-07
2012 06 09  0652   56087  24720     5.91e-09    6.17e-07
2012 06 09  0653   56087  24780     4.28e-09    6.13e-07
2012 06 09  0654   56087  24840     4.25e-09    6.11e-07
2012 06 09  0655   56087  24900     1.64e-09    5.93e-07
2012 06 09  0656   56087  24960     1.18e-09    5.89e-07
2012 06 09  0657   56087  25020     1.00e-09    5.79e-07
2012 06 09  0658   56087  25080     1.04e-09    5.69e-07
2012 06 09  0659   56087  25140     2.46e-09    5.59e-07
2012 06 09  0700   56087  25200     2.13e-09    5.42e-07
2012 06 09  0701   56087  25260     1.00e-09    5.28e-07
2012 06 09  0702   56087  25320     1.99e-09    5.23e-07
2012 06 09  0703   56087  25380     1.53e-09    5.19e-07
2012 06 09  0704   56087  25440     1.34e-09    5.13e-07
2012 06 09  0705   56087  25500     2.52e-09    5.11e-07
2012 06 09  0706   56087  25560     1.22e-09    5.07e-07
2012 06 09  0707   56087  25620     1.18e-09    5.05e-07
2012 06 09  0708   56087  25680     1.29e-09    5.04e-07
2012 06 09  0709   56087  25740     2.62e-09    5.03e-07
2012 06 09  0710   56087  25800     2.51e-09    5.03e-07
2012 06 09  0711   56087  25860     4.33e-09    5.00e-07
2012 06 09  0712   56087  25920     4.25e-09    5.02e-07
2012 06 09  0713   56087  25980     3.42e-09    4.98e-07
2012 06 09  0714   56087  26040     2.56e-09    4.95e-07
2012 06 09  0715   56087  26100     2.58e-09    4.95e-07
2012 06 09  0716   56087  26160     4.00e-09    4.94e-07
2012 06 09  0717   56087  26220     5.50e-09    4.92e-07
2012 06 09  0718   56087  26280     4.56e-09    4.92e-07
2012 06 09  0719   56087  26340     2.56e-09    4.91e-07
2012 06 09  0720   56087  26400     1.94e-09    4.91e-07
2012 06 09  0721   56087  26460     1.82e-09    5.16e-07
2012 06 09  0722   56087  26520     1.44e-09    5.10e-07
2012 06 09  0723   56087  26580     1.18e-09    4.94e-07
2012 06 09  0724   56087  26640     1.20e-09    4.88e-07
2012 06 09  0725   56087  26700     1.28e-09    4.82e-07
2012 06 09  0726   56087  26760     1.02e-09    4.84e-07
2012 06 09  0727   56087  26820     1.91e-09    4.87e-07
2012 06 09  0728   56087  26880     2.39e-09    4.87e-07
2012 06 09  0729   56087  26940     1.18e-09    4.85e-07
2012 06 09  0730   56087  27000     1.08e-09    4.97e-07
2012 06 09  0731   56087  27060     1.56e-09    5.08e-07
2012 06 09  0732   56087  27120     1.08e-09    5.17e-07
2012 06 09  0733   56087  27180     1.54e-09    5.44e-07
2012 06 09  0734   56087  27240     2.25e-09    5.59e-07
2012 06 09  0735   56087  27300     4.18e-09    5.55e-07
2012 06 09  0736   56087  27360     3.06e-09    5.52e-07
2012 06 09  0737   56087  27420     2.64e-09    5.55e-07
2012 06 09  0738   56087  27480     2.27e-09    5.57e-07
2012 06 09  0739   56087  27540     2.48e-09    5.53e-07
2012 06 09  0740   56087  27600     1.43e-09    5.56e-07
2012 06 09  0741   56087  27660     2.91e-09    5.57e-07
2012 06 09  0742   56087  27720     3.64e-09    5.61e-07
2012 06 09  0743   56087  27780     2.09e-09    5.70e-07
2012 06 09  0744   56087  27840     1.14e-09    5.72e-07
2012 06 09  0745   56087  27900     2.29e-09    5.70e-07
2012 06 09  0746   56087  27960     1.54e-09    5.80e-07
2012 06 09  0747   56087  28020     1.44e-09    5.76e-07
2012 06 09  0748   56087  28080     1.00e-09    5.72e-07
2012 06 09  0749   56087  28140     1.21e-09    5.77e-07
2012 06 09  0750   56087  28200     1.26e-09    5.85e-07
2012 06 09  0751   56087  28260     2.29e-09    5.92e-07
2012 06 09  0752   56087  28320     2.15e-09    6.05e-07
2012 06 09  0753   56087  28380     3.46e-09    6.20e-07
2012 06 09  0754   56087  28440     5.02e-09    6.50e-07
2012 06 09  0755   56087  28500     5.94e-09    6.90e-07
2012 06 09  0756   56087  28560     7.52e-09    7.08e-07
2012 06 09  0757   56087  28620     6.73e-09    7.02e-07
2012 06 09  0758   56087  28680     6.60e-09    6.83e-07
2012 06 09  0759   56087  28740     4.48e-09    6.68e-07
2012 06 09  0800   56087  28800     3.98e-09    6.48e-07
2012 06 09  0801   56087  28860     5.06e-09    6.37e-07
2012 06 09  0802   56087  28920     6.33e-09    6.19e-07
2012 06 09  0803   56087  28980     5.60e-09    6.06e-07
2012 06 09  0804   56087  29040     4.87e-09    5.94e-07
2012 06 09  0805   56087  29100     3.46e-09    5.86e-07
2012 06 09  0806   56087  29160     2.27e-09    5.79e-07
2012 06 09  0807   56087  29220     2.43e-09    5.73e-07
2012 06 09  0808   56087  29280     2.40e-09    5.67e-07
2012 06 09  0809   56087  29340     2.66e-09    5.61e-07
2012 06 09  0810   56087  29400     2.08e-09    5.60e-07
2012 06 09  0811   56087  29460     4.75e-09    5.57e-07
2012 06 09  0812   56087  29520     4.98e-09    5.57e-07
2012 06 09  0813   56087  29580     2.98e-09    5.53e-07
2012 06 09  0814   56087  29640     4.09e-09    5.48e-07
2012 06 09  0815   56087  29700     4.98e-09    5.42e-07
2012 06 09  0816   56087  29760     4.56e-09    5.41e-07
2012 06 09  0817   56087  29820     4.13e-09    5.42e-07
2012 06 09  0818   56087  29880     3.64e-09    5.41e-07
2012 06 09  0819   56087  29940     3.59e-09    5.38e-07
2012 06 09  0820   56087  30000     1.24e-09    5.36e-07
2012 06 09  0821   56087  30060     1.14e-09    5.32e-07
2012 06 09  0822   56087  30120     2.05e-09    5.30e-07
2012 06 09  0823   56087  30180     3.48e-09    5.26e-07
2012 06 09  0824   56087  30240     1.32e-09    5.28e-07
2012 06 09  0825   56087  30300     1.39e-09    5.25e-07
2012 06 09  0826   56087  30360     1.29e-09    5.24e-07
2012 06 09  0827   56087  30420     1.81e-09    5.23e-07
2012 06 09  0828   56087  30480     1.59e-09    5.22e-07
2012 06 09  0829   56087  30540     1.90e-09    5.25e-07
2012 06 09  0830   56087  30600     3.10e-09    5.29e-07
2012 06 09  0831   56087  30660     4.28e-09    5.30e-07
2012 06 09  0832   56087  30720     1.14e-09    5.36e-07
2012 06 09  0833   56087  30780     2.83e-09    5.36e-07
2012 06 09  0834   56087  30840     3.13e-09    5.40e-07
2012 06 09  0835   56087  30900     2.91e-09    5.45e-07
2012 06 09  0836   56087  30960     3.72e-09    5.37e-07
2012 06 09  0837   56087  31020     3.53e-09    5.35e-07
2012 06 09  0838   56087  31080     4.14e-09    5.32e-07
2012 06 09  0839   56087  31140     3.73e-09    5.28e-07
2012 06 09  0840   56087  31200     3.52e-09    5.28e-07
2012 06 09  0841   56087  31260     2.78e-09    5.29e-07
2012 06 09  0842   56087  31320     1.77e-09    5.38e-07
2012 06 09  0843   56087  31380     3.91e-09    5.39e-07
2012 06 09  0844   56087  31440     4.78e-09    5.51e-07
2012 06 09  0845   56087  31500     4.25e-09    5.69e-07
2012 06 09  0846   56087  31560     3.91e-09    5.73e-07
2012 06 09  0847   56087  31620     6.21e-09    5.77e-07
2012 06 09  0848   56087  31680     4.87e-09    5.89e-07
2012 06 09  0849   56087  31740     4.02e-09    6.02e-07
2012 06 09  0850   56087  31800     7.87e-09    6.33e-07
2012 06 09  0851   56087  31860     8.03e-09    6.64e-07
2012 06 09  0852   56087  31920     1.07e-08    6.86e-07
2012 06 09  0853   56087  31980     1.09e-08    7.03e-07
2012 06 09  0854   56087  32040     1.29e-08    7.10e-07
2012 06 09  0855   56087  32100     1.18e-08    6.96e-07
2012 06 09  0856   56087  32160     6.79e-09    6.77e-07
2012 06 09  0857   56087  32220     4.52e-09    6.64e-07
2012 06 09  0858   56087  32280     3.91e-09    6.51e-07
2012 06 09  0859   56087  32340     3.56e-09    6.48e-07
2012 06 09  0900   56087  32400     4.41e-09    6.50e-07
2012 06 09  0901   56087  32460     5.06e-09    6.51e-07
2012 06 09  0902   56087  32520     4.91e-09    6.60e-07
2012 06 09  0903   56087  32580     4.95e-09    6.65e-07
2012 06 09  0904   56087  32640     6.91e-09    6.85e-07
2012 06 09  0905   56087  32700     7.17e-09    6.86e-07
2012 06 09  0906   56087  32760     5.83e-09    6.81e-07
2012 06 09  0907   56087  32820     5.48e-09    6.74e-07
2012 06 09  0908   56087  32880     4.65e-09    6.72e-07
2012 06 09  0909   56087  32940     5.60e-09    6.69e-07
2012 06 09  0910   56087  33000     4.56e-09    6.76e-07
2012 06 09  0911   56087  33060     4.39e-09    6.82e-07
2012 06 09  0912   56087  33120     4.46e-09    6.82e-07
2012 06 09  0913   56087  33180     5.10e-09    6.74e-07
2012 06 09  0914   56087  33240     4.17e-09    6.73e-07
2012 06 09  0915   56087  33300     4.02e-09    6.79e-07
2012 06 09  0916   56087  33360     4.29e-09    6.78e-07
2012 06 09  0917   56087  33420     4.79e-09    6.72e-07
2012 06 09  0918   56087  33480     4.69e-09    6.67e-07
2012 06 09  0919   56087  33540     4.48e-09    6.66e-07
2012 06 09  0920   56087  33600     5.10e-09    6.65e-07
2012 06 09  0921   56087  33660     4.50e-09    6.69e-07
2012 06 09  0922   56087  33720     3.41e-09    6.68e-07
2012 06 09  0923   56087  33780     4.41e-09    6.68e-07
2012 06 09  0924   56087  33840     6.39e-09    6.77e-07
2012 06 09  0925   56087  33900     6.87e-09    7.04e-07
2012 06 09  0926   56087  33960     7.17e-09    7.21e-07
2012 06 09  0927   56087  34020     6.71e-09    7.21e-07
2012 06 09  0928   56087  34080     9.11e-09    7.45e-07
2012 06 09  0929   56087  34140     1.22e-08    7.68e-07
2012 06 09  0930   56087  34200     1.21e-08    7.72e-07
2012 06 09  0931   56087  34260     1.06e-08    7.70e-07
2012 06 09  0932   56087  34320     1.16e-08    7.66e-07
2012 06 09  0933   56087  34380     1.02e-08    7.61e-07
2012 06 09  0934   56087  34440     9.10e-09    7.56e-07
2012 06 09  0935   56087  34500     9.33e-09    7.60e-07
2012 06 09  0936   56087  34560     1.01e-08    7.73e-07
2012 06 09  0937   56087  34620     1.30e-08    8.05e-07
2012 06 09  0938   56087  34680     1.38e-08    8.16e-07
2012 06 09  0939   56087  34740     1.68e-08    8.38e-07
2012 06 09  0940   56087  34800     1.62e-08    8.49e-07
2012 06 09  0941   56087  34860     1.53e-08    8.56e-07
2012 06 09  0942   56087  34920     1.50e-08    8.60e-07
2012 06 09  0943   56087  34980     1.25e-08    8.44e-07
2012 06 09  0944   56087  35040     1.10e-08    8.19e-07
2012 06 09  0945   56087  35100     9.44e-09    7.98e-07
2012 06 09  0946   56087  35160     5.98e-09    7.86e-07
2012 06 09  0947   56087  35220     6.25e-09    7.86e-07
2012 06 09  0948   56087  35280     5.99e-09    7.80e-07
2012 06 09  0949   56087  35340     7.02e-09    7.82e-07
2012 06 09  0950   56087  35400     5.52e-09    7.85e-07
2012 06 09  0951   56087  35460     6.62e-09    7.77e-07
2012 06 09  0952   56087  35520     8.10e-09    7.87e-07
2012 06 09  0953   56087  35580     7.67e-09    7.93e-07
2012 06 09  0954   56087  35640     8.79e-09    8.00e-07
2012 06 09  0955   56087  35700     1.03e-08    8.31e-07
2012 06 09  0956   56087  35760     1.13e-08    8.53e-07
2012 06 09  0957   56087  35820     1.51e-08    8.79e-07
2012 06 09  0958   56087  35880     1.27e-08    8.86e-07
2012 06 09  0959   56087  35940     1.25e-08    8.75e-07
2012 06 09  1000   56087  36000     8.29e-09    8.61e-07
2012 06 09  1001   56087  36060     6.18e-09    8.35e-07
2012 06 09  1002   56087  36120     5.50e-09    8.15e-07
2012 06 09  1003   56087  36180     5.71e-09    7.98e-07
2012 06 09  1004   56087  36240     5.87e-09    7.90e-07
2012 06 09  1005   56087  36300     5.67e-09    7.83e-07
2012 06 09  1006   56087  36360     5.52e-09    7.79e-07
2012 06 09  1007   56087  36420     6.21e-09    7.76e-07
2012 06 09  1008   56087  36480     6.62e-09    7.71e-07
2012 06 09  1009   56087  36540     6.94e-09    7.66e-07
2012 06 09  1010   56087  36600     7.37e-09    7.57e-07
2012 06 09  1011   56087  36660     6.25e-09    7.54e-07
2012 06 09  1012   56087  36720     6.77e-09    7.52e-07
2012 06 09  1013   56087  36780     6.10e-09    7.57e-07
2012 06 09  1014   56087  36840     5.60e-09    7.53e-07
2012 06 09  1015   56087  36900     5.95e-09    7.52e-07
2012 06 09  1016   56087  36960     6.71e-09    7.64e-07
2012 06 09  1017   56087  37020     6.29e-09    7.60e-07
2012 06 09  1018   56087  37080     6.28e-09    7.51e-07
2012 06 09  1019   56087  37140     6.18e-09    7.50e-07
2012 06 09  1020   56087  37200     1.03e-08    7.49e-07
2012 06 09  1021   56087  37260     1.07e-08    7.51e-07
2012 06 09  1022   56087  37320     1.06e-08    7.62e-07
2012 06 09  1023   56087  37380     1.22e-08    7.94e-07
2012 06 09  1024   56087  37440     1.22e-08    8.10e-07
2012 06 09  1025   56087  37500     1.33e-08    8.08e-07
2012 06 09  1026   56087  37560     1.34e-08    8.23e-07
2012 06 09  1027   56087  37620     1.61e-08    8.67e-07
2012 06 09  1028   56087  37680     3.21e-08    9.64e-07
2012 06 09  1029   56087  37740     6.41e-08    1.12e-06
2012 06 09  1030   56087  37800     1.09e-07    1.37e-06
2012 06 09  1031   56087  37860     1.27e-07    1.57e-06
2012 06 09  1032   56087  37920     1.17e-07    1.60e-06
2012 06 09  1033   56087  37980     9.47e-08    1.53e-06
2012 06 09  1034   56087  38040     7.25e-08    1.42e-06
2012 06 09  1035   56087  38100     5.75e-08    1.32e-06
2012 06 09  1036   56087  38160     4.43e-08    1.23e-06
2012 06 09  1037   56087  38220     3.37e-08    1.14e-06
2012 06 09  1038   56087  38280     2.69e-08    1.06e-06
2012 06 09  1039   56087  38340     2.00e-08    1.01e-06
2012 06 09  1040   56087  38400     1.90e-08    9.92e-07
2012 06 09  1041   56087  38460     1.59e-08    9.68e-07
2012 06 09  1042   56087  38520     1.31e-08    9.25e-07
2012 06 09  1043   56087  38580     1.66e-08    9.18e-07
2012 06 09  1044   56087  38640     1.49e-08    8.99e-07
2012 06 09  1045   56087  38700     1.30e-08    8.74e-07
2012 06 09  1046   56087  38760     1.26e-08    8.64e-07
2012 06 09  1047   56087  38820     1.27e-08    8.63e-07
2012 06 09  1048   56087  38880     1.25e-08    8.65e-07
2012 06 09  1049   56087  38940     1.38e-08    8.72e-07
2012 06 09  1050   56087  39000     1.49e-08    9.04e-07
2012 06 09  1051   56087  39060     2.01e-08    9.69e-07
2012 06 09  1052   56087  39120     2.88e-08    1.11e-06
2012 06 09  1053   56087  39180     3.35e-08    1.22e-06
2012 06 09  1054   56087  39240     3.28e-08    1.24e-06
2012 06 09  1055   56087  39300     3.11e-08    1.22e-06
2012 06 09  1056   56087  39360     3.32e-08    1.23e-06
2012 06 09  1057   56087  39420     3.62e-08    1.25e-06
2012 06 09  1058   56087  39480     3.98e-08    1.29e-06
2012 06 09  1059   56087  39540     4.01e-08    1.31e-06
2012 06 09  1100   56087  39600     3.91e-08    1.32e-06
2012 06 09  1101   56087  39660     3.93e-08    1.33e-06
2012 06 09  1102   56087  39720     3.76e-08    1.34e-06
2012 06 09  1103   56087  39780     3.87e-08    1.35e-06
2012 06 09  1104   56087  39840     3.90e-08    1.34e-06
2012 06 09  1105   56087  39900     3.59e-08    1.33e-06
2012 06 09  1106   56087  39960     3.38e-08    1.33e-06
2012 06 09  1107   56087  40020     3.20e-08    1.32e-06
2012 06 09  1108   56087  40080     3.07e-08    1.30e-06
2012 06 09  1109   56087  40140     2.93e-08    1.28e-06
2012 06 09  1110   56087  40200     2.88e-08    1.28e-06
2012 06 09  1111   56087  40260     2.87e-08    1.27e-06
2012 06 09  1112   56087  40320     2.73e-08    1.27e-06
2012 06 09  1113   56087  40380     2.76e-08    1.28e-06
2012 06 09  1114   56087  40440     2.67e-08    1.29e-06
2012 06 09  1115   56087  40500     2.86e-08    1.33e-06
2012 06 09  1116   56087  40560     3.78e-08    1.41e-06
2012 06 09  1117   56087  40620     4.54e-08    1.53e-06
2012 06 09  1118   56087  40680     5.18e-08    1.63e-06
2012 06 09  1119   56087  40740     5.63e-08    1.72e-06
2012 06 09  1120   56087  40800     6.84e-08    1.88e-06
2012 06 09  1121   56087  40860     8.60e-08    2.09e-06
2012 06 09  1122   56087  40920     1.21e-07    2.41e-06
2012 06 09  1123   56087  40980     1.56e-07    2.68e-06
2012 06 09  1124   56087  41040     1.64e-07    2.80e-06
2012 06 09  1125   56087  41100     1.71e-07    2.90e-06
2012 06 09  1126   56087  41160     1.70e-07    2.91e-06
2012 06 09  1127   56087  41220     1.71e-07    2.94e-06
2012 06 09  1128   56087  41280     1.85e-07    3.08e-06
2012 06 09  1129   56087  41340     2.41e-07    3.50e-06
2012 06 09  1130   56087  41400     5.21e-07    4.71e-06
2012 06 09  1131   56087  41460     3.21e-06    1.27e-05
2012 06 09  1132   56087  41520     4.28e-06    1.97e-05
2012 06 09  1133   56087  41580     2.39e-06    1.58e-05
2012 06 09  1134   56087  41640     1.78e-06    1.19e-05
2012 06 09  1135   56087  41700     1.37e-06    9.94e-06
2012 06 09  1136   56087  41760     8.14e-07    7.79e-06
2012 06 09  1137   56087  41820     5.15e-07    6.12e-06
2012 06 09  1138   56087  41880     3.26e-07    4.89e-06
2012 06 09  1139   56087  41940     2.09e-07    4.03e-06
2012 06 09  1140   56087  42000     1.46e-07    3.44e-06
2012 06 09  1141   56087  42060     1.15e-07    3.06e-06
2012 06 09  1142   56087  42120     9.83e-08    2.81e-06
2012 06 09  1143   56087  42180     8.54e-08    2.62e-06
2012 06 09  1144   56087  42240     7.97e-08    2.49e-06
2012 06 09  1145   56087  42300     7.48e-08    2.40e-06
2012 06 09  1146   56087  42360     7.17e-08    2.33e-06
2012 06 09  1147   56087  42420     6.76e-08    2.27e-06
2012 06 09  1148   56087  42480     6.35e-08    2.21e-06
2012 06 09  1149   56087  42540     5.99e-08    2.15e-06
2012 06 09  1150   56087  42600     5.82e-08    2.10e-06
2012 06 09  1151   56087  42660     5.38e-08    2.04e-06
2012 06 09  1152   56087  42720     5.01e-08    2.00e-06
2012 06 09  1153   56087  42780     4.78e-08    1.96e-06
2012 06 09  1154   56087  42840     4.48e-08    1.92e-06
2012 06 09  1155   56087  42900     4.12e-08    1.88e-06
2012 06 09  1156   56087  42960     3.97e-08    1.84e-06
2012 06 09  1157   56087  43020     3.40e-08    1.80e-06
2012 06 09  1158   56087  43080     3.44e-08    1.77e-06
2012 06 09  1159   56087  43140     3.15e-08    1.74e-06
2012 06 09  1200   56087  43200     3.19e-08    1.71e-06
2012 06 09  1201   56087  43260     3.23e-08    1.69e-06
2012 06 09  1202   56087  43320     3.01e-08    1.69e-06
2012 06 09  1203   56087  43380     3.30e-08    1.70e-06
2012 06 09  1204   56087  43440     3.60e-08    1.70e-06
2012 06 09  1205   56087  43500     3.73e-08    1.70e-06
2012 06 09  1206   56087  43560     3.50e-08    1.68e-06
2012 06 09  1207   56087  43620     3.19e-08    1.64e-06
2012 06 09  1208   56087  43680     2.97e-08    1.61e-06
2012 06 09  1209   56087  43740     3.05e-08    1.61e-06
2012 06 09  1210   56087  43800     3.56e-08    1.62e-06
2012 06 09  1211   56087  43860     3.88e-08    1.64e-06
2012 06 09  1212   56087  43920     4.32e-08    1.68e-06
2012 06 09  1213   56087  43980     4.15e-08    1.71e-06
2012 06 09  1214   56087  44040     3.86e-08    1.70e-06
2012 06 09  1215   56087  44100     3.50e-08    1.67e-06
2012 06 09  1216   56087  44160     3.25e-08    1.64e-06
2012 06 09  1217   56087  44220     3.08e-08    1.60e-06
2012 06 09  1218   56087  44280     2.86e-08    1.57e-06
2012 06 09  1219   56087  44340     2.86e-08    1.54e-06
2012 06 09  1220   56087  44400     2.92e-08    1.52e-06
2012 06 09  1221   56087  44460     2.73e-08    1.51e-06
2012 06 09  1222   56087  44520     2.82e-08    1.54e-06
2012 06 09  1223   56087  44580     2.82e-08    1.55e-06
2012 06 09  1224   56087  44640     2.49e-08    1.49e-06
2012 06 09  1225   56087  44700     2.47e-08    1.44e-06
2012 06 09  1226   56087  44760     2.07e-08    1.40e-06
2012 06 09  1227   56087  44820     2.07e-08    1.38e-06
2012 06 09  1228   56087  44880     2.04e-08    1.36e-06
2012 06 09  1229   56087  44940     2.04e-08    1.34e-06
2012 06 09  1230   56087  45000     2.07e-08    1.35e-06
2012 06 09  1231   56087  45060     2.07e-08    1.35e-06
2012 06 09  1232   56087  45120     1.98e-08    1.34e-06
2012 06 09  1233   56087  45180     1.52e-08    1.31e-06
2012 06 09  1234   56087  45240     1.40e-08    1.29e-06
2012 06 09  1235   56087  45300     1.54e-08    1.28e-06
2012 06 09  1236   56087  45360     1.77e-08    1.28e-06
2012 06 09  1237   56087  45420     1.83e-08    1.29e-06
2012 06 09  1238   56087  45480     2.07e-08    1.29e-06
2012 06 09  1239   56087  45540     2.42e-08    1.31e-06
2012 06 09  1240   56087  45600     2.25e-08    1.31e-06
2012 06 09  1241   56087  45660     2.32e-08    1.32e-06
2012 06 09  1242   56087  45720     2.40e-08    1.34e-06
2012 06 09  1243   56087  45780     2.96e-08    1.37e-06
2012 06 09  1244   56087  45840     2.84e-08    1.38e-06
2012 06 09  1245   56087  45900     2.78e-08    1.40e-06
2012 06 09  1246   56087  45960     2.60e-08    1.40e-06
2012 06 09  1247   56087  46020     2.57e-08    1.40e-06
2012 06 09  1248   56087  46080     2.69e-08    1.40e-06
2012 06 09  1249   56087  46140     2.73e-08    1.37e-06
2012 06 09  1250   56087  46200     2.62e-08    1.36e-06
2012 06 09  1251   56087  46260     2.56e-08    1.33e-06
2012 06 09  1252   56087  46320     2.20e-08    1.30e-06
2012 06 09  1253   56087  46380     2.12e-08    1.28e-06
2012 06 09  1254   56087  46440     1.82e-08    1.25e-06
2012 06 09  1255   56087  46500     1.64e-08    1.24e-06
2012 06 09  1256   56087  46560     1.58e-08    1.21e-06
2012 06 09  1257   56087  46620     1.43e-08    1.19e-06
2012 06 09  1258   56087  46680     1.61e-08    1.17e-06
2012 06 09  1259   56087  46740     1.49e-08    1.17e-06
2012 06 09  1300   56087  46800     1.49e-08    1.16e-06
2012 06 09  1301   56087  46860     1.42e-08    1.15e-06
2012 06 09  1302   56087  46920     1.43e-08    1.12e-06
2012 06 09  1303   56087  46980     1.31e-08    1.10e-06
2012 06 09  1304   56087  47040     1.03e-08    1.08e-06
2012 06 09  1305   56087  47100     1.00e-08    1.07e-06
2012 06 09  1306   56087  47160     1.03e-08    1.05e-06
2012 06 09  1307   56087  47220     1.16e-08    1.03e-06
2012 06 09  1308   56087  47280     1.12e-08    1.02e-06
2012 06 09  1309   56087  47340     1.09e-08    1.01e-06
2012 06 09  1310   56087  47400     9.96e-09    9.96e-07
2012 06 09  1311   56087  47460     8.56e-09    9.91e-07
2012 06 09  1312   56087  47520     8.79e-09    9.91e-07
2012 06 09  1313   56087  47580     1.21e-08    9.86e-07
2012 06 09  1314   56087  47640     1.14e-08    9.78e-07
2012 06 09  1315   56087  47700     1.10e-08    9.73e-07
2012 06 09  1316   56087  47760     9.94e-09    9.65e-07
2012 06 09  1317   56087  47820     1.01e-08    9.52e-07
2012 06 09  1318   56087  47880     9.25e-09    9.39e-07
2012 06 09  1319   56087  47940     8.40e-09    9.33e-07
2012 06 09  1320   56087  48000     8.59e-09    9.22e-07
2012 06 09  1321   56087  48060     8.40e-09    9.12e-07
2012 06 09  1322   56087  48120     9.02e-09    8.99e-07
2012 06 09  1323   56087  48180     9.25e-09    8.86e-07
2012 06 09  1324   56087  48240     1.03e-08    8.79e-07
2012 06 09  1325   56087  48300     1.08e-08    8.86e-07
2012 06 09  1326   56087  48360     8.56e-09    8.80e-07
2012 06 09  1327   56087  48420     8.40e-09    8.84e-07
2012 06 09  1328   56087  48480     7.71e-09    8.84e-07
2012 06 09  1329   56087  48540     9.63e-09    8.89e-07
2012 06 09  1330   56087  48600     8.47e-09    8.84e-07
2012 06 09  1331   56087  48660     9.25e-09    8.83e-07
2012 06 09  1332   56087  48720     1.06e-08    9.02e-07
2012 06 09  1333   56087  48780     1.09e-08    9.17e-07
2012 06 09  1334   56087  48840     1.29e-08    9.36e-07
2012 06 09  1335   56087  48900     1.61e-08    9.42e-07
2012 06 09  1336   56087  48960     1.04e-08    9.23e-07
2012 06 09  1337   56087  49020     1.27e-08    9.25e-07
2012 06 09  1338   56087  49080     1.54e-08    9.27e-07
2012 06 09  1339   56087  49140     1.51e-08    9.19e-07
2012 06 09  1340   56087  49200     1.47e-08    9.07e-07
2012 06 09  1341   56087  49260     1.35e-08    8.97e-07
2012 06 09  1342   56087  49320     1.22e-08    8.74e-07
2012 06 09  1343   56087  49380     1.30e-08    8.46e-07
2012 06 09  1344   56087  49440     1.39e-08    8.27e-07
2012 06 09  1345   56087  49500     9.63e-09    8.16e-07
2012 06 09  1346   56087  49560     9.29e-09    8.19e-07
2012 06 09  1347   56087  49620     9.77e-09    8.23e-07
2012 06 09  1348   56087  49680     1.17e-08    8.39e-07
2012 06 09  1349   56087  49740     1.11e-08    8.57e-07
2012 06 09  1350   56087  49800     1.14e-08    8.77e-07
2012 06 09  1351   56087  49860     1.08e-08    8.89e-07
2012 06 09  1352   56087  49920     1.64e-08    9.39e-07
2012 06 09  1353   56087  49980     2.62e-08    1.03e-06
2012 06 09  1354   56087  50040     2.97e-08    1.11e-06
2012 06 09  1355   56087  50100     2.82e-08    1.13e-06
2012 06 09  1356   56087  50160     2.44e-08    1.13e-06
2012 06 09  1357   56087  50220     2.10e-08    1.11e-06
2012 06 09  1358   56087  50280     1.92e-08    1.08e-06
2012 06 09  1359   56087  50340     1.81e-08    1.07e-06
2012 06 09  1400   56087  50400     1.81e-08    1.06e-06
2012 06 09  1401   56087  50460     1.82e-08    1.05e-06
2012 06 09  1402   56087  50520     1.66e-08    1.05e-06
2012 06 09  1403   56087  50580     2.98e-08    1.17e-06
2012 06 09  1404   56087  50640     3.51e-08    1.25e-06
2012 06 09  1405   56087  50700     3.27e-08    1.25e-06
2012 06 09  1406   56087  50760     2.83e-08    1.22e-06
2012 06 09  1407   56087  50820     2.20e-08    1.17e-06
2012 06 09  1408   56087  50880     1.68e-08    1.11e-06
2012 06 09  1409   56087  50940     1.56e-08    1.06e-06
2012 06 09  1410   56087  51000     1.65e-08    1.05e-06
2012 06 09  1411   56087  51060     1.91e-08    1.06e-06
2012 06 09  1412   56087  51120     1.86e-08    1.07e-06
2012 06 09  1413   56087  51180     1.91e-08    1.07e-06
2012 06 09  1414   56087  51240     2.29e-08    1.08e-06
2012 06 09  1415   56087  51300     2.08e-08    1.07e-06
2012 06 09  1416   56087  51360     1.94e-08    1.04e-06
2012 06 09  1417   56087  51420     2.32e-08    1.07e-06
2012 06 09  1418   56087  51480     2.75e-08    1.11e-06
2012 06 09  1419   56087  51540     3.15e-08    1.17e-06
2012 06 09  1420   56087  51600     2.49e-08    1.12e-06
2012 06 09  1421   56087  51660     1.86e-08    1.05e-06
2012 06 09  1422   56087  51720     1.58e-08    1.00e-06
2012 06 09  1423   56087  51780     1.42e-08    9.73e-07
2012 06 09  1424   56087  51840     1.49e-08    9.50e-07
2012 06 09  1425   56087  51900     1.62e-08    9.31e-07
2012 06 09  1426   56087  51960     1.43e-08    9.16e-07
2012 06 09  1427   56087  52020     1.26e-08    9.14e-07
2012 06 09  1428   56087  52080     1.78e-08    9.50e-07
2012 06 09  1429   56087  52140     2.33e-08    1.00e-06
2012 06 09  1430   56087  52200     2.60e-08    1.05e-06
2012 06 09  1431   56087  52260     3.17e-08    1.10e-06
2012 06 09  1432   56087  52320     3.55e-08    1.15e-06
2012 06 09  1433   56087  52380     3.60e-08    1.18e-06
2012 06 09  1434   56087  52440     3.36e-08    1.18e-06
2012 06 09  1435   56087  52500     3.20e-08    1.19e-06
2012 06 09  1436   56087  52560     2.99e-08    1.18e-06
2012 06 09  1437   56087  52620     2.75e-08    1.15e-06
2012 06 09  1438   56087  52680     2.83e-08    1.15e-06
2012 06 09  1439   56087  52740     3.30e-08    1.16e-06
2012 06 09  1440   56087  52800     3.87e-08    1.18e-06
2012 06 09  1441   56087  52860     4.01e-08    1.22e-06
2012 06 09  1442   56087  52920     4.38e-08    1.25e-06
2012 06 09  1443   56087  52980     4.56e-08    1.27e-06
2012 06 09  1444   56087  53040     4.40e-08    1.28e-06
2012 06 09  1445   56087  53100     4.20e-08    1.28e-06
2012 06 09  1446   56087  53160     4.26e-08    1.30e-06
2012 06 09  1447   56087  53220     3.64e-08    1.26e-06
2012 06 09  1448   56087  53280     3.05e-08    1.20e-06
2012 06 09  1449   56087  53340     2.48e-08    1.15e-06
2012 06 09  1450   56087  53400     2.17e-08    1.11e-06
2012 06 09  1451   56087  53460     1.97e-08    1.06e-06
2012 06 09  1452   56087  53520     1.64e-08    1.02e-06
2012 06 09  1453   56087  53580     1.52e-08    9.89e-07
2012 06 09  1454   56087  53640     1.35e-08    9.62e-07
2012 06 09  1455   56087  53700     1.23e-08    9.34e-07
2012 06 09  1456   56087  53760     1.15e-08    9.00e-07
2012 06 09  1457   56087  53820     1.07e-08    8.83e-07
2012 06 09  1458   56087  53880     1.70e-08    9.16e-07
2012 06 09  1459   56087  53940     2.90e-08    9.95e-07
2012 06 09  1500   56087  54000     3.08e-08    1.03e-06
2012 06 09  1501   56087  54060     2.47e-08    9.83e-07
2012 06 09  1502   56087  54120     1.82e-08    9.15e-07
2012 06 09  1503   56087  54180     1.32e-08    8.65e-07
2012 06 09  1504   56087  54240     9.48e-09    8.34e-07
2012 06 09  1505   56087  54300     1.09e-08    8.26e-07
2012 06 09  1506   56087  54360     8.52e-09    8.20e-07
2012 06 09  1507   56087  54420     1.13e-08    8.60e-07
2012 06 09  1508   56087  54480     1.42e-08    9.04e-07
2012 06 09  1509   56087  54540     1.13e-08    8.89e-07
2012 06 09  1510   56087  54600     1.08e-08    8.72e-07
2012 06 09  1511   56087  54660     1.27e-08    8.66e-07
2012 06 09  1512   56087  54720     1.24e-08    8.33e-07
2012 06 09  1513   56087  54780     9.33e-09    8.10e-07
2012 06 09  1514   56087  54840     1.14e-08    7.91e-07
2012 06 09  1515   56087  54900     1.21e-08    7.91e-07
2012 06 09  1516   56087  54960     1.11e-08    7.99e-07
2012 06 09  1517   56087  55020     9.60e-09    8.07e-07
2012 06 09  1518   56087  55080     9.55e-09    8.01e-07
2012 06 09  1519   56087  55140     8.10e-09    7.91e-07
2012 06 09  1520   56087  55200     1.06e-08    7.96e-07
2012 06 09  1521   56087  55260     1.35e-08    8.24e-07
2012 06 09  1522   56087  55320     1.58e-08    8.65e-07
2012 06 09  1523   56087  55380     1.37e-08    8.56e-07
2012 06 09  1524   56087  55440     2.36e-08    9.06e-07
2012 06 09  1525   56087  55500     6.52e-08    1.25e-06
2012 06 09  1526   56087  55560     1.26e-07    1.70e-06
2012 06 09  1527   56087  55620     1.11e-07    1.73e-06
2012 06 09  1528   56087  55680     7.92e-08    1.62e-06
2012 06 09  1529   56087  55740     5.68e-08    1.47e-06
2012 06 09  1530   56087  55800     4.80e-08    1.36e-06
2012 06 09  1531   56087  55860     4.41e-08    1.29e-06
2012 06 09  1532   56087  55920     3.87e-08    1.22e-06
2012 06 09  1533   56087  55980     3.52e-08    1.16e-06
2012 06 09  1534   56087  56040     2.94e-08    1.11e-06
2012 06 09  1535   56087  56100     2.72e-08    1.08e-06
2012 06 09  1536   56087  56160     2.76e-08    1.08e-06
2012 06 09  1537   56087  56220     2.90e-08    1.09e-06
2012 06 09  1538   56087  56280     3.18e-08    1.12e-06
2012 06 09  1539   56087  56340     3.67e-08    1.16e-06
2012 06 09  1540   56087  56400     5.07e-08    1.24e-06
2012 06 09  1541   56087  56460     6.84e-08    1.37e-06
2012 06 09  1542   56087  56520     7.08e-08    1.43e-06
2012 06 09  1543   56087  56580     6.51e-08    1.43e-06
2012 06 09  1544   56087  56640     5.68e-08    1.42e-06
2012 06 09  1545   56087  56700     5.16e-08    1.39e-06
2012 06 09  1546   56087  56760     4.52e-08    1.34e-06
2012 06 09  1547   56087  56820     4.02e-08    1.28e-06
2012 06 09  1548   56087  56880     3.58e-08    1.22e-06
2012 06 09  1549   56087  56940     3.16e-08    1.17e-06
2012 06 09  1550   56087  57000     2.83e-08    1.12e-06
2012 06 09  1551   56087  57060     2.50e-08    1.09e-06
2012 06 09  1552   56087  57120     2.26e-08    1.05e-06
2012 06 09  1553   56087  57180     2.36e-08    1.03e-06
2012 06 09  1554   56087  57240     2.28e-08    1.01e-06
2012 06 09  1555   56087  57300     2.03e-08    9.99e-07
2012 06 09  1556   56087  57360     1.92e-08    9.81e-07
2012 06 09  1557   56087  57420     1.94e-08    9.69e-07
2012 06 09  1558   56087  57480     1.92e-08    9.62e-07
2012 06 09  1559   56087  57540     1.80e-08    9.49e-07
2012 06 09  1600   56087  57600     1.86e-08    9.38e-07
2012 06 09  1601   56087  57660     2.08e-08    9.24e-07
2012 06 09  1602   56087  57720     1.80e-08    9.27e-07
2012 06 09  1603   56087  57780     1.96e-08    9.39e-07
2012 06 09  1604   56087  57840     1.93e-08    9.28e-07
2012 06 09  1605   56087  57900     1.59e-08    9.07e-07
2012 06 09  1606   56087  57960     1.49e-08    8.99e-07
2012 06 09  1607   56087  58020     1.42e-08    8.92e-07
2012 06 09  1608   56087  58080     1.84e-08    9.14e-07
2012 06 09  1609   56087  58140     1.79e-08    9.16e-07
2012 06 09  1610   56087  58200     2.02e-08    9.40e-07
2012 06 09  1611   56087  58260     2.09e-08    9.59e-07
2012 06 09  1612   56087  58320     2.48e-08    9.87e-07
2012 06 09  1613   56087  58380     4.41e-08    1.11e-06
2012 06 09  1614   56087  58440     7.07e-08    1.28e-06
2012 06 09  1615   56087  58500     6.88e-08    1.33e-06
2012 06 09  1616   56087  58560     5.85e-08    1.30e-06
2012 06 09  1617   56087  58620     5.14e-08    1.26e-06
2012 06 09  1618   56087  58680     4.71e-08    1.21e-06
2012 06 09  1619   56087  58740     5.13e-08    1.22e-06
2012 06 09  1620   56087  58800     5.84e-08    1.27e-06
2012 06 09  1621   56087  58860     4.88e-08    1.23e-06
2012 06 09  1622   56087  58920     4.30e-08    1.17e-06
2012 06 09  1623   56087  58980     3.92e-08    1.12e-06
2012 06 09  1624   56087  59040     3.46e-08    1.07e-06
2012 06 09  1625   56087  59100     2.82e-08    1.02e-06
2012 06 09  1626   56087  59160     2.40e-08    9.78e-07
2012 06 09  1627   56087  59220     1.97e-08    9.46e-07
2012 06 09  1628   56087  59280     1.87e-08    9.04e-07
2012 06 09  1629   56087  59340     1.46e-08    8.83e-07
2012 06 09  1630   56087  59400     1.71e-08    8.79e-07
2012 06 09  1631   56087  59460     1.71e-08    8.67e-07
2012 06 09  1632   56087  59520     1.94e-08    8.58e-07
2012 06 09  1633   56087  59580     1.82e-08    8.50e-07
2012 06 09  1634   56087  59640     1.77e-08    8.38e-07
2012 06 09  1635   56087  59700     1.42e-08    8.26e-07
2012 06 09  1636   56087  59760     1.22e-08    8.14e-07
2012 06 09  1637   56087  59820     1.01e-08    8.03e-07
2012 06 09  1638   56087  59880     9.07e-09    7.94e-07
2012 06 09  1639   56087  59940     8.60e-09    7.87e-07
2012 06 09  1640   56087  60000     8.10e-09    7.83e-07
2012 06 09  1641   56087  60060     7.56e-09    7.79e-07
2012 06 09  1642   56087  60120     9.07e-09    7.74e-07
2012 06 09  1643   56087  60180     1.26e-08    7.85e-07
2012 06 09  1644   56087  60240     1.87e-08    8.29e-07
2012 06 09  1645   56087  60300     2.74e-08    9.15e-07
2012 06 09  1646   56087  60360     3.50e-08    9.94e-07
2012 06 09  1647   56087  60420     4.27e-08    1.09e-06
2012 06 09  1648   56087  60480     1.28e-07    1.60e-06
2012 06 09  1649   56087  60540     1.23e-06    5.30e-06
2012 06 09  1650   56087  60600     3.06e-06    1.15e-05
2012 06 09  1651   56087  60660     3.59e-06    1.54e-05
2012 06 09  1652   56087  60720     4.33e-06    1.86e-05
2012 06 09  1653   56087  60780     4.16e-06    1.87e-05
2012 06 09  1654   56087  60840     3.05e-06    1.60e-05
2012 06 09  1655   56087  60900     1.97e-06    1.24e-05
2012 06 09  1656   56087  60960     1.28e-06    9.40e-06
2012 06 09  1657   56087  61020     8.43e-07    7.15e-06
2012 06 09  1658   56087  61080     5.97e-07    5.63e-06
2012 06 09  1659   56087  61140     4.71e-07    4.69e-06
2012 06 09  1700   56087  61200     3.52e-07    3.94e-06
2012 06 09  1701   56087  61260     2.46e-07    3.30e-06
2012 06 09  1702   56087  61320     1.66e-07    2.75e-06
2012 06 09  1703   56087  61380     1.16e-07    2.32e-06
2012 06 09  1704   56087  61440     8.16e-08    1.99e-06
2012 06 09  1705   56087  61500     5.92e-08    1.72e-06
2012 06 09  1706   56087  61560     4.64e-08    1.53e-06
2012 06 09  1707   56087  61620     3.97e-08    1.41e-06
2012 06 09  1708   56087  61680     3.67e-08    1.33e-06
2012 06 09  1709   56087  61740     3.53e-08    1.28e-06
2012 06 09  1710   56087  61800     3.53e-08    1.25e-06
2012 06 09  1711   56087  61860     3.71e-08    1.26e-06
2012 06 09  1712   56087  61920     4.01e-08    1.28e-06
2012 06 09  1713   56087  61980     4.00e-08    1.29e-06
2012 06 09  1714   56087  62040     4.04e-08    1.29e-06
2012 06 09  1715   56087  62100     4.06e-08    1.30e-06
2012 06 09  1716   56087  62160     3.94e-08    1.29e-06
2012 06 09  1717   56087  62220     3.79e-08    1.29e-06
2012 06 09  1718   56087  62280     3.70e-08    1.27e-06
2012 06 09  1719   56087  62340     3.57e-08    1.26e-06
2012 06 09  1720   56087  62400     3.48e-08    1.27e-06
2012 06 09  1721   56087  62460     3.73e-08    1.29e-06
2012 06 09  1722   56087  62520     4.11e-08    1.34e-06
2012 06 09  1723   56087  62580     4.91e-08    1.41e-06
2012 06 09  1724   56087  62640     5.59e-08    1.49e-06
2012 06 09  1725   56087  62700     5.67e-08    1.52e-06
2012 06 09  1726   56087  62760     6.05e-08    1.57e-06
2012 06 09  1727   56087  62820     6.57e-08    1.62e-06
2012 06 09  1728   56087  62880     6.53e-08    1.64e-06
2012 06 09  1729   56087  62940     6.74e-08    1.67e-06
2012 06 09  1730   56087  63000     6.96e-08    1.69e-06
2012 06 09  1731   56087  63060     6.89e-08    1.70e-06
2012 06 09  1732   56087  63120     7.00e-08    1.71e-06
2012 06 09  1733   56087  63180     7.68e-08    1.75e-06
2012 06 09  1734   56087  63240     1.07e-07    1.97e-06
2012 06 09  1735   56087  63300     1.12e-07    2.04e-06
2012 06 09  1736   56087  63360     1.17e-07    2.13e-06
2012 06 09  1737   56087  63420     1.10e-07    2.12e-06
2012 06 09  1738   56087  63480     1.03e-07    2.06e-06
2012 06 09  1739   56087  63540     9.28e-08    2.00e-06
2012 06 09  1740   56087  63600     8.91e-08    1.95e-06
2012 06 09  1741   56087  63660     8.96e-08    1.95e-06
2012 06 09  1742   56087  63720     8.75e-08    1.95e-06
2012 06 09  1743   56087  63780     8.31e-08    1.93e-06
2012 06 09  1744   56087  63840     8.40e-08    1.91e-06
2012 06 09  1745   56087  63900     8.11e-08    1.89e-06
2012 06 09  1746   56087  63960     7.33e-08    1.85e-06
2012 06 09  1747   56087  64020     6.75e-08    1.79e-06
2012 06 09  1748   56087  64080     6.32e-08    1.74e-06
2012 06 09  1749   56087  64140     6.03e-08    1.69e-06
2012 06 09  1750   56087  64200     5.81e-08    1.64e-06
2012 06 09  1751   56087  64260     5.13e-08    1.58e-06
2012 06 09  1752   56087  64320     4.43e-08    1.53e-06
2012 06 09  1753   56087  64380     4.21e-08    1.48e-06
2012 06 09  1754   56087  64440     4.09e-08    1.44e-06
2012 06 09  1755   56087  64500     4.08e-08    1.42e-06
2012 06 09  1756   56087  64560     4.03e-08    1.42e-06
2012 06 09  1757   56087  64620     4.11e-08    1.44e-06
2012 06 09  1758   56087  64680     3.83e-08    1.42e-06
2012 06 09  1759   56087  64740     5.58e-08    1.49e-06
2012 06 09  1800   56087  64800     5.70e-08    1.53e-06
2012 06 09  1801   56087  64860     5.14e-08    1.51e-06
2012 06 09  1802   56087  64920     5.11e-08    1.50e-06
2012 06 09  1803   56087  64980     4.63e-08    1.47e-06
2012 06 09  1804   56087  65040     4.46e-08    1.45e-06
2012 06 09  1805   56087  65100     4.51e-08    1.43e-06
2012 06 09  1806   56087  65160     4.29e-08    1.41e-06
2012 06 09  1807   56087  65220     3.61e-08    1.35e-06
2012 06 09  1808   56087  65280     3.08e-08    1.30e-06
2012 06 09  1809   56087  65340     2.79e-08    1.25e-06
2012 06 09  1810   56087  65400     2.48e-08    1.20e-06
2012 06 09  1811   56087  65460     2.31e-08    1.16e-06
2012 06 09  1812   56087  65520     2.11e-08    1.12e-06
2012 06 09  1813   56087  65580     2.12e-08    1.10e-06
2012 06 09  1814   56087  65640     1.86e-08    1.08e-06
2012 06 09  1815   56087  65700     1.74e-08    1.06e-06
2012 06 09  1816   56087  65760     1.76e-08    1.05e-06
2012 06 09  1817   56087  65820     1.83e-08    1.04e-06
2012 06 09  1818   56087  65880     1.70e-08    1.02e-06
2012 06 09  1819   56087  65940     1.57e-08    1.00e-06
2012 06 09  1820   56087  66000     1.62e-08    9.80e-07
2012 06 09  1821   56087  66060     1.65e-08    9.69e-07
2012 06 09  1822   56087  66120     1.49e-08    9.50e-07
2012 06 09  1823   56087  66180     1.30e-08    9.32e-07
2012 06 09  1824   56087  66240     1.03e-08    9.14e-07
2012 06 09  1825   56087  66300     1.03e-08    8.98e-07
2012 06 09  1826   56087  66360     8.44e-09    8.84e-07
2012 06 09  1827   56087  66420     1.06e-08    8.77e-07
2012 06 09  1828   56087  66480     1.28e-08    8.65e-07
2012 06 09  1829   56087  66540     1.40e-08    8.65e-07
2012 06 09  1830   56087  66600     1.42e-08    9.01e-07
2012 06 09  1831   56087  66660     3.02e-08    9.96e-07
2012 06 09  1832   56087  66720     4.92e-08    1.15e-06
2012 06 09  1833   56087  66780     5.52e-08    1.29e-06
2012 06 09  1834   56087  66840     4.48e-08    1.30e-06
2012 06 09  1835   56087  66900     3.17e-08    1.21e-06
2012 06 09  1836   56087  66960     1.98e-08    1.08e-06
2012 06 09  1837   56087  67020     1.65e-08    9.86e-07
2012 06 09  1838   56087  67080     1.40e-08    9.16e-07
2012 06 09  1839   56087  67140     1.39e-08    8.64e-07
2012 06 09  1840   56087  67200     1.35e-08    8.26e-07
2012 06 09  1841   56087  67260     1.03e-08    7.93e-07
2012 06 09  1842   56087  67320     9.40e-09    7.70e-07
2012 06 09  1843   56087  67380     1.17e-08    7.54e-07
2012 06 09  1844   56087  67440     7.75e-09    7.43e-07
2012 06 09  1845   56087  67500     6.79e-09    7.36e-07
2012 06 09  1846   56087  67560     5.54e-09    7.28e-07
2012 06 09  1847   56087  67620     4.83e-09    7.20e-07
2012 06 09  1848   56087  67680     5.21e-09    7.22e-07
2012 06 09  1849   56087  67740     1.02e-08    7.36e-07
2012 06 09  1850   56087  67800     1.06e-08    7.60e-07
2012 06 09  1851   56087  67860     1.06e-08    7.62e-07
2012 06 09  1852   56087  67920     9.52e-09    7.48e-07
2012 06 09  1853   56087  67980     9.63e-09    7.43e-07
2012 06 09  1854   56087  68040     9.52e-09    7.42e-07
2012 06 09  1855   56087  68100     1.02e-08    7.37e-07
2012 06 09  1856   56087  68160     1.07e-08    7.25e-07
2012 06 09  1857   56087  68220     1.26e-08    7.21e-07
2012 06 09  1858   56087  68280     9.21e-09    7.22e-07
2012 06 09  1859   56087  68340     9.56e-09    7.20e-07
2012 06 09  1900   56087  68400     1.05e-08    7.12e-07
2012 06 09  1901   56087  68460     8.79e-09    7.05e-07
2012 06 09  1902   56087  68520     9.29e-09    6.99e-07
2012 06 09  1903   56087  68580     1.00e-08    6.90e-07
2012 06 09  1904   56087  68640     7.17e-09    6.84e-07
2012 06 09  1905   56087  68700     7.94e-09    6.82e-07
2012 06 09  1906   56087  68760     8.29e-09    6.79e-07
2012 06 09  1907   56087  68820     8.79e-09    6.77e-07
2012 06 09  1908   56087  68880     8.56e-09    6.74e-07
2012 06 09  1909   56087  68940     7.52e-09    6.71e-07
2012 06 09  1910   56087  69000     7.14e-09    6.69e-07
2012 06 09  1911   56087  69060     1.05e-08    6.74e-07
2012 06 09  1912   56087  69120     1.17e-08    6.80e-07
2012 06 09  1913   56087  69180     1.07e-08    6.89e-07
2012 06 09  1914   56087  69240     1.28e-08    7.02e-07
2012 06 09  1915   56087  69300     1.37e-08    7.21e-07
2012 06 09  1916   56087  69360     1.47e-08    7.37e-07
2012 06 09  1917   56087  69420     1.68e-08    7.57e-07
2012 06 09  1918   56087  69480     1.49e-08    7.61e-07
2012 06 09  1919   56087  69540     1.60e-08    7.73e-07
2012 06 09  1920   56087  69600     1.73e-08    7.90e-07
2012 06 09  1921   56087  69660     1.80e-08    8.11e-07
2012 06 09  1922   56087  69720     2.21e-08    8.41e-07
2012 06 09  1923   56087  69780     2.74e-08    8.89e-07
2012 06 09  1924   56087  69840     3.12e-08    9.46e-07
2012 06 09  1925   56087  69900     3.73e-08    9.70e-07
2012 06 09  1926   56087  69960     3.87e-08    9.97e-07
2012 06 09  1927   56087  70020     3.66e-08    1.01e-06
2012 06 09  1928   56087  70080     3.69e-08    1.01e-06
2012 06 09  1929   56087  70140     3.56e-08    1.01e-06
2012 06 09  1930   56087  70200     3.32e-08    1.01e-06
2012 06 09  1931   56087  70260     2.93e-08    1.01e-06
2012 06 09  1932   56087  70320     3.11e-08    1.02e-06
2012 06 09  1933   56087  70380     2.87e-08    1.02e-06
2012 06 09  1934   56087  70440     2.88e-08    1.01e-06
2012 06 09  1935   56087  70500     2.72e-08    1.01e-06
2012 06 09  1936   56087  70560     2.71e-08    1.00e-06
2012 06 09  1937   56087  70620     2.62e-08    9.97e-07
2012 06 09  1938   56087  70680     2.51e-08    9.93e-07
2012 06 09  1939   56087  70740     2.45e-08    9.96e-07
2012 06 09  1940   56087  70800     2.29e-08    9.90e-07
2012 06 09  1941   56087  70860     2.11e-08    9.86e-07
2012 06 09  1942   56087  70920     1.81e-08    9.73e-07
2012 06 09  1943   56087  70980     1.80e-08    9.63e-07
2012 06 09  1944   56087  71040     1.88e-08    9.55e-07
2012 06 09  1945   56087  71100     1.95e-08    9.45e-07
2012 06 09  1946   56087  71160     1.85e-08    9.35e-07
2012 06 09  1947   56087  71220     1.82e-08    9.29e-07
2012 06 09  1948   56087  71280     1.91e-08    9.12e-07
2012 06 09  1949   56087  71340     1.86e-08    9.20e-07
2012 06 09  1950   56087  71400     2.03e-08    9.31e-07
2012 06 09  1951   56087  71460     2.05e-08    9.16e-07
2012 06 09  1952   56087  71520     1.78e-08    9.07e-07
2012 06 09  1953   56087  71580     1.87e-08    9.06e-07
2012 06 09  1954   56087  71640     1.59e-08    9.02e-07
2012 06 09  1955   56087  71700     2.03e-08    9.18e-07
2012 06 09  1956   56087  71760     2.70e-08    9.92e-07
2012 06 09  1957   56087  71820     3.21e-08    1.05e-06
2012 06 09  1958   56087  71880     4.10e-08    1.13e-06
2012 06 09  1959   56087  71940     5.45e-08    1.24e-06
2012 06 09  2000   56087  72000     6.67e-08    1.36e-06
2012 06 09  2001   56087  72060     8.59e-08    1.51e-06
2012 06 09  2002   56087  72120     1.19e-07    1.71e-06
2012 06 09  2003   56087  72180     1.44e-07    1.90e-06
2012 06 09  2004   56087  72240     1.60e-07    2.05e-06
2012 06 09  2005   56087  72300     1.48e-07    2.06e-06
2012 06 09  2006   56087  72360     1.31e-07    2.02e-06
2012 06 09  2007   56087  72420     1.16e-07    1.96e-06
2012 06 09  2008   56087  72480     1.03e-07    1.90e-06
2012 06 09  2009   56087  72540     9.16e-08    1.83e-06
2012 06 09  2010   56087  72600     7.83e-08    1.74e-06
2012 06 09  2011   56087  72660     6.75e-08    1.64e-06
2012 06 09  2012   56087  72720     6.20e-08    1.56e-06
2012 06 09  2013   56087  72780     5.18e-08    1.48e-06
2012 06 09  2014   56087  72840     4.61e-08    1.40e-06
2012 06 09  2015   56087  72900     4.11e-08    1.34e-06
2012 06 09  2016   56087  72960     3.74e-08    1.28e-06
2012 06 09  2017   56087  73020     3.46e-08    1.23e-06
2012 06 09  2018   56087  73080     3.21e-08    1.18e-06
2012 06 09  2019   56087  73140     2.93e-08    1.14e-06
2012 06 09  2020   56087  73200     2.89e-08    1.11e-06
2012 06 09  2021   56087  73260     2.59e-08    1.08e-06
2012 06 09  2022   56087  73320     2.54e-08    1.05e-06
2012 06 09  2023   56087  73380     2.56e-08    1.03e-06
2012 06 09  2024   56087  73440     2.36e-08    1.02e-06
2012 06 09  2025   56087  73500     2.14e-08    1.00e-06
2012 06 09  2026   56087  73560     2.14e-08    9.81e-07
2012 06 09  2027   56087  73620     2.05e-08    9.70e-07
2012 06 09  2028   56087  73680     2.20e-08    9.69e-07
2012 06 09  2029   56087  73740     2.86e-08    1.04e-06
2012 06 09  2030   56087  73800     3.63e-08    1.14e-06
2012 06 09  2031   56087  73860     2.60e-08    1.08e-06
2012 06 09  2032   56087  73920     2.65e-08    1.08e-06
2012 06 09  2033   56087  73980     2.48e-08    1.05e-06
2012 06 09  2034   56087  74040     2.66e-08    1.07e-06
2012 06 09  2035   56087  74100     3.32e-08    1.11e-06
2012 06 09  2036   56087  74160     3.15e-08    1.13e-06
2012 06 09  2037   56087  74220     3.22e-08    1.14e-06
2012 06 09  2038   56087  74280     3.50e-08    1.16e-06
2012 06 09  2039   56087  74340     3.64e-08    1.15e-06
2012 06 09  2040   56087  74400     3.37e-08    1.13e-06
2012 06 09  2041   56087  74460     3.21e-08    1.11e-06
2012 06 09  2042   56087  74520     3.23e-08    1.10e-06
2012 06 09  2043   56087  74580     3.18e-08    1.10e-06
2012 06 09  2044   56087  74640     2.91e-08    1.08e-06
2012 06 09  2045   56087  74700     2.61e-08    1.05e-06
2012 06 09  2046   56087  74760     2.35e-08    1.01e-06
2012 06 09  2047   56087  74820     2.03e-08    9.81e-07
2012 06 09  2048   56087  74880     1.78e-08    9.47e-07
2012 06 09  2049   56087  74940     1.72e-08    9.18e-07
2012 06 09  2050   56087  75000     1.65e-08    9.00e-07
2012 06 09  2051   56087  75060     1.46e-08    8.89e-07
2012 06 09  2052   56087  75120     1.35e-08    8.66e-07
2012 06 09  2053   56087  75180     1.26e-08    8.43e-07
2012 06 09  2054   56087  75240     1.20e-08    8.10e-07
2012 06 09  2055   56087  75300     1.13e-08    7.89e-07
2012 06 09  2056   56087  75360     1.20e-08    7.72e-07
2012 06 09  2057   56087  75420     1.32e-08    7.54e-07
2012 06 09  2058   56087  75480     1.23e-08    7.37e-07
2012 06 09  2059   56087  75540     1.04e-08    7.25e-07
2012 06 09  2100   56087  75600     9.40e-09    7.20e-07
2012 06 09  2101   56087  75660     1.01e-08    7.14e-07
2012 06 09  2102   56087  75720     1.20e-08    7.11e-07
2012 06 09  2103   56087  75780     1.09e-08    7.06e-07
2012 06 09  2104   56087  75840     8.59e-09    6.98e-07
2012 06 09  2105   56087  75900     9.40e-09    6.91e-07
2012 06 09  2106   56087  75960     8.87e-09    6.94e-07
2012 06 09  2107   56087  76020     1.08e-08    6.96e-07
2012 06 09  2108   56087  76080     8.77e-09    7.05e-07
2012 06 09  2109   56087  76140     8.52e-09    7.21e-07
2012 06 09  2110   56087  76200     1.02e-08    7.43e-07
2012 06 09  2111   56087  76260     1.23e-08    7.65e-07
2012 06 09  2112   56087  76320     1.62e-08    8.17e-07
2012 06 09  2113   56087  76380     2.08e-08    8.85e-07
2012 06 09  2114   56087  76440     3.12e-08    9.84e-07
2012 06 09  2115   56087  76500     4.81e-08    1.14e-06
2012 06 09  2116   56087  76560     5.16e-08    1.21e-06
2012 06 09  2117   56087  76620     4.61e-08    1.20e-06
2012 06 09  2118   56087  76680     3.99e-08    1.15e-06
2012 06 09  2119   56087  76740     3.63e-08    1.12e-06
2012 06 09  2120   56087  76800     3.43e-08    1.10e-06
2012 06 09  2121   56087  76860     3.07e-08    1.08e-06
2012 06 09  2122   56087  76920     3.21e-08    1.08e-06
2012 06 09  2123   56087  76980     3.14e-08    1.06e-06
2012 06 09  2124   56087  77040     2.55e-08    1.00e-06
2012 06 09  2125   56087  77100     2.45e-08    9.72e-07
2012 06 09  2126   56087  77160     2.16e-08    9.51e-07
2012 06 09  2127   56087  77220     2.07e-08    9.27e-07
2012 06 09  2128   56087  77280     2.26e-08    9.08e-07
2012 06 09  2129   56087  77340     1.84e-08    8.88e-07
2012 06 09  2130   56087  77400     1.82e-08    8.78e-07
2012 06 09  2131   56087  77460     1.69e-08    8.75e-07
2012 06 09  2132   56087  77520     1.52e-08    8.66e-07
2012 06 09  2133   56087  77580     1.35e-08    8.61e-07
2012 06 09  2134   56087  77640     1.30e-08    8.53e-07
2012 06 09  2135   56087  77700     1.43e-08    8.46e-07
2012 06 09  2136   56087  77760     1.30e-08    8.36e-07
2012 06 09  2137   56087  77820     1.26e-08    8.25e-07
2012 06 09  2138   56087  77880     1.13e-08    8.19e-07
2012 06 09  2139   56087  77940     1.02e-08    8.12e-07
2012 06 09  2140   56087  78000     9.52e-09    7.99e-07
2012 06 09  2141   56087  78060     9.33e-09    7.88e-07
2012 06 09  2142   56087  78120     8.06e-09    7.79e-07
2012 06 09  2143   56087  78180     9.75e-09    7.66e-07
2012 06 09  2144   56087  78240     1.01e-08    7.64e-07
2012 06 09  2145   56087  78300     1.20e-08    7.54e-07
2012 06 09  2146   56087  78360     1.25e-08    7.44e-07
2012 06 09  2147   56087  78420     9.52e-09    7.39e-07
2012 06 09  2148   56087  78480     9.29e-09    7.43e-07
2012 06 09  2149   56087  78540     8.79e-09    7.34e-07
2012 06 09  2150   56087  78600     7.75e-09    7.27e-07
2012 06 09  2151   56087  78660     7.81e-09    7.15e-07
2012 06 09  2152   56087  78720     9.40e-09    7.14e-07
2012 06 09  2153   56087  78780     9.48e-09    7.11e-07
2012 06 09  2154   56087  78840     7.67e-09    7.05e-07
2012 06 09  2155   56087  78900     8.07e-09    7.15e-07
2012 06 09  2156   56087  78960     8.79e-09    7.20e-07
2012 06 09  2157   56087  79020     9.86e-09    7.37e-07
2012 06 09  2158   56087  79080     9.51e-09    7.24e-07
2012 06 09  2159   56087  79140     8.40e-09    7.24e-07
2012 06 09  2200   56087  79200     9.02e-09    7.38e-07
2012 06 09  2201   56087  79260     1.14e-08    7.49e-07
2012 06 09  2202   56087  79320     1.26e-08    7.73e-07
2012 06 09  2203   56087  79380     1.41e-08    7.91e-07
2012 06 09  2204   56087  79440     1.31e-08    7.93e-07
2012 06 09  2205   56087  79500     1.16e-08    7.89e-07
2012 06 09  2206   56087  79560     1.11e-08    7.93e-07
2012 06 09  2207   56087  79620     1.32e-08    8.02e-07
2012 06 09  2208   56087  79680     1.96e-08    8.17e-07
2012 06 09  2209   56087  79740     2.09e-08    8.35e-07
2012 06 09  2210   56087  79800     1.82e-08    8.43e-07
2012 06 09  2211   56087  79860     2.10e-08    8.64e-07
2012 06 09  2212   56087  79920     2.41e-08    8.84e-07
2012 06 09  2213   56087  79980     2.58e-08    8.94e-07
2012 06 09  2214   56087  80040     2.54e-08    9.02e-07
2012 06 09  2215   56087  80100     2.71e-08    9.03e-07
2012 06 09  2216   56087  80160     2.32e-08    9.02e-07
2012 06 09  2217   56087  80220     2.19e-08    8.88e-07
2012 06 09  2218   56087  80280     2.03e-08    8.75e-07
2012 06 09  2219   56087  80340     1.95e-08    8.62e-07
2012 06 09  2220   56087  80400     1.86e-08    8.47e-07
2012 06 09  2221   56087  80460     1.68e-08    8.31e-07
2012 06 09  2222   56087  80520     1.54e-08    8.17e-07
2012 06 09  2223   56087  80580     1.59e-08    8.11e-07
2012 06 09  2224   56087  80640     1.27e-08    8.04e-07
2012 06 09  2225   56087  80700     9.89e-09    7.98e-07
2012 06 09  2226   56087  80760     9.98e-09    7.93e-07
2012 06 09  2227   56087  80820     1.04e-08    7.81e-07
2012 06 09  2228   56087  80880     1.12e-08    7.72e-07
2012 06 09  2229   56087  80940     1.24e-08    7.67e-07
2012 06 09  2230   56087  81000     1.17e-08    7.62e-07
2012 06 09  2231   56087  81060     1.00e-08    7.58e-07
2012 06 09  2232   56087  81120     9.89e-09    7.49e-07
2012 06 09  2233   56087  81180     1.04e-08    7.44e-07
2012 06 09  2234   56087  81240     1.17e-08    7.44e-07
2012 06 09  2235   56087  81300     1.20e-08    7.40e-07
2012 06 09  2236   56087  81360     9.90e-09    7.35e-07
2012 06 09  2237   56087  81420     1.01e-08    7.24e-07
2012 06 09  2238   56087  81480     1.02e-08    7.15e-07
2012 06 09  2239   56087  81540     7.03e-09    7.03e-07
2012 06 09  2240   56087  81600     7.17e-09    6.97e-07
2012 06 09  2241   56087  81660     6.33e-09    6.87e-07
2012 06 09  2242   56087  81720     6.95e-09    6.79e-07
2012 06 09  2243   56087  81780     7.10e-09    6.75e-07
2012 06 09  2244   56087  81840     6.71e-09    6.70e-07
2012 06 09  2245   56087  81900     6.54e-09    6.65e-07
2012 06 09  2246   56087  81960     6.41e-09    6.67e-07
2012 06 09  2247   56087  82020     6.44e-09    6.66e-07
2012 06 09  2248   56087  82080     7.33e-09    6.60e-07
2012 06 09  2249   56087  82140     5.32e-09    6.60e-07
2012 06 09  2250   56087  82200     6.33e-09    6.81e-07
2012 06 09  2251   56087  82260     1.14e-08    7.37e-07
2012 06 09  2252   56087  82320     1.42e-08    7.63e-07
2012 06 09  2253   56087  82380     1.29e-08    7.51e-07
2012 06 09  2254   56087  82440     1.32e-08    7.37e-07
2012 06 09  2255   56087  82500     1.09e-08    7.17e-07
2012 06 09  2256   56087  82560     8.10e-09    6.94e-07
2012 06 09  2257   56087  82620     8.90e-09    6.75e-07
2012 06 09  2258   56087  82680     8.40e-09    6.59e-07
2012 06 09  2259   56087  82740     7.25e-09    6.53e-07
2012 06 09  2300   56087  82800     6.75e-09    6.43e-07
2012 06 09  2301   56087  82860     4.37e-09    6.39e-07
2012 06 09  2302   56087  82920     3.57e-09    6.30e-07
2012 06 09  2303   56087  82980     4.29e-09    6.27e-07
2012 06 09  2304   56087  83040     4.37e-09    6.24e-07
2012 06 09  2305   56087  83100     4.59e-09    6.25e-07
2012 06 09  2306   56087  83160     6.75e-09    6.23e-07
2012 06 09  2307   56087  83220     5.68e-09    6.22e-07
2012 06 09  2308   56087  83280     6.10e-09    6.15e-07
2012 06 09  2309   56087  83340     5.80e-09    6.16e-07
2012 06 09  2310   56087  83400     6.21e-09    6.18e-07
2012 06 09  2311   56087  83460     7.67e-09    6.17e-07
2012 06 09  2312   56087  83520     7.77e-09    6.25e-07
2012 06 09  2313   56087  83580     2.26e-08    7.41e-07
2012 06 09  2314   56087  83640     2.72e-08    8.79e-07
2012 06 09  2315   56087  83700     9.06e-09    6.90e-07
2012 06 09  2316   56087  83760     7.88e-09    6.25e-07
2012 06 09  2317   56087  83820     6.60e-09    6.12e-07
2012 06 09  2318   56087  83880     6.52e-09    6.06e-07
2012 06 09  2319   56087  83940     6.84e-09    5.97e-07
2012 06 09  2320   56087  84000     5.25e-09    5.92e-07
2012 06 09  2321   56087  84060     5.71e-09    5.92e-07
2012 06 09  2322   56087  84120     5.73e-09    5.85e-07
2012 06 09  2323   56087  84180     3.22e-09    5.83e-07
2012 06 09  2324   56087  84240     3.87e-09    5.75e-07
2012 06 09  2325   56087  84300     3.60e-09    5.76e-07
2012 06 09  2326   56087  84360     2.49e-09    5.70e-07
2012 06 09  2327   56087  84420     3.60e-09    5.69e-07
2012 06 09  2328   56087  84480     6.64e-09    5.71e-07
2012 06 09  2329   56087  84540     5.76e-09    5.72e-07
2012 06 09  2330   56087  84600     4.18e-09    5.73e-07
2012 06 09  2331   56087  84660     6.10e-09    5.79e-07
2012 06 09  2332   56087  84720     4.02e-09    5.74e-07
2012 06 09  2333   56087  84780     3.87e-09    5.64e-07
2012 06 09  2334   56087  84840     2.23e-09    5.53e-07
2012 06 09  2335   56087  84900     2.52e-09    5.46e-07
2012 06 09  2336   56087  84960     5.35e-09    5.43e-07
2012 06 09  2337   56087  85020     3.68e-09    5.37e-07
2012 06 09  2338   56087  85080     1.47e-09    5.33e-07
2012 06 09  2339   56087  85140     2.18e-09    5.33e-07
2012 06 09  2340   56087  85200     3.25e-09    5.40e-07
2012 06 09  2341   56087  85260     1.20e-09    5.40e-07
2012 06 09  2342   56087  85320     1.66e-09    5.39e-07
2012 06 09  2343   56087  85380     1.43e-09    5.40e-07
2012 06 09  2344   56087  85440     1.70e-09    5.37e-07
2012 06 09  2345   56087  85500     3.45e-09    5.38e-07
2012 06 09  2346   56087  85560     5.35e-09    5.41e-07
2012 06 09  2347   56087  85620     3.68e-09    5.42e-07
2012 06 09  2348   56087  85680     4.56e-09    5.46e-07
2012 06 09  2349   56087  85740     5.17e-09    5.51e-07
2012 06 09  2350   56087  85800     6.14e-09    5.53e-07
2012 06 09  2351   56087  85860     6.29e-09    5.49e-07
2012 06 09  2352   56087  85920     5.48e-09    5.50e-07
2012 06 09  2353   56087  85980     3.94e-09    5.48e-07
2012 06 09  2354   56087  86040     3.68e-09    5.45e-07
2012 06 09  2355   56087  86100     3.91e-09    5.44e-07
2012 06 09  2356   56087  86160     2.28e-09    5.48e-07
2012 06 09  2357   56087  86220     5.71e-09    5.64e-07
2012 06 09  2358   56087  86280     1.15e-08    5.96e-07
2012 06 09  2359   56087  86340     1.62e-08    6.49e-07
